id,station_id,status,available_bike_count,available_dock_count,created_at,station_summary_id
22806598,239,Active,17,2,2014-11-04 20:40:06.54994,69103
22806599,240,Active,48,10,2014-11-04 20:40:06.555189,69103
22806600,241,Active,5,34,2014-11-04 20:40:06.559844,69103
22806601,242,Active,30,2,2014-11-04 20:40:06.56738,69103
22806602,243,Active,12,19,2014-11-04 20:40:06.572259,69103
22806603,244,Active,2,54,2014-11-04 20:40:06.577228,69103
22806604,245,Active,38,18,2014-11-04 20:40:06.582178,69103
22806605,246,Active,4,29,2014-11-04 20:40:06.587014,69103
22806606,247,Active,3,26,2014-11-04 20:40:06.591846,69103
22806607,248,Active,28,11,2014-11-04 20:40:06.596656,69103
22806608,249,Active,3,37,2014-11-04 20:40:06.601525,69103
22806609,250,Active,36,8,2014-11-04 20:40:06.606558,69103
22806610,251,Active,28,5,2014-11-04 20:40:06.611493,69103
22806611,252,Active,10,33,2014-11-04 20:40:06.61633,69103
22806612,253,Active,22,35,2014-11-04 20:40:06.621348,69103
22806613,254,Active,2,24,2014-11-04 20:40:06.626262,69103
22806614,255,Active,10,18,2014-11-04 20:40:06.631076,69103
22806615,256,Active,0,24,2014-11-04 20:40:06.636267,69103
22806616,257,Active,0,24,2014-11-04 20:40:06.641081,69103
22806617,258,Active,7,31,2014-11-04 20:40:06.646011,69103
22806618,259,Active,12,22,2014-11-04 20:40:06.65194,69103
22806619,260,Active,25,18,2014-11-04 20:40:06.657153,69103
22806620,261,Active,11,27,2014-11-04 20:40:06.662169,69103
22806621,262,Active,22,14,2014-11-04 20:40:06.667201,69103
22806622,263,Active,4,30,2014-11-04 20:40:06.672156,69103
22806623,264,Active,5,36,2014-11-04 20:40:06.677056,69103
22806624,265,Active,22,11,2014-11-04 20:40:06.682027,69103
22806625,266,Active,19,40,2014-11-04 20:40:06.688772,69103
22806626,267,Active,50,3,2014-11-04 20:40:06.693638,69103
22806627,268,Active,30,19,2014-11-04 20:40:06.698659,69103
22806628,269,Active,23,10,2014-11-04 20:40:06.703901,69103
22806629,270,Active,14,19,2014-11-04 20:40:06.708794,69103
22806630,271,Active,2,23,2014-11-04 20:40:06.71373,69103
22806631,272,Active,34,11,2014-11-04 20:40:06.718964,69103
22806632,273,Active,45,13,2014-11-04 20:40:06.724033,69103
22806633,274,Active,1,24,2014-11-04 20:40:06.728985,69103
22806634,275,Active,21,14,2014-11-04 20:40:06.73385,69103
22806635,276,Active,30,17,2014-11-04 20:40:06.738714,69103
22806636,277,Active,5,37,2014-11-04 20:40:06.744136,69103
22806637,330,Active,2,28,2014-11-04 20:40:06.749218,69103
22806638,278,Active,15,10,2014-11-04 20:40:06.754486,69103
22806639,279,Active,10,32,2014-11-04 20:40:06.783148,69103
22806640,280,Active,12,23,2014-11-04 20:40:06.79168,69103
22806641,281,Active,0,47,2014-11-04 20:40:06.796765,69103
22806642,282,Active,2,21,2014-11-04 20:40:06.801764,69103
22806643,283,Active,1,31,2014-11-04 20:40:06.806481,69103
22806644,284,Active,40,11,2014-11-04 20:40:06.811619,69103
22806645,285,Active,3,29,2014-11-04 20:40:06.816877,69103
22806646,286,Active,2,23,2014-11-04 20:40:06.821665,69103
22806647,287,Active,2,23,2014-11-04 20:40:06.826649,69103
22806648,288,Active,16,33,2014-11-04 20:40:06.831664,69103
22806649,289,Active,9,22,2014-11-04 20:40:06.83676,69103
22806650,290,Active,15,14,2014-11-04 20:40:06.841642,69103
22806651,291,Active,9,43,2014-11-04 20:40:06.846649,69103
22806652,292,Active,24,13,2014-11-04 20:40:06.851673,69103
22806653,293,Active,8,50,2014-11-04 20:40:06.856679,69103
22806654,294,Active,21,18,2014-11-04 20:40:06.861562,69103
22806655,295,Active,1,66,2014-11-04 20:40:06.867248,69103
22806656,296,Active,50,0,2014-11-04 20:40:06.8732,69103
22806657,297,Active,11,34,2014-11-04 20:40:06.878149,69103
22806658,298,Active,31,26,2014-11-04 20:40:06.884192,69103
22806659,299,Active,2,35,2014-11-04 20:40:06.890152,69103
22806660,300,Active,12,26,2014-11-04 20:40:06.895194,69103
22806661,301,Inactive,0,31,2014-11-04 20:40:06.900314,69103
22806662,302,Active,0,36,2014-11-04 20:40:06.905685,69103
22806663,303,Active,6,35,2014-11-04 20:40:06.910595,69103
22806664,304,Active,4,32,2014-11-04 20:40:06.915534,69103
22806665,305,Active,1,34,2014-11-04 20:40:06.920463,69103
22806666,306,Active,5,35,2014-11-04 20:40:06.925545,69103
22806667,307,Active,7,42,2014-11-04 20:40:06.930664,69103
22806668,308,Active,18,9,2014-11-04 20:40:06.936385,69103
22806669,309,Active,4,25,2014-11-04 20:40:06.941865,69103
22806670,310,Active,9,26,2014-11-04 20:40:06.946973,69103
22806671,311,Inactive,0,11,2014-11-04 20:40:06.952001,69103
22806672,312,Active,26,2,2014-11-04 20:40:06.957092,69103
22806673,313,Active,18,20,2014-11-04 20:40:06.96206,69103
22806674,314,Active,9,7,2014-11-04 20:40:06.96703,69103
22806675,315,Active,19,18,2014-11-04 20:40:06.97211,69103
22806676,316,Active,19,8,2014-11-04 20:40:06.977723,69103
22806677,317,Active,12,1,2014-11-04 20:40:06.982893,69103
22806678,318,Active,10,14,2014-11-04 20:40:06.988031,69103
22806679,319,Inactive,0,0,2014-11-04 20:40:06.993415,69103
22806680,320,Active,22,14,2014-11-04 20:40:06.9988,69103
22806681,321,Active,6,3,2014-11-04 20:40:07.003847,69103
22806682,322,Active,37,9,2014-11-04 20:40:07.009216,69103
22806683,332,Active,0,23,2014-11-04 20:40:07.014259,69103
22806684,327,Active,9,25,2014-11-04 20:40:07.019741,69103
22806685,328,Active,20,18,2014-11-04 20:40:07.027409,69103
22806686,331,Active,0,33,2014-11-04 20:40:07.033003,69103
22806687,323,Active,0,37,2014-11-04 20:40:07.038458,69103
22806688,324,Active,7,35,2014-11-04 20:40:07.043611,69103
22806689,329,Active,23,8,2014-11-04 20:40:07.048805,69103
22806690,325,Active,25,7,2014-11-04 20:40:07.053739,69103
22806691,326,Active,1,22,2014-11-04 20:40:07.058862,69103
22806692,1,Active,4,32,2014-11-04 20:50:04.838793,69104
22806693,2,Active,9,21,2014-11-04 20:50:04.850527,69104
22806694,3,Active,0,25,2014-11-04 20:50:04.854974,69104
22806695,4,Active,9,51,2014-11-04 20:50:04.859471,69104
22806696,5,Active,18,14,2014-11-04 20:50:04.863726,69104
22806697,6,Active,2,16,2014-11-04 20:50:04.868005,69104
22806698,7,Active,0,17,2014-11-04 20:50:04.872542,69104
22806699,8,Active,4,24,2014-11-04 20:50:04.877557,69104
22806700,9,Active,26,4,2014-11-04 20:50:04.881586,69104
22806701,10,Active,12,34,2014-11-04 20:50:04.885756,69104
22806702,11,Active,0,22,2014-11-04 20:50:04.889722,69104
22806703,12,Active,3,16,2014-11-04 20:50:04.893856,69104
22806704,13,Active,20,19,2014-11-04 20:50:04.897949,69104
22806705,14,Active,30,2,2014-11-04 20:50:04.902034,69104
22806706,15,Active,0,30,2014-11-04 20:50:04.909465,69104
22806707,16,Active,11,16,2014-11-04 20:50:04.91411,69104
22806708,17,Active,24,2,2014-11-04 20:50:04.919852,69104
22806709,18,Active,15,34,2014-11-04 20:50:04.925267,69104
22806710,19,Active,3,19,2014-11-04 20:50:04.929479,69104
22806711,20,Active,2,23,2014-11-04 20:50:04.934261,69104
22806712,21,Active,28,6,2014-11-04 20:50:04.939213,69104
22806713,22,Active,29,11,2014-11-04 20:50:04.945567,69104
22806714,23,Active,19,24,2014-11-04 20:50:04.949848,69104
22806715,24,Active,33,12,2014-11-04 20:50:04.953785,69104
22806716,25,Active,32,10,2014-11-04 20:50:04.957825,69104
22806717,26,Active,5,24,2014-11-04 20:50:04.962194,69104
22806718,27,Active,16,28,2014-11-04 20:50:04.966625,69104
22806719,28,Active,21,5,2014-11-04 20:50:04.971099,69104
22806720,29,Active,0,22,2014-11-04 20:50:04.975292,69104
22806721,30,Active,33,4,2014-11-04 20:50:04.979429,69104
22806722,31,Active,5,30,2014-11-04 20:50:04.983982,69104
22806723,32,Active,8,24,2014-11-04 20:50:04.98842,69104
22806724,33,Active,8,22,2014-11-04 20:50:04.992552,69104
22806725,34,Active,30,4,2014-11-04 20:50:04.99691,69104
22806726,35,Active,44,9,2014-11-04 20:50:05.003827,69104
22806727,36,Active,23,3,2014-11-04 20:50:05.007988,69104
22806728,37,Active,0,22,2014-11-04 20:50:05.017633,69104
22806729,38,Active,0,38,2014-11-04 20:50:05.022028,69104
22806730,39,Active,2,35,2014-11-04 20:50:05.030505,69104
22806731,40,Active,5,33,2014-11-04 20:50:05.034811,69104
22806732,41,Active,7,24,2014-11-04 20:50:05.039133,69104
22806733,42,Active,12,18,2014-11-04 20:50:05.043631,69104
22806734,43,Active,0,21,2014-11-04 20:50:05.047928,69104
22806735,44,Active,5,16,2014-11-04 20:50:05.053325,69104
22806736,45,Active,19,11,2014-11-04 20:50:05.057336,69104
22806737,46,Active,0,29,2014-11-04 20:50:05.061743,69104
22806738,47,Active,13,10,2014-11-04 20:50:05.068859,69104
22806739,48,Active,12,5,2014-11-04 20:50:05.072973,69104
22806740,49,Active,17,5,2014-11-04 20:50:05.077716,69104
22806741,50,Active,19,7,2014-11-04 20:50:05.082361,69104
22806742,51,Active,10,27,2014-11-04 20:50:05.086426,69104
22806743,52,Active,13,13,2014-11-04 20:50:05.090467,69104
22806744,53,Active,20,11,2014-11-04 20:50:05.094671,69104
22806745,54,Inactive,0,3,2014-11-04 20:50:05.098872,69104
22806746,55,Active,3,26,2014-11-04 20:50:05.105039,69104
22806747,56,Active,34,2,2014-11-04 20:50:05.132249,69104
22806748,57,Active,2,20,2014-11-04 20:50:05.138343,69104
22806749,58,Active,5,31,2014-11-04 20:50:05.143464,69104
22806750,59,Active,35,0,2014-11-04 20:50:05.148304,69104
22806751,60,Active,3,23,2014-11-04 20:50:05.153147,69104
22806752,61,Active,3,18,2014-11-04 20:50:05.15798,69104
22806753,62,Active,8,21,2014-11-04 20:50:05.163239,69104
22806754,63,Active,23,2,2014-11-04 20:50:05.168799,69104
22806755,64,Active,1,34,2014-11-04 20:50:05.173633,69104
22806756,65,Active,1,23,2014-11-04 20:50:05.178681,69104
22806757,66,Active,2,53,2014-11-04 20:50:05.184144,69104
22806758,67,Active,23,2,2014-11-04 20:50:05.189064,69104
22806759,68,Active,3,17,2014-11-04 20:50:05.19507,69104
22806760,69,Active,1,26,2014-11-04 20:50:05.201445,69104
22806761,70,Active,0,29,2014-11-04 20:50:05.209564,69104
22806762,71,Active,0,18,2014-11-04 20:50:05.21442,69104
22806763,72,Active,11,11,2014-11-04 20:50:05.219378,69104
22806764,73,Active,0,18,2014-11-04 20:50:05.224379,69104
22806765,74,Active,20,15,2014-11-04 20:50:05.229044,69104
22806766,75,Active,16,13,2014-11-04 20:50:05.234409,69104
22806767,76,Active,51,7,2014-11-04 20:50:05.239129,69104
22806768,77,Active,2,25,2014-11-04 20:50:05.244022,69104
22806769,78,Active,11,30,2014-11-04 20:50:05.248939,69104
22806770,79,Active,23,19,2014-11-04 20:50:05.254122,69104
22806771,80,Active,1,17,2014-11-04 20:50:05.259428,69104
22806772,81,Active,3,26,2014-11-04 20:50:05.264593,69104
22806773,82,Active,1,19,2014-11-04 20:50:05.269357,69104
22806774,83,Active,45,7,2014-11-04 20:50:05.274327,69104
22806775,84,Active,14,13,2014-11-04 20:50:05.279423,69104
22806776,85,Active,1,23,2014-11-04 20:50:05.284308,69104
22806777,86,Active,6,29,2014-11-04 20:50:05.289208,69104
22806778,87,Active,12,13,2014-11-04 20:50:05.295403,69104
22806779,88,Active,4,31,2014-11-04 20:50:05.300413,69104
22806780,89,Active,33,20,2014-11-04 20:50:05.305416,69104
22806781,90,Active,2,12,2014-11-04 20:50:05.310101,69104
22806782,91,Active,3,20,2014-11-04 20:50:05.315255,69104
22806783,92,Active,30,0,2014-11-04 20:50:05.321705,69104
22806784,93,Active,26,9,2014-11-04 20:50:05.326878,69104
22806785,94,Active,24,9,2014-11-04 20:50:05.332003,69104
22806786,95,Active,27,8,2014-11-04 20:50:05.336983,69104
22806787,96,Active,6,25,2014-11-04 20:50:05.341829,69104
22806788,97,Active,3,23,2014-11-04 20:50:05.346689,69104
22806789,98,Active,33,8,2014-11-04 20:50:05.351764,69104
22806790,99,Active,1,34,2014-11-04 20:50:05.35691,69104
22806791,100,Active,4,25,2014-11-04 20:50:05.361776,69104
22806792,101,Active,3,26,2014-11-04 20:50:05.366635,69104
22806793,102,Active,10,10,2014-11-04 20:50:05.372687,69104
22806794,103,Active,7,31,2014-11-04 20:50:05.378197,69104
22806795,104,Active,22,6,2014-11-04 20:50:05.383392,69104
22806796,105,Active,23,20,2014-11-04 20:50:05.388887,69104
22806797,106,Active,2,25,2014-11-04 20:50:05.39433,69104
22806798,107,Active,3,26,2014-11-04 20:50:05.399374,69104
22806799,108,Inactive,0,3,2014-11-04 20:50:05.404439,69104
22806800,109,Inactive,0,5,2014-11-04 20:50:05.409512,69104
22806801,110,Active,0,25,2014-11-04 20:50:05.41469,69104
22806802,111,Active,0,31,2014-11-04 20:50:05.418989,69104
22806803,112,Active,20,16,2014-11-04 20:50:05.445841,69104
22806804,113,Active,20,30,2014-11-04 20:50:05.451592,69104
22806805,114,Active,9,26,2014-11-04 20:50:05.457436,69104
22806806,115,Active,1,25,2014-11-04 20:50:05.462585,69104
22806807,116,Active,17,19,2014-11-04 20:50:05.468076,69104
22806808,117,Active,11,11,2014-11-04 20:50:05.473374,69104
22806809,118,Active,2,26,2014-11-04 20:50:05.478388,69104
22806810,119,Active,22,16,2014-11-04 20:50:05.483177,69104
22806811,120,Active,0,26,2014-11-04 20:50:05.488049,69104
22806812,121,Active,5,19,2014-11-04 20:50:05.493016,69104
22806813,122,Active,2,27,2014-11-04 20:50:05.497753,69104
22806814,123,Active,19,7,2014-11-04 20:50:05.503462,69104
22806815,124,Active,25,9,2014-11-04 20:50:05.508164,69104
22806816,125,Active,9,28,2014-11-04 20:50:05.513209,69104
22806817,126,Active,1,22,2014-11-04 20:50:05.517995,69104
22806818,127,Active,1,24,2014-11-04 20:50:05.523033,69104
22806819,128,Active,1,17,2014-11-04 20:50:05.528073,69104
22806820,129,Active,0,29,2014-11-04 20:50:05.5331,69104
22806821,130,Active,12,11,2014-11-04 20:50:05.538134,69104
22806822,131,Active,7,15,2014-11-04 20:50:05.542921,69104
22806823,132,Active,26,8,2014-11-04 20:50:05.547594,69104
22806824,133,Active,7,18,2014-11-04 20:50:05.552662,69104
22806825,134,Active,19,15,2014-11-04 20:50:05.55783,69104
22806826,135,Active,36,2,2014-11-04 20:50:05.562669,69104
22806827,136,Active,3,18,2014-11-04 20:50:05.568063,69104
22806828,137,Active,4,23,2014-11-04 20:50:05.573597,69104
22806829,138,Active,35,3,2014-11-04 20:50:05.578318,69104
22806830,139,Active,31,5,2014-11-04 20:50:05.583352,69104
22806831,140,Active,2,23,2014-11-04 20:50:05.588261,69104
22806832,141,Active,0,30,2014-11-04 20:50:05.593136,69104
22806833,142,Active,25,15,2014-11-04 20:50:05.598023,69104
22806834,143,Active,2,21,2014-11-04 20:50:05.602915,69104
22806835,144,Active,9,16,2014-11-04 20:50:05.607538,69104
22806836,145,Active,27,8,2014-11-04 20:50:05.612443,69104
22806837,146,Active,40,14,2014-11-04 20:50:05.617242,69104
22806838,147,Active,35,4,2014-11-04 20:50:05.62226,69104
22806839,148,Active,2,41,2014-11-04 20:50:05.627015,69104
22806840,149,Active,9,46,2014-11-04 20:50:05.632028,69104
22806841,150,Active,3,44,2014-11-04 20:50:05.636859,69104
22806842,151,Active,2,23,2014-11-04 20:50:05.641689,69104
22806843,152,Active,3,26,2014-11-04 20:50:05.64643,69104
22806844,153,Active,14,19,2014-11-04 20:50:05.651119,69104
22806845,154,Active,29,4,2014-11-04 20:50:05.656204,69104
22806846,155,Active,8,26,2014-11-04 20:50:05.661088,69104
22806847,156,Active,15,17,2014-11-04 20:50:05.666027,69104
22806848,157,Active,3,23,2014-11-04 20:50:05.671625,69104
22806849,158,Active,7,11,2014-11-04 20:50:05.676565,69104
22806850,159,Active,23,5,2014-11-04 20:50:05.685561,69104
22806851,160,Active,4,39,2014-11-04 20:50:05.691322,69104
22806852,161,Active,46,0,2014-11-04 20:50:05.696306,69104
22806853,162,Active,1,39,2014-11-04 20:50:05.701371,69104
22806854,163,Active,15,23,2014-11-04 20:50:05.706969,69104
22806855,164,Active,22,10,2014-11-04 20:50:05.712061,69104
22806856,165,Active,18,20,2014-11-04 20:50:05.717289,69104
22806857,166,Active,6,24,2014-11-04 20:50:05.722822,69104
22806858,167,Active,6,21,2014-11-04 20:50:05.727987,69104
22806859,168,Active,16,25,2014-11-04 20:50:05.754013,69104
22806860,169,Active,10,26,2014-11-04 20:50:05.760278,69104
22806861,170,Active,20,6,2014-11-04 20:50:05.765171,69104
22806862,171,Active,1,26,2014-11-04 20:50:05.770613,69104
22806863,172,Active,17,14,2014-11-04 20:50:05.775757,69104
22806864,173,Active,3,28,2014-11-04 20:50:05.781783,69104
22806865,174,Active,22,8,2014-11-04 20:50:05.787021,69104
22806866,175,Active,3,27,2014-11-04 20:50:05.792151,69104
22806867,176,Active,8,23,2014-11-04 20:50:05.79716,69104
22806868,177,Active,7,23,2014-11-04 20:50:05.802313,69104
22806869,178,Active,0,23,2014-11-04 20:50:05.807273,69104
22806870,179,Active,0,27,2014-11-04 20:50:05.812286,69104
22806871,180,Active,0,31,2014-11-04 20:50:05.817586,69104
22806872,181,Active,1,26,2014-11-04 20:50:05.822588,69104
22806873,182,Active,0,14,2014-11-04 20:50:05.82752,69104
22806874,183,Active,2,37,2014-11-04 20:50:05.832549,69104
22806875,184,Active,18,20,2014-11-04 20:50:05.837384,69104
22806876,185,Active,3,26,2014-11-04 20:50:05.842344,69104
22806877,186,Active,35,3,2014-11-04 20:50:05.847889,69104
22806878,187,Active,11,29,2014-11-04 20:50:05.85286,69104
22806879,188,Active,2,32,2014-11-04 20:50:05.857852,69104
22806880,189,Active,0,42,2014-11-04 20:50:05.86261,69104
22806881,190,Active,1,22,2014-11-04 20:50:05.867617,69104
22806882,191,Active,0,19,2014-11-04 20:50:05.872478,69104
22806883,192,Active,2,32,2014-11-04 20:50:05.877306,69104
22806884,193,Active,3,19,2014-11-04 20:50:05.882382,69104
22806885,194,Active,4,23,2014-11-04 20:50:05.887363,69104
22806886,195,Active,18,6,2014-11-04 20:50:05.892667,69104
22806887,196,Active,26,11,2014-11-04 20:50:05.897697,69104
22806888,197,Active,2,29,2014-11-04 20:50:05.902673,69104
22806889,198,Active,12,9,2014-11-04 20:50:05.907295,69104
22806890,199,Active,4,19,2014-11-04 20:50:05.91233,69104
22806891,200,Active,1,22,2014-11-04 20:50:05.917233,69104
22806892,201,Active,6,15,2014-11-04 20:50:05.922393,69104
22806893,202,Active,2,15,2014-11-04 20:50:05.92764,69104
22806894,203,Active,3,52,2014-11-04 20:50:05.932435,69104
22806895,204,Active,2,36,2014-11-04 20:50:05.941785,69104
22806896,205,Active,26,0,2014-11-04 20:50:05.946798,69104
22806897,206,Active,45,2,2014-11-04 20:50:05.951913,69104
22806898,207,Active,5,25,2014-11-04 20:50:05.956678,69104
22806899,208,Active,20,6,2014-11-04 20:50:05.961991,69104
22806900,209,Active,2,28,2014-11-04 20:50:05.967343,69104
22806901,210,Active,6,25,2014-11-04 20:50:05.972599,69104
22806902,211,Active,8,31,2014-11-04 20:50:05.977589,69104
22806903,212,Active,20,1,2014-11-04 20:50:05.982699,69104
22806904,213,Active,33,12,2014-11-04 20:50:05.987624,69104
22806905,214,Active,1,25,2014-11-04 20:50:05.992501,69104
22806906,215,Active,0,23,2014-11-04 20:50:05.99736,69104
22806907,216,Active,10,11,2014-11-04 20:50:06.002352,69104
22806908,217,Active,2,34,2014-11-04 20:50:06.007317,69104
22806909,218,Active,11,18,2014-11-04 20:50:06.012189,69104
22806910,219,Active,8,25,2014-11-04 20:50:06.017094,69104
22806911,220,Active,37,11,2014-11-04 20:50:06.022079,69104
22806912,221,Active,0,23,2014-11-04 20:50:06.027054,69104
22806913,222,Active,36,13,2014-11-04 20:50:06.032787,69104
22806914,223,Active,10,31,2014-11-04 20:50:06.038163,69104
22806915,224,Active,7,29,2014-11-04 20:50:06.064224,69104
22806916,225,Active,5,22,2014-11-04 20:50:06.070472,69104
22806917,226,Active,2,28,2014-11-04 20:50:06.077605,69104
22806918,227,Active,2,29,2014-11-04 20:50:06.082794,69104
22806919,228,Active,0,57,2014-11-04 20:50:06.087503,69104
22806920,229,Active,11,27,2014-11-04 20:50:06.092413,69104
22806921,230,Active,7,27,2014-11-04 20:50:06.097382,69104
22806922,231,Active,25,12,2014-11-04 20:50:06.102531,69104
22806923,232,Active,18,17,2014-11-04 20:50:06.10766,69104
22806924,233,Active,6,31,2014-11-04 20:50:06.112658,69104
22806925,234,Active,14,15,2014-11-04 20:50:06.11767,69104
22806926,235,Active,0,48,2014-11-04 20:50:06.122797,69104
22806927,236,Active,0,21,2014-11-04 20:50:06.127513,69104
22806928,237,Active,0,38,2014-11-04 20:50:06.132387,69104
22806929,238,Active,36,9,2014-11-04 20:50:06.137439,69104
22806930,239,Active,15,1,2014-11-04 20:50:06.142344,69104
22806931,240,Active,48,10,2014-11-04 20:50:06.147602,69104
22806932,241,Active,2,37,2014-11-04 20:50:06.152712,69104
22806933,242,Active,27,5,2014-11-04 20:50:06.158362,69104
22806934,243,Active,14,17,2014-11-04 20:50:06.163405,69104
22806935,244,Active,3,53,2014-11-04 20:50:06.168134,69104
22806936,245,Active,37,19,2014-11-04 20:50:06.173062,69104
22806937,246,Active,3,30,2014-11-04 20:50:06.178725,69104
22806938,247,Active,3,26,2014-11-04 20:50:06.184557,69104
22806939,248,Active,30,9,2014-11-04 20:50:06.189759,69104
22806940,249,Active,2,38,2014-11-04 20:50:06.194905,69104
22806941,250,Active,35,9,2014-11-04 20:50:06.199847,69104
22806942,251,Active,27,6,2014-11-04 20:50:06.205101,69104
22806943,252,Active,12,31,2014-11-04 20:50:06.210284,69104
22806944,253,Active,24,33,2014-11-04 20:50:06.215287,69104
22806945,254,Active,1,25,2014-11-04 20:50:06.220157,69104
22806946,255,Active,9,19,2014-11-04 20:50:06.226874,69104
22806947,256,Active,0,24,2014-11-04 20:50:06.233338,69104
22806948,257,Active,0,24,2014-11-04 20:50:06.238485,69104
22806949,258,Active,6,32,2014-11-04 20:50:06.243265,69104
22806950,259,Active,12,22,2014-11-04 20:50:06.248281,69104
22806951,260,Active,22,21,2014-11-04 20:50:06.253785,69104
22806952,261,Active,10,28,2014-11-04 20:50:06.258976,69104
22806953,262,Active,23,13,2014-11-04 20:50:06.264139,69104
22806954,263,Active,2,32,2014-11-04 20:50:06.269021,69104
22806955,264,Active,8,33,2014-11-04 20:50:06.275703,69104
22806956,265,Active,22,11,2014-11-04 20:50:06.281598,69104
22806957,266,Active,4,55,2014-11-04 20:50:06.286806,69104
22806958,267,Active,50,3,2014-11-04 20:50:06.292219,69104
22806959,268,Active,31,18,2014-11-04 20:50:06.297683,69104
22806960,269,Active,23,10,2014-11-04 20:50:06.30296,69104
22806961,270,Active,14,19,2014-11-04 20:50:06.30833,69104
22806962,271,Active,0,25,2014-11-04 20:50:06.317953,69104
22806963,272,Active,33,12,2014-11-04 20:50:06.323159,69104
22806964,273,Active,43,15,2014-11-04 20:50:06.328,69104
22806965,274,Active,2,23,2014-11-04 20:50:06.333085,69104
22806966,275,Active,22,13,2014-11-04 20:50:06.338371,69104
22806967,276,Active,29,17,2014-11-04 20:50:06.343718,69104
22806968,277,Active,5,37,2014-11-04 20:50:06.349184,69104
22806969,330,Active,1,29,2014-11-04 20:50:06.354474,69104
22806970,278,Active,15,10,2014-11-04 20:50:06.359016,69104
22806971,279,Active,9,33,2014-11-04 20:50:06.386412,69104
22806972,280,Active,13,22,2014-11-04 20:50:06.39499,69104
22806973,281,Active,0,47,2014-11-04 20:50:06.400155,69104
22806974,282,Active,3,20,2014-11-04 20:50:06.405107,69104
22806975,283,Active,1,31,2014-11-04 20:50:06.410146,69104
22806976,284,Active,40,11,2014-11-04 20:50:06.415545,69104
22806977,285,Active,6,26,2014-11-04 20:50:06.420574,69104
22806978,286,Active,2,23,2014-11-04 20:50:06.425384,69104
22806979,287,Active,2,23,2014-11-04 20:50:06.430351,69104
22806980,288,Active,13,36,2014-11-04 20:50:06.435234,69104
22806981,289,Active,9,22,2014-11-04 20:50:06.440176,69104
22806982,290,Active,15,14,2014-11-04 20:50:06.445046,69104
22806983,291,Active,8,44,2014-11-04 20:50:06.450082,69104
22806984,292,Active,22,15,2014-11-04 20:50:06.454906,69104
22806985,293,Active,5,53,2014-11-04 20:50:06.459813,69104
22806986,294,Active,21,18,2014-11-04 20:50:06.464866,69104
22806987,295,Active,6,61,2014-11-04 20:50:06.469716,69104
22806988,296,Active,50,0,2014-11-04 20:50:06.4748,69104
22806989,297,Active,14,31,2014-11-04 20:50:06.479786,69104
22806990,298,Active,28,29,2014-11-04 20:50:06.484659,69104
22806991,299,Active,0,37,2014-11-04 20:50:06.489504,69104
22806992,300,Active,12,26,2014-11-04 20:50:06.494454,69104
22806993,301,Inactive,0,31,2014-11-04 20:50:06.499377,69104
22806994,302,Active,0,36,2014-11-04 20:50:06.505616,69104
22806995,303,Active,9,32,2014-11-04 20:50:06.510627,69104
22806996,304,Active,3,33,2014-11-04 20:50:06.515241,69104
22806997,305,Active,2,33,2014-11-04 20:50:06.520376,69104
22806998,306,Active,5,35,2014-11-04 20:50:06.526665,69104
22806999,307,Active,4,45,2014-11-04 20:50:06.531472,69104
22807000,308,Active,17,10,2014-11-04 20:50:06.536409,69104
22807001,309,Active,3,26,2014-11-04 20:50:06.541638,69104
22807002,310,Active,10,25,2014-11-04 20:50:06.546372,69104
22807003,311,Inactive,0,11,2014-11-04 20:50:06.551576,69104
22807004,312,Active,26,2,2014-11-04 20:50:06.556566,69104
22807005,313,Active,18,20,2014-11-04 20:50:06.561599,69104
22807006,314,Active,10,6,2014-11-04 20:50:06.566638,69104
22807007,315,Active,18,19,2014-11-04 20:50:06.571655,69104
22807008,316,Active,17,10,2014-11-04 20:50:06.576653,69104
22807009,317,Active,12,1,2014-11-04 20:50:06.58183,69104
22807010,318,Active,11,13,2014-11-04 20:50:06.586928,69104
22807011,319,Inactive,0,0,2014-11-04 20:50:06.591736,69104
22807012,320,Active,22,14,2014-11-04 20:50:06.596864,69104
22807013,321,Active,6,3,2014-11-04 20:50:06.60202,69104
22807014,322,Active,40,6,2014-11-04 20:50:06.607087,69104
22807015,332,Active,0,23,2014-11-04 20:50:06.612081,69104
22807016,327,Active,9,25,2014-11-04 20:50:06.616972,69104
22807017,328,Active,19,19,2014-11-04 20:50:06.623857,69104
22807018,331,Active,1,32,2014-11-04 20:50:06.628785,69104
22807019,323,Active,0,37,2014-11-04 20:50:06.633761,69104
22807020,324,Active,4,38,2014-11-04 20:50:06.638472,69104
22807021,329,Active,22,9,2014-11-04 20:50:06.643362,69104
22807022,325,Active,23,9,2014-11-04 20:50:06.648563,69104
22807023,326,Active,1,22,2014-11-04 20:50:06.65387,69104
22807024,1,Active,4,32,2014-11-04 21:00:05.39755,69105
22807025,2,Active,10,20,2014-11-04 21:00:05.407626,69105
22807026,3,Active,0,25,2014-11-04 21:00:05.412073,69105
22807027,4,Active,9,51,2014-11-04 21:00:05.416174,69105
22807028,5,Active,17,15,2014-11-04 21:00:05.420444,69105
22807029,6,Active,2,16,2014-11-04 21:00:05.434774,69105
22807030,7,Active,2,15,2014-11-04 21:00:05.43942,69105
22807031,8,Active,5,23,2014-11-04 21:00:05.443832,69105
22807032,9,Active,26,4,2014-11-04 21:00:05.448047,69105
22807033,10,Active,11,35,2014-11-04 21:00:05.452315,69105
22807034,11,Active,0,22,2014-11-04 21:00:05.467378,69105
22807035,12,Active,3,16,2014-11-04 21:00:05.471838,69105
22807036,13,Active,21,18,2014-11-04 21:00:05.476223,69105
22807037,14,Active,30,2,2014-11-04 21:00:05.48036,69105
22807038,15,Active,0,30,2014-11-04 21:00:05.484452,69105
22807039,16,Active,8,19,2014-11-04 21:00:05.488833,69105
22807040,17,Active,23,3,2014-11-04 21:00:05.502994,69105
22807041,18,Active,15,34,2014-11-04 21:00:05.508378,69105
22807042,19,Active,3,19,2014-11-04 21:00:05.512618,69105
22807043,20,Active,3,22,2014-11-04 21:00:05.516785,69105
22807044,21,Active,29,5,2014-11-04 21:00:05.52078,69105
22807045,22,Active,29,11,2014-11-04 21:00:05.527308,69105
22807046,23,Active,17,26,2014-11-04 21:00:05.539589,69105
22807047,24,Active,34,11,2014-11-04 21:00:05.543954,69105
22807048,25,Active,31,11,2014-11-04 21:00:05.54822,69105
22807049,26,Active,2,27,2014-11-04 21:00:05.552325,69105
22807050,27,Active,16,28,2014-11-04 21:00:05.556829,69105
22807051,28,Active,24,2,2014-11-04 21:00:05.561289,69105
22807052,29,Active,0,22,2014-11-04 21:00:05.577282,69105
22807053,30,Active,37,0,2014-11-04 21:00:05.582075,69105
22807054,31,Active,5,30,2014-11-04 21:00:05.586879,69105
22807055,32,Active,9,23,2014-11-04 21:00:05.591214,69105
22807056,33,Active,8,22,2014-11-04 21:00:05.595503,69105
22807057,34,Active,31,3,2014-11-04 21:00:05.611104,69105
22807058,35,Active,45,8,2014-11-04 21:00:05.615633,69105
22807059,36,Active,22,4,2014-11-04 21:00:05.620414,69105
22807060,37,Active,0,22,2014-11-04 21:00:05.624766,69105
22807061,38,Active,1,37,2014-11-04 21:00:05.62906,69105
22807062,39,Active,5,32,2014-11-04 21:00:05.63338,69105
22807063,40,Active,6,32,2014-11-04 21:00:05.646245,69105
22807064,41,Active,10,21,2014-11-04 21:00:05.650566,69105
22807065,42,Active,11,19,2014-11-04 21:00:05.654813,69105
22807066,43,Active,0,21,2014-11-04 21:00:05.659062,69105
22807067,44,Active,5,16,2014-11-04 21:00:05.665151,69105
22807068,45,Active,19,11,2014-11-04 21:00:05.669271,69105
22807069,46,Active,0,29,2014-11-04 21:00:05.682116,69105
22807070,47,Active,13,10,2014-11-04 21:00:05.686726,69105
22807071,48,Active,13,3,2014-11-04 21:00:05.692139,69105
22807072,49,Active,18,4,2014-11-04 21:00:05.697232,69105
22807073,50,Active,21,5,2014-11-04 21:00:05.701756,69105
22807074,51,Active,11,26,2014-11-04 21:00:05.706727,69105
22807075,52,Active,13,13,2014-11-04 21:00:05.721119,69105
22807076,53,Active,18,13,2014-11-04 21:00:05.726604,69105
22807077,54,Inactive,0,3,2014-11-04 21:00:05.731526,69105
22807078,55,Active,5,24,2014-11-04 21:00:05.73958,69105
22807079,56,Active,34,2,2014-11-04 21:00:05.779288,69105
22807080,57,Active,1,21,2014-11-04 21:00:05.793026,69105
22807081,58,Active,5,31,2014-11-04 21:00:05.798212,69105
22807082,59,Active,35,0,2014-11-04 21:00:05.803218,69105
22807083,60,Active,3,23,2014-11-04 21:00:05.808536,69105
22807084,61,Active,3,18,2014-11-04 21:00:05.8143,69105
22807085,62,Active,8,21,2014-11-04 21:00:05.828893,69105
22807086,63,Active,22,3,2014-11-04 21:00:05.83426,69105
22807087,64,Active,1,34,2014-11-04 21:00:05.839882,69105
22807088,65,Active,2,22,2014-11-04 21:00:05.845368,69105
22807089,66,Active,2,53,2014-11-04 21:00:05.850719,69105
22807090,67,Active,23,2,2014-11-04 21:00:05.865979,69105
22807091,68,Active,1,19,2014-11-04 21:00:05.871527,69105
22807092,69,Active,1,26,2014-11-04 21:00:05.88006,69105
22807093,70,Active,0,29,2014-11-04 21:00:05.885326,69105
22807094,71,Active,0,18,2014-11-04 21:00:05.901019,69105
22807095,72,Active,11,11,2014-11-04 21:00:05.906186,69105
22807096,73,Active,0,18,2014-11-04 21:00:05.911238,69105
22807097,74,Active,19,16,2014-11-04 21:00:05.916488,69105
22807098,75,Active,15,14,2014-11-04 21:00:05.921806,69105
22807099,76,Active,51,6,2014-11-04 21:00:05.937043,69105
22807100,77,Active,2,25,2014-11-04 21:00:05.942558,69105
22807101,78,Active,10,31,2014-11-04 21:00:05.947601,69105
22807102,79,Active,27,15,2014-11-04 21:00:05.952745,69105
22807103,80,Active,1,17,2014-11-04 21:00:05.957553,69105
22807104,81,Active,3,26,2014-11-04 21:00:05.972822,69105
22807105,82,Active,4,16,2014-11-04 21:00:05.977904,69105
22807106,83,Active,43,9,2014-11-04 21:00:05.98299,69105
22807107,84,Active,10,17,2014-11-04 21:00:05.987914,69105
22807108,85,Active,0,24,2014-11-04 21:00:05.99288,69105
22807109,86,Active,7,28,2014-11-04 21:00:06.009162,69105
22807110,87,Active,12,13,2014-11-04 21:00:06.014409,69105
22807111,88,Active,4,31,2014-11-04 21:00:06.019647,69105
22807112,89,Active,36,17,2014-11-04 21:00:06.024672,69105
22807113,90,Active,3,11,2014-11-04 21:00:06.0297,69105
22807114,91,Active,3,20,2014-11-04 21:00:06.045539,69105
22807115,92,Active,29,1,2014-11-04 21:00:06.051657,69105
22807116,93,Active,24,11,2014-11-04 21:00:06.056866,69105
22807117,94,Active,24,9,2014-11-04 21:00:06.062618,69105
22807118,95,Active,27,8,2014-11-04 21:00:06.06814,69105
22807119,96,Active,9,22,2014-11-04 21:00:06.082438,69105
22807120,97,Active,4,22,2014-11-04 21:00:06.087866,69105
22807121,98,Active,33,8,2014-11-04 21:00:06.093068,69105
22807122,99,Active,0,35,2014-11-04 21:00:06.098748,69105
22807123,100,Active,4,25,2014-11-04 21:00:06.103898,69105
22807124,101,Active,3,26,2014-11-04 21:00:06.120865,69105
22807125,102,Active,11,9,2014-11-04 21:00:06.126879,69105
22807126,103,Active,7,31,2014-11-04 21:00:06.132078,69105
22807127,104,Active,21,7,2014-11-04 21:00:06.137455,69105
22807128,105,Active,23,20,2014-11-04 21:00:06.142766,69105
22807129,106,Active,4,23,2014-11-04 21:00:06.157213,69105
22807130,107,Active,1,28,2014-11-04 21:00:06.162362,69105
22807131,108,Inactive,0,3,2014-11-04 21:00:06.167576,69105
22807132,109,Inactive,0,5,2014-11-04 21:00:06.172429,69105
22807133,110,Active,1,24,2014-11-04 21:00:06.177409,69105
22807134,111,Active,1,30,2014-11-04 21:00:06.192226,69105
22807135,112,Active,18,18,2014-11-04 21:00:06.219063,69105
22807136,113,Active,20,30,2014-11-04 21:00:06.227891,69105
22807137,114,Active,9,26,2014-11-04 21:00:06.232951,69105
22807138,115,Active,0,26,2014-11-04 21:00:06.237979,69105
22807139,116,Active,19,17,2014-11-04 21:00:06.242814,69105
22807140,117,Active,14,8,2014-11-04 21:00:06.252115,69105
22807141,118,Active,2,26,2014-11-04 21:00:06.266353,69105
22807142,119,Active,22,16,2014-11-04 21:00:06.271342,69105
22807143,120,Active,1,25,2014-11-04 21:00:06.276147,69105
22807144,121,Active,5,19,2014-11-04 21:00:06.281106,69105
22807145,122,Active,1,28,2014-11-04 21:00:06.286163,69105
22807146,123,Active,16,10,2014-11-04 21:00:06.302389,69105
22807147,124,Active,28,6,2014-11-04 21:00:06.308223,69105
22807148,125,Active,8,29,2014-11-04 21:00:06.313398,69105
22807149,126,Active,1,22,2014-11-04 21:00:06.319668,69105
22807150,127,Active,1,24,2014-11-04 21:00:06.325975,69105
22807151,128,Active,1,17,2014-11-04 21:00:06.33848,69105
22807152,129,Active,0,29,2014-11-04 21:00:06.344226,69105
22807153,130,Active,12,11,2014-11-04 21:00:06.349145,69105
22807154,131,Active,8,14,2014-11-04 21:00:06.354098,69105
22807155,132,Active,28,6,2014-11-04 21:00:06.359591,69105
22807156,133,Active,6,19,2014-11-04 21:00:06.374777,69105
22807157,134,Active,21,13,2014-11-04 21:00:06.381736,69105
22807158,135,Active,36,2,2014-11-04 21:00:06.387137,69105
22807159,136,Active,2,19,2014-11-04 21:00:06.392086,69105
22807160,137,Active,4,23,2014-11-04 21:00:06.407207,69105
22807161,138,Active,34,4,2014-11-04 21:00:06.412113,69105
22807162,139,Active,32,4,2014-11-04 21:00:06.417203,69105
22807163,140,Active,2,23,2014-11-04 21:00:06.422347,69105
22807164,141,Active,0,30,2014-11-04 21:00:06.427422,69105
22807165,142,Active,24,16,2014-11-04 21:00:06.442668,69105
22807166,143,Active,2,21,2014-11-04 21:00:06.447837,69105
22807167,144,Active,9,16,2014-11-04 21:00:06.453077,69105
22807168,145,Active,25,10,2014-11-04 21:00:06.459042,69105
22807169,146,Active,36,18,2014-11-04 21:00:06.463972,69105
22807170,147,Active,35,4,2014-11-04 21:00:06.478173,69105
22807171,148,Active,3,40,2014-11-04 21:00:06.483445,69105
22807172,149,Active,7,48,2014-11-04 21:00:06.488682,69105
22807173,150,Active,3,44,2014-11-04 21:00:06.494008,69105
22807174,151,Active,2,23,2014-11-04 21:00:06.498925,69105
22807175,152,Active,3,26,2014-11-04 21:00:06.512122,69105
22807176,153,Active,13,20,2014-11-04 21:00:06.517404,69105
22807177,154,Active,30,3,2014-11-04 21:00:06.522695,69105
22807178,155,Active,6,28,2014-11-04 21:00:06.528019,69105
22807179,156,Active,15,17,2014-11-04 21:00:06.533216,69105
22807180,157,Active,4,22,2014-11-04 21:00:06.546322,69105
22807181,158,Active,7,11,2014-11-04 21:00:06.551235,69105
22807182,159,Active,21,7,2014-11-04 21:00:06.556595,69105
22807183,160,Active,4,39,2014-11-04 21:00:06.561505,69105
22807184,161,Active,45,1,2014-11-04 21:00:06.56664,69105
22807185,162,Active,1,39,2014-11-04 21:00:06.581287,69105
22807186,163,Active,16,22,2014-11-04 21:00:06.586297,69105
22807187,164,Active,22,10,2014-11-04 21:00:06.591561,69105
22807188,165,Active,18,20,2014-11-04 21:00:06.596606,69105
22807189,166,Active,5,25,2014-11-04 21:00:06.601838,69105
22807190,167,Active,7,20,2014-11-04 21:00:06.618417,69105
22807191,168,Active,16,25,2014-11-04 21:00:06.647308,69105
22807192,169,Active,11,25,2014-11-04 21:00:06.65428,69105
22807193,170,Active,23,3,2014-11-04 21:00:06.659642,69105
22807194,171,Active,1,26,2014-11-04 21:00:06.66767,69105
22807195,172,Active,17,14,2014-11-04 21:00:06.672739,69105
22807196,173,Active,3,28,2014-11-04 21:00:06.687191,69105
22807197,174,Active,23,7,2014-11-04 21:00:06.69287,69105
22807198,175,Active,3,27,2014-11-04 21:00:06.698377,69105
22807199,176,Active,9,22,2014-11-04 21:00:06.703568,69105
22807200,177,Active,7,23,2014-11-04 21:00:06.720681,69105
22807201,178,Active,0,23,2014-11-04 21:00:06.727724,69105
22807202,179,Active,0,27,2014-11-04 21:00:06.732688,69105
22807203,180,Active,1,30,2014-11-04 21:00:06.737739,69105
22807204,181,Active,1,26,2014-11-04 21:00:06.74263,69105
22807205,182,Active,0,14,2014-11-04 21:00:06.756254,69105
22807206,183,Active,3,36,2014-11-04 21:00:06.761538,69105
22807207,184,Active,17,21,2014-11-04 21:00:06.767039,69105
22807208,185,Active,5,24,2014-11-04 21:00:06.772204,69105
22807209,186,Active,35,3,2014-11-04 21:00:06.777132,69105
22807210,187,Active,9,31,2014-11-04 21:00:06.790242,69105
22807211,188,Active,2,32,2014-11-04 21:00:06.796056,69105
22807212,189,Active,2,40,2014-11-04 21:00:06.801188,69105
22807213,190,Active,0,23,2014-11-04 21:00:06.806085,69105
22807214,191,Active,0,19,2014-11-04 21:00:06.811091,69105
22807215,192,Active,4,30,2014-11-04 21:00:06.824862,69105
22807216,193,Active,2,20,2014-11-04 21:00:06.831885,69105
22807217,194,Active,2,25,2014-11-04 21:00:06.837119,69105
22807218,195,Active,18,6,2014-11-04 21:00:06.842814,69105
22807219,196,Active,26,11,2014-11-04 21:00:06.858575,69105
22807220,197,Active,2,29,2014-11-04 21:00:06.863944,69105
22807221,198,Active,12,9,2014-11-04 21:00:06.869305,69105
22807222,199,Active,4,19,2014-11-04 21:00:06.874073,69105
22807223,200,Active,1,22,2014-11-04 21:00:06.879502,69105
22807224,201,Active,5,16,2014-11-04 21:00:06.89275,69105
22807225,202,Active,2,15,2014-11-04 21:00:06.898153,69105
22807226,203,Active,3,52,2014-11-04 21:00:06.90308,69105
22807227,204,Active,2,36,2014-11-04 21:00:06.908208,69105
22807228,205,Active,22,4,2014-11-04 21:00:06.913157,69105
22807229,206,Active,45,2,2014-11-04 21:00:06.927925,69105
22807230,207,Active,5,25,2014-11-04 21:00:06.93318,69105
22807231,208,Active,21,5,2014-11-04 21:00:06.938241,69105
22807232,209,Active,2,28,2014-11-04 21:00:06.943292,69105
22807233,210,Active,5,26,2014-11-04 21:00:06.948443,69105
22807234,211,Active,7,32,2014-11-04 21:00:06.961573,69105
22807235,212,Active,19,2,2014-11-04 21:00:06.966949,69105
22807236,213,Active,34,11,2014-11-04 21:00:06.972015,69105
22807237,214,Active,1,25,2014-11-04 21:00:06.977327,69105
22807238,215,Active,0,23,2014-11-04 21:00:06.982326,69105
22807239,216,Active,10,11,2014-11-04 21:00:06.997896,69105
22807240,217,Active,1,35,2014-11-04 21:00:07.003222,69105
22807241,218,Active,9,20,2014-11-04 21:00:07.008427,69105
22807242,219,Active,8,25,2014-11-04 21:00:07.013589,69105
22807243,220,Active,37,11,2014-11-04 21:00:07.018919,69105
22807244,221,Active,0,23,2014-11-04 21:00:07.032308,69105
22807245,222,Active,37,12,2014-11-04 21:00:07.037663,69105
22807246,223,Active,9,32,2014-11-04 21:00:07.042605,69105
22807247,224,Active,10,26,2014-11-04 21:00:07.071978,69105
22807248,225,Active,4,23,2014-11-04 21:00:07.078364,69105
22807249,226,Active,1,29,2014-11-04 21:00:07.083154,69105
22807250,227,Active,2,29,2014-11-04 21:00:07.088475,69105
22807251,228,Active,0,57,2014-11-04 21:00:07.102379,69105
22807252,229,Active,12,26,2014-11-04 21:00:07.107701,69105
22807253,230,Active,6,28,2014-11-04 21:00:07.112814,69105
22807254,231,Active,25,12,2014-11-04 21:00:07.117828,69105
22807255,232,Active,18,17,2014-11-04 21:00:07.134492,69105
22807256,233,Active,7,30,2014-11-04 21:00:07.140103,69105
22807257,234,Active,16,13,2014-11-04 21:00:07.145423,69105
22807258,235,Active,0,48,2014-11-04 21:00:07.150404,69105
22807259,236,Active,0,21,2014-11-04 21:00:07.155237,69105
22807260,237,Active,1,37,2014-11-04 21:00:07.17058,69105
22807261,238,Active,38,7,2014-11-04 21:00:07.175822,69105
22807262,239,Active,14,2,2014-11-04 21:00:07.181033,69105
22807263,240,Active,47,11,2014-11-04 21:00:07.185646,69105
22807264,241,Active,2,37,2014-11-04 21:00:07.190636,69105
22807265,242,Active,27,5,2014-11-04 21:00:07.204402,69105
22807266,243,Active,12,19,2014-11-04 21:00:07.209867,69105
22807267,244,Active,3,53,2014-11-04 21:00:07.214789,69105
22807268,245,Active,36,20,2014-11-04 21:00:07.219518,69105
22807269,246,Active,3,30,2014-11-04 21:00:07.224458,69105
22807270,247,Active,2,27,2014-11-04 21:00:07.238731,69105
22807271,248,Active,27,12,2014-11-04 21:00:07.244008,69105
22807272,249,Active,1,39,2014-11-04 21:00:07.24896,69105
22807273,250,Active,36,8,2014-11-04 21:00:07.254068,69105
22807274,251,Active,27,6,2014-11-04 21:00:07.259038,69105
22807275,252,Active,10,33,2014-11-04 21:00:07.273374,69105
22807276,253,Active,30,26,2014-11-04 21:00:07.27869,69105
22807277,254,Active,2,24,2014-11-04 21:00:07.283685,69105
22807278,255,Active,10,18,2014-11-04 21:00:07.288848,69105
22807279,256,Active,1,23,2014-11-04 21:00:07.294095,69105
22807280,257,Active,0,24,2014-11-04 21:00:07.308738,69105
22807281,258,Active,5,33,2014-11-04 21:00:07.314431,69105
22807282,259,Active,13,21,2014-11-04 21:00:07.319166,69105
22807283,260,Active,24,19,2014-11-04 21:00:07.324936,69105
22807284,261,Active,10,28,2014-11-04 21:00:07.341684,69105
22807285,262,Active,22,14,2014-11-04 21:00:07.34696,69105
22807286,263,Active,3,31,2014-11-04 21:00:07.352041,69105
22807287,264,Active,9,32,2014-11-04 21:00:07.357703,69105
22807288,265,Active,22,11,2014-11-04 21:00:07.364053,69105
22807289,266,Active,1,58,2014-11-04 21:00:07.379094,69105
22807290,267,Active,47,6,2014-11-04 21:00:07.384382,69105
22807291,268,Active,30,19,2014-11-04 21:00:07.389568,69105
22807292,269,Active,22,11,2014-11-04 21:00:07.395628,69105
22807293,270,Active,16,17,2014-11-04 21:00:07.40195,69105
22807294,271,Active,0,25,2014-11-04 21:00:07.413972,69105
22807295,272,Active,34,11,2014-11-04 21:00:07.418724,69105
22807296,273,Active,44,14,2014-11-04 21:00:07.428325,69105
22807297,274,Active,2,23,2014-11-04 21:00:07.434731,69105
22807298,275,Active,21,14,2014-11-04 21:00:07.450682,69105
22807299,276,Active,26,19,2014-11-04 21:00:07.45621,69105
22807300,277,Active,6,36,2014-11-04 21:00:07.461471,69105
22807301,330,Active,2,28,2014-11-04 21:00:07.466708,69105
22807302,278,Active,18,7,2014-11-04 21:00:07.473253,69105
22807303,279,Active,11,31,2014-11-04 21:00:07.510972,69105
22807304,280,Active,16,19,2014-11-04 21:00:07.523078,69105
22807305,281,Active,1,46,2014-11-04 21:00:07.528503,69105
22807306,282,Active,4,19,2014-11-04 21:00:07.533894,69105
22807307,283,Active,4,28,2014-11-04 21:00:07.539017,69105
22807308,284,Active,40,11,2014-11-04 21:00:07.54436,69105
22807309,285,Active,6,26,2014-11-04 21:00:07.558092,69105
22807310,286,Active,4,21,2014-11-04 21:00:07.563591,69105
22807311,287,Active,0,25,2014-11-04 21:00:07.568671,69105
22807312,288,Active,13,36,2014-11-04 21:00:07.573817,69105
22807313,289,Active,9,22,2014-11-04 21:00:07.579097,69105
22807314,290,Active,14,15,2014-11-04 21:00:07.592283,69105
22807315,291,Active,5,47,2014-11-04 21:00:07.598295,69105
22807316,292,Active,22,15,2014-11-04 21:00:07.603618,69105
22807317,293,Active,10,48,2014-11-04 21:00:07.608793,69105
22807318,294,Active,19,20,2014-11-04 21:00:07.625892,69105
22807319,295,Active,3,64,2014-11-04 21:00:07.63139,69105
22807320,296,Active,49,1,2014-11-04 21:00:07.637082,69105
22807321,297,Active,12,33,2014-11-04 21:00:07.642054,69105
22807322,298,Active,30,27,2014-11-04 21:00:07.646937,69105
22807323,299,Active,0,37,2014-11-04 21:00:07.65171,69105
22807324,300,Active,11,27,2014-11-04 21:00:07.656649,69105
22807325,301,Inactive,0,31,2014-11-04 21:00:07.670158,69105
22807326,302,Active,1,35,2014-11-04 21:00:07.675495,69105
22807327,303,Active,7,34,2014-11-04 21:00:07.68062,69105
22807328,304,Active,5,31,2014-11-04 21:00:07.685753,69105
22807329,305,Active,1,34,2014-11-04 21:00:07.690582,69105
22807330,306,Active,5,35,2014-11-04 21:00:07.705134,69105
22807331,307,Active,1,48,2014-11-04 21:00:07.71064,69105
22807332,308,Active,18,9,2014-11-04 21:00:07.715609,69105
22807333,309,Active,1,28,2014-11-04 21:00:07.722956,69105
22807334,310,Active,7,28,2014-11-04 21:00:07.739337,69105
22807335,311,Inactive,0,11,2014-11-04 21:00:07.744559,69105
22807336,312,Active,26,2,2014-11-04 21:00:07.749606,69105
22807337,313,Active,18,20,2014-11-04 21:00:07.754557,69105
22807338,314,Active,12,4,2014-11-04 21:00:07.7596,69105
22807339,315,Active,18,19,2014-11-04 21:00:07.775073,69105
22807340,316,Active,17,10,2014-11-04 21:00:07.780316,69105
22807341,317,Active,12,1,2014-11-04 21:00:07.7858,69105
22807342,318,Active,12,12,2014-11-04 21:00:07.79088,69105
22807343,319,Inactive,0,0,2014-11-04 21:00:07.795807,69105
22807344,320,Active,20,16,2014-11-04 21:00:07.810239,69105
22807345,321,Active,6,3,2014-11-04 21:00:07.815592,69105
22807346,322,Active,39,7,2014-11-04 21:00:07.820632,69105
22807347,332,Active,1,22,2014-11-04 21:00:07.825598,69105
22807348,327,Active,10,24,2014-11-04 21:00:07.830983,69105
22807349,328,Active,16,22,2014-11-04 21:00:07.846172,69105
22807350,331,Active,1,32,2014-11-04 21:00:07.851599,69105
22807351,323,Active,0,37,2014-11-04 21:00:07.860042,69105
22807352,324,Active,4,38,2014-11-04 21:00:07.865066,69105
22807353,329,Active,21,10,2014-11-04 21:00:07.880076,69105
22807354,325,Active,23,9,2014-11-04 21:00:07.88502,69105
22807355,326,Active,2,21,2014-11-04 21:00:07.890793,69105
22807356,1,Active,6,30,2014-11-04 21:10:05.501729,69106
22807357,2,Active,10,20,2014-11-04 21:10:05.51259,69106
22807358,3,Active,0,25,2014-11-04 21:10:05.518648,69106
22807359,4,Active,10,50,2014-11-04 21:10:05.526137,69106
22807360,5,Active,18,14,2014-11-04 21:10:05.530782,69106
22807361,6,Active,3,15,2014-11-04 21:10:05.535096,69106
22807362,7,Active,1,16,2014-11-04 21:10:05.539302,69106
22807363,8,Active,7,21,2014-11-04 21:10:05.54335,69106
22807364,9,Active,23,7,2014-11-04 21:10:05.54815,69106
22807365,10,Active,12,34,2014-11-04 21:10:05.55249,69106
22807366,11,Active,0,22,2014-11-04 21:10:05.556895,69106
22807367,12,Active,3,16,2014-11-04 21:10:05.561183,69106
22807368,13,Active,21,18,2014-11-04 21:10:05.565812,69106
22807369,14,Active,31,1,2014-11-04 21:10:05.570165,69106
22807370,15,Active,0,30,2014-11-04 21:10:05.574742,69106
22807371,16,Active,8,19,2014-11-04 21:10:05.580062,69106
22807372,17,Active,24,2,2014-11-04 21:10:05.584801,69106
22807373,18,Active,13,36,2014-11-04 21:10:05.590451,69106
22807374,19,Active,3,19,2014-11-04 21:10:05.594908,69106
22807375,20,Active,4,21,2014-11-04 21:10:05.599098,69106
22807376,21,Active,29,5,2014-11-04 21:10:05.603774,69106
22807377,22,Active,30,10,2014-11-04 21:10:05.609106,69106
22807378,23,Active,14,29,2014-11-04 21:10:05.618353,69106
22807379,24,Active,35,10,2014-11-04 21:10:05.62323,69106
22807380,25,Active,33,9,2014-11-04 21:10:05.627414,69106
22807381,26,Active,1,28,2014-11-04 21:10:05.631407,69106
22807382,27,Active,18,26,2014-11-04 21:10:05.635907,69106
22807383,28,Active,23,3,2014-11-04 21:10:05.639975,69106
22807384,29,Active,0,22,2014-11-04 21:10:05.644118,69106
22807385,30,Active,36,1,2014-11-04 21:10:05.648402,69106
22807386,31,Active,4,31,2014-11-04 21:10:05.652552,69106
22807387,32,Active,13,19,2014-11-04 21:10:05.656923,69106
22807388,33,Active,10,20,2014-11-04 21:10:05.661071,69106
22807389,34,Active,32,2,2014-11-04 21:10:05.665247,69106
22807390,35,Active,43,10,2014-11-04 21:10:05.669806,69106
22807391,36,Active,20,6,2014-11-04 21:10:05.674068,69106
22807392,37,Active,0,22,2014-11-04 21:10:05.678702,69106
22807393,38,Active,1,37,2014-11-04 21:10:05.683027,69106
22807394,39,Active,3,34,2014-11-04 21:10:05.687146,69106
22807395,40,Active,4,34,2014-11-04 21:10:05.691752,69106
22807396,41,Active,10,21,2014-11-04 21:10:05.696158,69106
22807397,42,Active,11,19,2014-11-04 21:10:05.700963,69106
22807398,43,Active,0,21,2014-11-04 21:10:05.705168,69106
22807399,44,Active,4,17,2014-11-04 21:10:05.70928,69106
22807400,45,Active,19,11,2014-11-04 21:10:05.714284,69106
22807401,46,Active,0,29,2014-11-04 21:10:05.718387,69106
22807402,47,Active,13,10,2014-11-04 21:10:05.722782,69106
22807403,48,Active,12,4,2014-11-04 21:10:05.727036,69106
22807404,49,Active,18,4,2014-11-04 21:10:05.731348,69106
22807405,50,Active,22,4,2014-11-04 21:10:05.735541,69106
22807406,51,Active,12,25,2014-11-04 21:10:05.740008,69106
22807407,52,Active,16,10,2014-11-04 21:10:05.744139,69106
22807408,53,Active,19,12,2014-11-04 21:10:05.748219,69106
22807409,54,Inactive,0,3,2014-11-04 21:10:05.752349,69106
22807410,55,Active,5,24,2014-11-04 21:10:05.757911,69106
22807411,56,Active,33,3,2014-11-04 21:10:05.78565,69106
22807412,57,Active,2,20,2014-11-04 21:10:05.791502,69106
22807413,58,Active,5,31,2014-11-04 21:10:05.796356,69106
22807414,59,Active,35,0,2014-11-04 21:10:05.801281,69106
22807415,60,Active,3,23,2014-11-04 21:10:05.806443,69106
22807416,61,Active,3,18,2014-11-04 21:10:05.811373,69106
22807417,62,Active,7,22,2014-11-04 21:10:05.816271,69106
22807418,63,Active,23,2,2014-11-04 21:10:05.82235,69106
22807419,64,Active,3,32,2014-11-04 21:10:05.827559,69106
22807420,65,Active,2,22,2014-11-04 21:10:05.832938,69106
22807421,66,Active,1,54,2014-11-04 21:10:05.837679,69106
22807422,67,Active,23,2,2014-11-04 21:10:05.842831,69106
22807423,68,Active,2,18,2014-11-04 21:10:05.847544,69106
22807424,69,Active,1,26,2014-11-04 21:10:05.852683,69106
22807425,70,Active,0,29,2014-11-04 21:10:05.857777,69106
22807426,71,Active,0,18,2014-11-04 21:10:05.862798,69106
22807427,72,Active,12,10,2014-11-04 21:10:05.870104,69106
22807428,73,Active,0,18,2014-11-04 21:10:05.87491,69106
22807429,74,Active,20,15,2014-11-04 21:10:05.879869,69106
22807430,75,Active,15,14,2014-11-04 21:10:05.884827,69106
22807431,76,Active,50,7,2014-11-04 21:10:05.889825,69106
22807432,77,Active,2,25,2014-11-04 21:10:05.895218,69106
22807433,78,Active,15,26,2014-11-04 21:10:05.900408,69106
22807434,79,Active,30,12,2014-11-04 21:10:05.905479,69106
22807435,80,Active,1,17,2014-11-04 21:10:05.910594,69106
22807436,81,Active,3,26,2014-11-04 21:10:05.915497,69106
22807437,82,Active,5,15,2014-11-04 21:10:05.921032,69106
22807438,83,Active,46,6,2014-11-04 21:10:05.927418,69106
22807439,84,Active,6,21,2014-11-04 21:10:05.93319,69106
22807440,85,Active,0,24,2014-11-04 21:10:05.939297,69106
22807441,86,Active,2,33,2014-11-04 21:10:05.944827,69106
22807442,87,Active,14,11,2014-11-04 21:10:05.950516,69106
22807443,88,Active,2,33,2014-11-04 21:10:05.955701,69106
22807444,89,Active,34,19,2014-11-04 21:10:05.961999,69106
22807445,90,Active,3,11,2014-11-04 21:10:05.967873,69106
22807446,91,Active,3,20,2014-11-04 21:10:05.973856,69106
22807447,92,Active,28,2,2014-11-04 21:10:05.979723,69106
22807448,93,Active,26,9,2014-11-04 21:10:05.984995,69106
22807449,94,Active,22,11,2014-11-04 21:10:05.989824,69106
22807450,95,Active,27,8,2014-11-04 21:10:05.999439,69106
22807451,96,Active,10,21,2014-11-04 21:10:06.005248,69106
22807452,97,Active,3,22,2014-11-04 21:10:06.010335,69106
22807453,98,Active,33,8,2014-11-04 21:10:06.015766,69106
22807454,99,Active,1,34,2014-11-04 21:10:06.02111,69106
22807455,100,Active,4,25,2014-11-04 21:10:06.026496,69106
22807456,101,Active,2,27,2014-11-04 21:10:06.031731,69106
22807457,102,Active,11,9,2014-11-04 21:10:06.037305,69106
22807458,103,Active,5,32,2014-11-04 21:10:06.043083,69106
22807459,104,Active,21,7,2014-11-04 21:10:06.048907,69106
22807460,105,Active,21,22,2014-11-04 21:10:06.054403,69106
22807461,106,Active,3,24,2014-11-04 21:10:06.059644,69106
22807462,107,Active,0,29,2014-11-04 21:10:06.06477,69106
22807463,108,Inactive,0,3,2014-11-04 21:10:06.069732,69106
22807464,109,Inactive,0,5,2014-11-04 21:10:06.074647,69106
22807465,110,Active,1,24,2014-11-04 21:10:06.080119,69106
22807466,111,Active,1,30,2014-11-04 21:10:06.084783,69106
22807467,112,Active,19,17,2014-11-04 21:10:06.11452,69106
22807468,113,Active,18,32,2014-11-04 21:10:06.120553,69106
22807469,114,Active,10,25,2014-11-04 21:10:06.126825,69106
22807470,115,Active,0,26,2014-11-04 21:10:06.132637,69106
22807471,116,Active,17,19,2014-11-04 21:10:06.138407,69106
22807472,117,Active,13,9,2014-11-04 21:10:06.146884,69106
22807473,118,Active,1,27,2014-11-04 21:10:06.151954,69106
22807474,119,Active,21,17,2014-11-04 21:10:06.157054,69106
22807475,120,Active,1,25,2014-11-04 21:10:06.163066,69106
22807476,121,Active,5,19,2014-11-04 21:10:06.168169,69106
22807477,122,Active,1,28,2014-11-04 21:10:06.173598,69106
22807478,123,Active,16,10,2014-11-04 21:10:06.178639,69106
22807479,124,Active,28,6,2014-11-04 21:10:06.183643,69106
22807480,125,Active,7,30,2014-11-04 21:10:06.188741,69106
22807481,126,Active,1,22,2014-11-04 21:10:06.194329,69106
22807482,127,Active,2,23,2014-11-04 21:10:06.199427,69106
22807483,128,Active,3,15,2014-11-04 21:10:06.204352,69106
22807484,129,Active,0,29,2014-11-04 21:10:06.209593,69106
22807485,130,Active,12,11,2014-11-04 21:10:06.215199,69106
22807486,131,Active,9,13,2014-11-04 21:10:06.222302,69106
22807487,132,Active,26,8,2014-11-04 21:10:06.227349,69106
22807488,133,Active,6,19,2014-11-04 21:10:06.232801,69106
22807489,134,Active,19,15,2014-11-04 21:10:06.238733,69106
22807490,135,Active,35,3,2014-11-04 21:10:06.243718,69106
22807491,136,Active,0,21,2014-11-04 21:10:06.248765,69106
22807492,137,Active,5,22,2014-11-04 21:10:06.253833,69106
22807493,138,Active,33,5,2014-11-04 21:10:06.258801,69106
22807494,139,Active,32,4,2014-11-04 21:10:06.26618,69106
22807495,140,Active,2,23,2014-11-04 21:10:06.275031,69106
22807496,141,Active,0,30,2014-11-04 21:10:06.280162,69106
22807497,142,Active,25,15,2014-11-04 21:10:06.285521,69106
22807498,143,Active,2,21,2014-11-04 21:10:06.290924,69106
22807499,144,Active,10,15,2014-11-04 21:10:06.295895,69106
22807500,145,Active,30,5,2014-11-04 21:10:06.301763,69106
22807501,146,Active,33,21,2014-11-04 21:10:06.306515,69106
22807502,147,Active,35,4,2014-11-04 21:10:06.311767,69106
22807503,148,Active,3,40,2014-11-04 21:10:06.317225,69106
22807504,149,Active,2,53,2014-11-04 21:10:06.321992,69106
22807505,150,Active,3,44,2014-11-04 21:10:06.32759,69106
22807506,151,Active,2,23,2014-11-04 21:10:06.33235,69106
22807507,152,Active,3,26,2014-11-04 21:10:06.337483,69106
22807508,153,Active,13,20,2014-11-04 21:10:06.342359,69106
22807509,154,Active,29,4,2014-11-04 21:10:06.347235,69106
22807510,155,Active,3,31,2014-11-04 21:10:06.352067,69106
22807511,156,Active,14,18,2014-11-04 21:10:06.357095,69106
22807512,157,Active,3,23,2014-11-04 21:10:06.365967,69106
22807513,158,Active,8,10,2014-11-04 21:10:06.371769,69106
22807514,159,Active,18,10,2014-11-04 21:10:06.376828,69106
22807515,160,Active,4,39,2014-11-04 21:10:06.381776,69106
22807516,161,Active,45,1,2014-11-04 21:10:06.386948,69106
22807517,162,Active,1,39,2014-11-04 21:10:06.392497,69106
22807518,163,Active,15,23,2014-11-04 21:10:06.397688,69106
22807519,164,Active,24,8,2014-11-04 21:10:06.402671,69106
22807520,165,Active,17,21,2014-11-04 21:10:06.407965,69106
22807521,166,Active,5,25,2014-11-04 21:10:06.413321,69106
22807522,167,Active,7,20,2014-11-04 21:10:06.418266,69106
22807523,168,Active,16,25,2014-11-04 21:10:06.445878,69106
22807524,169,Active,10,26,2014-11-04 21:10:06.451745,69106
22807525,170,Active,24,2,2014-11-04 21:10:06.456954,69106
22807526,171,Active,1,26,2014-11-04 21:10:06.461874,69106
22807527,172,Active,17,14,2014-11-04 21:10:06.466457,69106
22807528,173,Active,3,28,2014-11-04 21:10:06.471617,69106
22807529,174,Active,23,7,2014-11-04 21:10:06.476862,69106
22807530,175,Active,4,26,2014-11-04 21:10:06.482329,69106
22807531,176,Active,9,22,2014-11-04 21:10:06.48714,69106
22807532,177,Active,7,23,2014-11-04 21:10:06.491992,69106
22807533,178,Active,0,23,2014-11-04 21:10:06.497333,69106
22807534,179,Active,2,25,2014-11-04 21:10:06.503219,69106
22807535,180,Active,1,30,2014-11-04 21:10:06.507972,69106
22807536,181,Active,1,26,2014-11-04 21:10:06.512643,69106
22807537,182,Active,0,14,2014-11-04 21:10:06.517658,69106
22807538,183,Active,4,35,2014-11-04 21:10:06.522642,69106
22807539,184,Active,19,19,2014-11-04 21:10:06.527506,69106
22807540,185,Active,8,21,2014-11-04 21:10:06.532656,69106
22807541,186,Active,35,3,2014-11-04 21:10:06.538038,69106
22807542,187,Active,11,29,2014-11-04 21:10:06.543005,69106
22807543,188,Active,2,32,2014-11-04 21:10:06.547677,69106
22807544,189,Active,1,41,2014-11-04 21:10:06.552814,69106
22807545,190,Active,1,22,2014-11-04 21:10:06.557946,69106
22807546,191,Active,0,19,2014-11-04 21:10:06.562609,69106
22807547,192,Active,3,31,2014-11-04 21:10:06.567354,69106
22807548,193,Active,3,19,2014-11-04 21:10:06.57214,69106
22807549,194,Active,3,24,2014-11-04 21:10:06.577104,69106
22807550,195,Active,18,6,2014-11-04 21:10:06.581837,69106
22807551,196,Active,25,12,2014-11-04 21:10:06.586937,69106
22807552,197,Active,2,29,2014-11-04 21:10:06.592004,69106
22807553,198,Active,13,8,2014-11-04 21:10:06.59703,69106
22807554,199,Active,4,19,2014-11-04 21:10:06.602166,69106
22807555,200,Active,1,22,2014-11-04 21:10:06.607052,69106
22807556,201,Active,5,16,2014-11-04 21:10:06.616163,69106
22807557,202,Active,2,15,2014-11-04 21:10:06.621212,69106
22807558,203,Active,3,52,2014-11-04 21:10:06.626404,69106
22807559,204,Active,2,36,2014-11-04 21:10:06.63156,69106
22807560,205,Active,23,3,2014-11-04 21:10:06.636747,69106
22807561,206,Active,45,2,2014-11-04 21:10:06.643734,69106
22807562,207,Active,5,25,2014-11-04 21:10:06.657929,69106
22807563,208,Active,22,4,2014-11-04 21:10:06.662853,69106
22807564,209,Active,2,28,2014-11-04 21:10:06.667781,69106
22807565,210,Active,4,27,2014-11-04 21:10:06.672899,69106
22807566,211,Active,9,30,2014-11-04 21:10:06.67822,69106
22807567,212,Active,20,1,2014-11-04 21:10:06.684053,69106
22807568,213,Active,34,11,2014-11-04 21:10:06.689017,69106
22807569,214,Active,1,25,2014-11-04 21:10:06.694534,69106
22807570,215,Active,0,23,2014-11-04 21:10:06.69934,69106
22807571,216,Active,8,13,2014-11-04 21:10:06.704156,69106
22807572,217,Active,3,33,2014-11-04 21:10:06.708962,69106
22807573,218,Active,5,24,2014-11-04 21:10:06.714008,69106
22807574,219,Active,9,24,2014-11-04 21:10:06.719326,69106
22807575,220,Active,37,11,2014-11-04 21:10:06.724156,69106
22807576,221,Active,0,23,2014-11-04 21:10:06.729097,69106
22807577,222,Active,35,14,2014-11-04 21:10:06.734388,69106
22807578,223,Active,10,31,2014-11-04 21:10:06.739291,69106
22807579,224,Active,13,23,2014-11-04 21:10:06.769144,69106
22807580,225,Active,6,21,2014-11-04 21:10:06.77608,69106
22807581,226,Active,1,29,2014-11-04 21:10:06.781596,69106
22807582,227,Active,1,30,2014-11-04 21:10:06.787386,69106
22807583,228,Active,2,55,2014-11-04 21:10:06.792316,69106
22807584,229,Active,14,24,2014-11-04 21:10:06.797192,69106
22807585,230,Active,6,28,2014-11-04 21:10:06.802925,69106
22807586,231,Active,26,11,2014-11-04 21:10:06.807808,69106
22807587,232,Active,16,19,2014-11-04 21:10:06.81278,69106
22807588,233,Active,8,29,2014-11-04 21:10:06.81818,69106
22807589,234,Active,15,14,2014-11-04 21:10:06.823145,69106
22807590,235,Active,0,48,2014-11-04 21:10:06.828195,69106
22807591,236,Active,0,21,2014-11-04 21:10:06.833059,69106
22807592,237,Active,0,38,2014-11-04 21:10:06.838112,69106
22807593,238,Active,39,6,2014-11-04 21:10:06.842829,69106
22807594,239,Active,11,5,2014-11-04 21:10:06.847661,69106
22807595,240,Active,47,11,2014-11-04 21:10:06.852707,69106
22807596,241,Active,11,28,2014-11-04 21:10:06.857677,69106
22807597,242,Active,26,6,2014-11-04 21:10:06.862481,69106
22807598,243,Active,12,19,2014-11-04 21:10:06.86722,69106
22807599,244,Active,2,54,2014-11-04 21:10:06.872018,69106
22807600,245,Active,36,20,2014-11-04 21:10:06.876952,69106
22807601,246,Active,3,30,2014-11-04 21:10:06.885885,69106
22807602,247,Active,3,26,2014-11-04 21:10:06.890725,69106
22807603,248,Active,22,17,2014-11-04 21:10:06.895895,69106
22807604,249,Active,1,39,2014-11-04 21:10:06.901009,69106
22807605,250,Active,35,9,2014-11-04 21:10:06.905889,69106
22807606,251,Active,24,9,2014-11-04 21:10:06.911241,69106
22807607,252,Active,10,33,2014-11-04 21:10:06.91815,69106
22807608,253,Active,21,35,2014-11-04 21:10:06.923357,69106
22807609,254,Active,1,25,2014-11-04 21:10:06.928429,69106
22807610,255,Active,9,19,2014-11-04 21:10:06.93376,69106
22807611,256,Active,0,24,2014-11-04 21:10:06.9389,69106
22807612,257,Active,0,24,2014-11-04 21:10:06.944168,69106
22807613,258,Active,5,33,2014-11-04 21:10:06.949071,69106
22807614,259,Active,13,21,2014-11-04 21:10:06.954102,69106
22807615,260,Active,23,20,2014-11-04 21:10:06.959265,69106
22807616,261,Active,6,32,2014-11-04 21:10:06.964843,69106
22807617,262,Active,21,15,2014-11-04 21:10:06.969966,69106
22807618,263,Active,5,29,2014-11-04 21:10:06.974908,69106
22807619,264,Active,12,29,2014-11-04 21:10:06.979992,69106
22807620,265,Active,22,11,2014-11-04 21:10:06.985449,69106
22807621,266,Active,2,57,2014-11-04 21:10:06.990721,69106
22807622,267,Active,44,9,2014-11-04 21:10:06.995715,69106
22807623,268,Active,27,22,2014-11-04 21:10:07.001324,69106
22807624,269,Active,24,9,2014-11-04 21:10:07.006761,69106
22807625,270,Active,16,17,2014-11-04 21:10:07.011918,69106
22807626,271,Active,1,24,2014-11-04 21:10:07.017127,69106
22807627,272,Active,37,8,2014-11-04 21:10:07.022475,69106
22807628,273,Active,42,16,2014-11-04 21:10:07.027454,69106
22807629,274,Active,2,23,2014-11-04 21:10:07.032543,69106
22807630,275,Active,20,15,2014-11-04 21:10:07.037489,69106
22807631,276,Active,24,21,2014-11-04 21:10:07.042461,69106
22807632,277,Active,5,37,2014-11-04 21:10:07.047598,69106
22807633,330,Active,2,28,2014-11-04 21:10:07.052709,69106
22807634,278,Active,17,8,2014-11-04 21:10:07.057948,69106
22807635,279,Active,14,28,2014-11-04 21:10:07.088317,69106
22807636,280,Active,19,16,2014-11-04 21:10:07.093757,69106
22807637,281,Active,0,47,2014-11-04 21:10:07.098761,69106
22807638,282,Active,6,17,2014-11-04 21:10:07.103562,69106
22807639,283,Active,3,29,2014-11-04 21:10:07.109897,69106
22807640,284,Active,40,11,2014-11-04 21:10:07.114798,69106
22807641,285,Active,3,29,2014-11-04 21:10:07.119755,69106
22807642,286,Active,7,18,2014-11-04 21:10:07.125218,69106
22807643,287,Active,0,25,2014-11-04 21:10:07.13035,69106
22807644,288,Active,13,36,2014-11-04 21:10:07.135416,69106
22807645,289,Active,10,21,2014-11-04 21:10:07.140783,69106
22807646,290,Active,14,15,2014-11-04 21:10:07.146585,69106
22807647,291,Active,5,47,2014-11-04 21:10:07.151574,69106
22807648,292,Active,20,17,2014-11-04 21:10:07.157974,69106
22807649,293,Active,10,47,2014-11-04 21:10:07.163076,69106
22807650,294,Active,17,22,2014-11-04 21:10:07.167951,69106
22807651,295,Active,7,60,2014-11-04 21:10:07.174137,69106
22807652,296,Active,47,3,2014-11-04 21:10:07.179241,69106
22807653,297,Active,14,31,2014-11-04 21:10:07.184457,69106
22807654,298,Active,29,28,2014-11-04 21:10:07.189558,69106
22807655,299,Active,0,37,2014-11-04 21:10:07.194517,69106
22807656,300,Active,9,29,2014-11-04 21:10:07.199674,69106
22807657,301,Inactive,0,31,2014-11-04 21:10:07.204848,69106
22807658,302,Active,2,34,2014-11-04 21:10:07.210201,69106
22807659,303,Active,4,37,2014-11-04 21:10:07.215216,69106
22807660,304,Active,5,31,2014-11-04 21:10:07.222197,69106
22807661,305,Active,1,34,2014-11-04 21:10:07.227336,69106
22807662,306,Active,5,35,2014-11-04 21:10:07.232343,69106
22807663,307,Active,2,47,2014-11-04 21:10:07.237237,69106
22807664,308,Active,18,9,2014-11-04 21:10:07.242048,69106
22807665,309,Active,1,28,2014-11-04 21:10:07.24713,69106
22807666,310,Active,8,27,2014-11-04 21:10:07.252089,69106
22807667,311,Inactive,0,11,2014-11-04 21:10:07.257022,69106
22807668,312,Active,26,2,2014-11-04 21:10:07.262138,69106
22807669,313,Active,14,24,2014-11-04 21:10:07.267413,69106
22807670,314,Active,13,3,2014-11-04 21:10:07.27246,69106
22807671,315,Active,18,19,2014-11-04 21:10:07.277761,69106
22807672,316,Active,17,10,2014-11-04 21:10:07.283109,69106
22807673,317,Active,12,1,2014-11-04 21:10:07.288121,69106
22807674,318,Active,13,11,2014-11-04 21:10:07.293229,69106
22807675,319,Inactive,0,0,2014-11-04 21:10:07.298131,69106
22807676,320,Active,20,16,2014-11-04 21:10:07.303191,69106
22807677,321,Active,6,3,2014-11-04 21:10:07.308092,69106
22807678,322,Active,39,7,2014-11-04 21:10:07.313075,69106
22807679,332,Active,1,22,2014-11-04 21:10:07.317924,69106
22807680,327,Active,10,24,2014-11-04 21:10:07.322754,69106
22807681,328,Active,14,24,2014-11-04 21:10:07.328315,69106
22807682,331,Active,0,33,2014-11-04 21:10:07.333942,69106
22807683,323,Active,0,37,2014-11-04 21:10:07.342118,69106
22807684,324,Active,5,37,2014-11-04 21:10:07.347102,69106
22807685,329,Active,22,9,2014-11-04 21:10:07.352049,69106
22807686,325,Active,23,9,2014-11-04 21:10:07.357163,69106
22807687,326,Active,3,20,2014-11-04 21:10:07.362496,69106
22807688,1,Active,5,31,2014-11-04 21:20:05.058518,69107
22807689,2,Active,9,21,2014-11-04 21:20:05.068868,69107
22807690,3,Active,0,25,2014-11-04 21:20:05.07323,69107
22807691,4,Active,10,50,2014-11-04 21:20:05.077444,69107
22807692,5,Active,19,13,2014-11-04 21:20:05.08177,69107
22807693,6,Active,3,15,2014-11-04 21:20:05.087635,69107
22807694,7,Active,1,16,2014-11-04 21:20:05.091795,69107
22807695,8,Active,6,22,2014-11-04 21:20:05.096002,69107
22807696,9,Active,23,7,2014-11-04 21:20:05.100199,69107
22807697,10,Active,11,35,2014-11-04 21:20:05.104755,69107
22807698,11,Active,0,22,2014-11-04 21:20:05.108967,69107
22807699,12,Active,3,16,2014-11-04 21:20:05.113476,69107
22807700,13,Active,21,18,2014-11-04 21:20:05.117877,69107
22807701,14,Active,31,1,2014-11-04 21:20:05.121981,69107
22807702,15,Active,0,30,2014-11-04 21:20:05.126292,69107
22807703,16,Active,8,19,2014-11-04 21:20:05.131536,69107
22807704,17,Active,23,3,2014-11-04 21:20:05.135852,69107
22807705,18,Active,15,34,2014-11-04 21:20:05.140264,69107
22807706,19,Active,3,19,2014-11-04 21:20:05.144662,69107
22807707,20,Active,2,23,2014-11-04 21:20:05.148823,69107
22807708,21,Active,29,5,2014-11-04 21:20:05.15305,69107
22807709,22,Active,30,10,2014-11-04 21:20:05.157316,69107
22807710,23,Active,17,26,2014-11-04 21:20:05.161497,69107
22807711,24,Active,38,7,2014-11-04 21:20:05.165774,69107
22807712,25,Active,31,11,2014-11-04 21:20:05.170085,69107
22807713,26,Active,1,28,2014-11-04 21:20:05.174372,69107
22807714,27,Active,18,26,2014-11-04 21:20:05.179712,69107
22807715,28,Active,23,3,2014-11-04 21:20:05.183827,69107
22807716,29,Active,0,22,2014-11-04 21:20:05.188352,69107
22807717,30,Active,37,0,2014-11-04 21:20:05.192824,69107
22807718,31,Active,4,31,2014-11-04 21:20:05.197024,69107
22807719,32,Active,14,18,2014-11-04 21:20:05.201317,69107
22807720,33,Active,7,23,2014-11-04 21:20:05.206211,69107
22807721,34,Active,29,5,2014-11-04 21:20:05.210488,69107
22807722,35,Active,44,9,2014-11-04 21:20:05.214793,69107
22807723,36,Active,21,5,2014-11-04 21:20:05.218983,69107
22807724,37,Active,0,22,2014-11-04 21:20:05.223259,69107
22807725,38,Active,1,37,2014-11-04 21:20:05.227375,69107
22807726,39,Active,5,32,2014-11-04 21:20:05.231513,69107
22807727,40,Active,3,35,2014-11-04 21:20:05.235857,69107
22807728,41,Active,8,23,2014-11-04 21:20:05.239953,69107
22807729,42,Active,11,19,2014-11-04 21:20:05.244162,69107
22807730,43,Active,0,21,2014-11-04 21:20:05.248448,69107
22807731,44,Active,4,17,2014-11-04 21:20:05.253089,69107
22807732,45,Active,20,10,2014-11-04 21:20:05.25776,69107
22807733,46,Active,0,29,2014-11-04 21:20:05.262031,69107
22807734,47,Active,12,11,2014-11-04 21:20:05.266218,69107
22807735,48,Active,12,4,2014-11-04 21:20:05.270624,69107
22807736,49,Active,18,4,2014-11-04 21:20:05.275782,69107
22807737,50,Active,21,5,2014-11-04 21:20:05.279967,69107
22807738,51,Active,13,24,2014-11-04 21:20:05.284156,69107
22807739,52,Active,18,8,2014-11-04 21:20:05.288492,69107
22807740,53,Active,18,13,2014-11-04 21:20:05.292801,69107
22807741,54,Inactive,0,3,2014-11-04 21:20:05.297477,69107
22807742,55,Active,8,21,2014-11-04 21:20:05.303732,69107
22807743,56,Active,31,5,2014-11-04 21:20:05.330505,69107
22807744,57,Active,1,21,2014-11-04 21:20:05.336234,69107
22807745,58,Active,5,31,2014-11-04 21:20:05.341424,69107
22807746,59,Active,35,0,2014-11-04 21:20:05.346577,69107
22807747,60,Active,3,23,2014-11-04 21:20:05.351736,69107
22807748,61,Active,3,18,2014-11-04 21:20:05.356827,69107
22807749,62,Active,5,24,2014-11-04 21:20:05.361984,69107
22807750,63,Active,24,1,2014-11-04 21:20:05.36703,69107
22807751,64,Active,3,32,2014-11-04 21:20:05.3722,69107
22807752,65,Active,1,23,2014-11-04 21:20:05.377269,69107
22807753,66,Active,1,54,2014-11-04 21:20:05.382666,69107
22807754,67,Active,23,2,2014-11-04 21:20:05.388438,69107
22807755,68,Active,2,18,2014-11-04 21:20:05.393526,69107
22807756,69,Active,2,25,2014-11-04 21:20:05.398589,69107
22807757,70,Active,0,29,2014-11-04 21:20:05.404069,69107
22807758,71,Active,0,18,2014-11-04 21:20:05.409081,69107
22807759,72,Active,13,9,2014-11-04 21:20:05.414011,69107
22807760,73,Active,0,18,2014-11-04 21:20:05.418982,69107
22807761,74,Active,21,14,2014-11-04 21:20:05.424014,69107
22807762,75,Active,14,15,2014-11-04 21:20:05.429861,69107
22807763,76,Active,51,6,2014-11-04 21:20:05.434812,69107
22807764,77,Active,2,25,2014-11-04 21:20:05.439542,69107
22807765,78,Active,13,28,2014-11-04 21:20:05.44835,69107
22807766,79,Active,30,12,2014-11-04 21:20:05.45344,69107
22807767,80,Active,1,17,2014-11-04 21:20:05.458425,69107
22807768,81,Active,4,25,2014-11-04 21:20:05.463359,69107
22807769,82,Active,5,15,2014-11-04 21:20:05.468276,69107
22807770,83,Active,45,7,2014-11-04 21:20:05.47334,69107
22807771,84,Active,5,22,2014-11-04 21:20:05.478329,69107
22807772,85,Active,0,24,2014-11-04 21:20:05.483554,69107
22807773,86,Active,2,33,2014-11-04 21:20:05.488858,69107
22807774,87,Active,16,9,2014-11-04 21:20:05.493847,69107
22807775,88,Active,2,33,2014-11-04 21:20:05.499332,69107
22807776,89,Active,33,20,2014-11-04 21:20:05.504784,69107
22807777,90,Active,3,11,2014-11-04 21:20:05.509891,69107
22807778,91,Active,3,20,2014-11-04 21:20:05.514857,69107
22807779,92,Active,29,1,2014-11-04 21:20:05.519902,69107
22807780,93,Active,21,14,2014-11-04 21:20:05.525539,69107
22807781,94,Active,23,10,2014-11-04 21:20:05.530511,69107
22807782,95,Active,24,11,2014-11-04 21:20:05.535505,69107
22807783,96,Active,9,22,2014-11-04 21:20:05.540581,69107
22807784,97,Active,2,23,2014-11-04 21:20:05.546023,69107
22807785,98,Active,35,6,2014-11-04 21:20:05.551422,69107
22807786,99,Active,1,34,2014-11-04 21:20:05.556484,69107
22807787,100,Active,4,25,2014-11-04 21:20:05.561657,69107
22807788,101,Active,3,26,2014-11-04 21:20:05.566642,69107
22807789,102,Active,11,9,2014-11-04 21:20:05.571703,69107
22807790,103,Active,6,32,2014-11-04 21:20:05.577342,69107
22807791,104,Active,21,7,2014-11-04 21:20:05.58255,69107
22807792,105,Active,17,26,2014-11-04 21:20:05.588394,69107
22807793,106,Active,4,23,2014-11-04 21:20:05.593551,69107
22807794,107,Active,0,29,2014-11-04 21:20:05.598747,69107
22807795,108,Inactive,0,3,2014-11-04 21:20:05.603979,69107
22807796,109,Inactive,0,5,2014-11-04 21:20:05.609194,69107
22807797,110,Active,1,24,2014-11-04 21:20:05.614441,69107
22807798,111,Active,0,31,2014-11-04 21:20:05.619058,69107
22807799,112,Active,19,17,2014-11-04 21:20:05.646594,69107
22807800,113,Active,18,32,2014-11-04 21:20:05.652521,69107
22807801,114,Active,8,27,2014-11-04 21:20:05.657544,69107
22807802,115,Active,0,26,2014-11-04 21:20:05.66416,69107
22807803,116,Active,17,19,2014-11-04 21:20:05.669117,69107
22807804,117,Active,13,9,2014-11-04 21:20:05.674752,69107
22807805,118,Active,1,27,2014-11-04 21:20:05.680972,69107
22807806,119,Active,24,14,2014-11-04 21:20:05.68632,69107
22807807,120,Active,0,26,2014-11-04 21:20:05.691319,69107
22807808,121,Active,6,18,2014-11-04 21:20:05.696445,69107
22807809,122,Active,1,28,2014-11-04 21:20:05.701232,69107
22807810,123,Active,15,11,2014-11-04 21:20:05.706105,69107
22807811,124,Active,29,5,2014-11-04 21:20:05.711028,69107
22807812,125,Active,8,29,2014-11-04 21:20:05.716237,69107
22807813,126,Active,1,22,2014-11-04 21:20:05.720935,69107
22807814,127,Active,2,23,2014-11-04 21:20:05.725649,69107
22807815,128,Active,1,17,2014-11-04 21:20:05.730596,69107
22807816,129,Active,1,28,2014-11-04 21:20:05.735421,69107
22807817,130,Active,12,11,2014-11-04 21:20:05.740442,69107
22807818,131,Active,9,13,2014-11-04 21:20:05.745559,69107
22807819,132,Active,26,8,2014-11-04 21:20:05.750551,69107
22807820,133,Active,3,22,2014-11-04 21:20:05.755525,69107
22807821,134,Active,18,16,2014-11-04 21:20:05.760647,69107
22807822,135,Active,33,5,2014-11-04 21:20:05.765485,69107
22807823,136,Active,0,21,2014-11-04 21:20:05.770693,69107
22807824,137,Active,5,22,2014-11-04 21:20:05.776244,69107
22807825,138,Active,33,5,2014-11-04 21:20:05.78119,69107
22807826,139,Active,32,4,2014-11-04 21:20:05.786268,69107
22807827,140,Active,2,23,2014-11-04 21:20:05.7912,69107
22807828,141,Active,2,28,2014-11-04 21:20:05.79603,69107
22807829,142,Active,24,16,2014-11-04 21:20:05.801321,69107
22807830,143,Active,2,21,2014-11-04 21:20:05.806641,69107
22807831,144,Active,10,15,2014-11-04 21:20:05.811257,69107
22807832,145,Active,30,5,2014-11-04 21:20:05.816164,69107
22807833,146,Active,34,20,2014-11-04 21:20:05.821187,69107
22807834,147,Active,35,4,2014-11-04 21:20:05.826288,69107
22807835,148,Active,2,41,2014-11-04 21:20:05.831193,69107
22807836,149,Active,2,53,2014-11-04 21:20:05.836262,69107
22807837,150,Active,6,41,2014-11-04 21:20:05.841259,69107
22807838,151,Active,2,23,2014-11-04 21:20:05.846216,69107
22807839,152,Active,3,26,2014-11-04 21:20:05.851092,69107
22807840,153,Active,14,19,2014-11-04 21:20:05.856075,69107
22807841,154,Active,27,6,2014-11-04 21:20:05.861107,69107
22807842,155,Active,3,31,2014-11-04 21:20:05.866023,69107
22807843,156,Active,13,19,2014-11-04 21:20:05.870979,69107
22807844,157,Active,3,23,2014-11-04 21:20:05.875903,69107
22807845,158,Active,8,10,2014-11-04 21:20:05.880767,69107
22807846,159,Active,17,11,2014-11-04 21:20:05.886062,69107
22807847,160,Active,5,38,2014-11-04 21:20:05.892093,69107
22807848,161,Active,45,1,2014-11-04 21:20:05.897031,69107
22807849,162,Active,1,39,2014-11-04 21:20:05.902248,69107
22807850,163,Active,14,24,2014-11-04 21:20:05.907072,69107
22807851,164,Active,29,3,2014-11-04 21:20:05.912115,69107
22807852,165,Active,15,23,2014-11-04 21:20:05.917023,69107
22807853,166,Active,6,24,2014-11-04 21:20:05.9219,69107
22807854,167,Active,8,19,2014-11-04 21:20:05.926934,69107
22807855,168,Active,16,25,2014-11-04 21:20:05.952772,69107
22807856,169,Active,12,24,2014-11-04 21:20:05.958651,69107
22807857,170,Active,23,3,2014-11-04 21:20:05.96345,69107
22807858,171,Active,1,26,2014-11-04 21:20:05.968594,69107
22807859,172,Active,17,14,2014-11-04 21:20:05.973741,69107
22807860,173,Active,2,29,2014-11-04 21:20:05.978757,69107
22807861,174,Active,22,8,2014-11-04 21:20:05.983857,69107
22807862,175,Active,3,27,2014-11-04 21:20:05.9888,69107
22807863,176,Active,10,21,2014-11-04 21:20:05.994217,69107
22807864,177,Active,6,24,2014-11-04 21:20:05.999169,69107
22807865,178,Active,0,23,2014-11-04 21:20:06.00396,69107
22807866,179,Active,2,25,2014-11-04 21:20:06.008874,69107
22807867,180,Active,1,30,2014-11-04 21:20:06.013938,69107
22807868,181,Active,1,26,2014-11-04 21:20:06.018788,69107
22807869,182,Active,0,14,2014-11-04 21:20:06.024102,69107
22807870,183,Active,4,35,2014-11-04 21:20:06.029068,69107
22807871,184,Active,20,18,2014-11-04 21:20:06.033838,69107
22807872,185,Active,8,21,2014-11-04 21:20:06.038808,69107
22807873,186,Active,35,3,2014-11-04 21:20:06.043636,69107
22807874,187,Active,12,28,2014-11-04 21:20:06.048488,69107
22807875,188,Active,2,32,2014-11-04 21:20:06.053929,69107
22807876,189,Active,1,41,2014-11-04 21:20:06.058658,69107
22807877,190,Active,1,22,2014-11-04 21:20:06.064016,69107
22807878,191,Active,0,19,2014-11-04 21:20:06.068959,69107
22807879,192,Active,2,32,2014-11-04 21:20:06.073843,69107
22807880,193,Active,3,19,2014-11-04 21:20:06.078971,69107
22807881,194,Active,3,24,2014-11-04 21:20:06.083911,69107
22807882,195,Active,16,8,2014-11-04 21:20:06.089059,69107
22807883,196,Active,26,11,2014-11-04 21:20:06.094043,69107
22807884,197,Active,3,28,2014-11-04 21:20:06.098951,69107
22807885,198,Active,12,9,2014-11-04 21:20:06.103763,69107
22807886,199,Active,4,19,2014-11-04 21:20:06.108747,69107
22807887,200,Active,1,22,2014-11-04 21:20:06.113902,69107
22807888,201,Active,5,16,2014-11-04 21:20:06.118941,69107
22807889,202,Active,2,15,2014-11-04 21:20:06.124236,69107
22807890,203,Active,2,53,2014-11-04 21:20:06.129235,69107
22807891,204,Active,0,38,2014-11-04 21:20:06.135077,69107
22807892,205,Active,24,2,2014-11-04 21:20:06.139718,69107
22807893,206,Active,43,4,2014-11-04 21:20:06.144575,69107
22807894,207,Active,9,21,2014-11-04 21:20:06.149477,69107
22807895,208,Active,22,4,2014-11-04 21:20:06.154392,69107
22807896,209,Active,2,28,2014-11-04 21:20:06.159295,69107
22807897,210,Active,5,26,2014-11-04 21:20:06.165167,69107
22807898,211,Active,10,29,2014-11-04 21:20:06.170058,69107
22807899,212,Active,20,1,2014-11-04 21:20:06.174996,69107
22807900,213,Active,37,8,2014-11-04 21:20:06.179939,69107
22807901,214,Active,1,25,2014-11-04 21:20:06.184839,69107
22807902,215,Active,0,23,2014-11-04 21:20:06.190841,69107
22807903,216,Active,9,12,2014-11-04 21:20:06.195658,69107
22807904,217,Active,2,34,2014-11-04 21:20:06.200411,69107
22807905,218,Active,8,21,2014-11-04 21:20:06.205344,69107
22807906,219,Active,10,23,2014-11-04 21:20:06.21024,69107
22807907,220,Active,34,14,2014-11-04 21:20:06.215219,69107
22807908,221,Active,0,23,2014-11-04 21:20:06.220168,69107
22807909,222,Active,32,17,2014-11-04 21:20:06.225158,69107
22807910,223,Active,9,32,2014-11-04 21:20:06.23015,69107
22807911,224,Active,9,27,2014-11-04 21:20:06.256545,69107
22807912,225,Active,7,20,2014-11-04 21:20:06.262333,69107
22807913,226,Active,0,30,2014-11-04 21:20:06.267241,69107
22807914,227,Active,1,30,2014-11-04 21:20:06.276295,69107
22807915,228,Active,5,52,2014-11-04 21:20:06.28126,69107
22807916,229,Active,15,23,2014-11-04 21:20:06.286265,69107
22807917,230,Active,6,28,2014-11-04 21:20:06.291131,69107
22807918,231,Active,27,10,2014-11-04 21:20:06.296011,69107
22807919,232,Active,17,18,2014-11-04 21:20:06.300929,69107
22807920,233,Active,9,28,2014-11-04 21:20:06.305915,69107
22807921,234,Active,14,15,2014-11-04 21:20:06.310796,69107
22807922,235,Active,0,48,2014-11-04 21:20:06.315888,69107
22807923,236,Active,0,21,2014-11-04 21:20:06.320764,69107
22807924,237,Active,0,38,2014-11-04 21:20:06.326072,69107
22807925,238,Active,41,4,2014-11-04 21:20:06.331927,69107
22807926,239,Active,9,7,2014-11-04 21:20:06.336814,69107
22807927,240,Active,46,12,2014-11-04 21:20:06.34336,69107
22807928,241,Active,10,29,2014-11-04 21:20:06.34825,69107
22807929,242,Active,26,6,2014-11-04 21:20:06.353326,69107
22807930,243,Active,13,18,2014-11-04 21:20:06.358342,69107
22807931,244,Active,2,54,2014-11-04 21:20:06.363215,69107
22807932,245,Active,35,21,2014-11-04 21:20:06.368397,69107
22807933,246,Active,0,33,2014-11-04 21:20:06.37328,69107
22807934,247,Active,4,25,2014-11-04 21:20:06.378379,69107
22807935,248,Active,19,20,2014-11-04 21:20:06.383684,69107
22807936,249,Active,2,38,2014-11-04 21:20:06.392997,69107
22807937,250,Active,34,10,2014-11-04 21:20:06.397828,69107
22807938,251,Active,23,10,2014-11-04 21:20:06.402799,69107
22807939,252,Active,8,35,2014-11-04 21:20:06.407792,69107
22807940,253,Active,21,35,2014-11-04 21:20:06.412661,69107
22807941,254,Active,2,24,2014-11-04 21:20:06.417636,69107
22807942,255,Active,9,19,2014-11-04 21:20:06.422731,69107
22807943,256,Active,0,24,2014-11-04 21:20:06.427688,69107
22807944,257,Active,0,24,2014-11-04 21:20:06.432564,69107
22807945,258,Active,8,30,2014-11-04 21:20:06.437421,69107
22807946,259,Active,14,20,2014-11-04 21:20:06.443788,69107
22807947,260,Active,21,22,2014-11-04 21:20:06.448658,69107
22807948,261,Active,7,31,2014-11-04 21:20:06.453803,69107
22807949,262,Active,19,17,2014-11-04 21:20:06.459004,69107
22807950,263,Active,5,29,2014-11-04 21:20:06.464001,69107
22807951,264,Active,12,29,2014-11-04 21:20:06.468948,69107
22807952,265,Active,20,13,2014-11-04 21:20:06.473955,69107
22807953,266,Active,2,57,2014-11-04 21:20:06.480249,69107
22807954,267,Active,41,12,2014-11-04 21:20:06.485156,69107
22807955,268,Active,29,20,2014-11-04 21:20:06.489933,69107
22807956,269,Active,23,10,2014-11-04 21:20:06.494873,69107
22807957,270,Active,15,17,2014-11-04 21:20:06.500143,69107
22807958,271,Active,0,25,2014-11-04 21:20:06.506764,69107
22807959,272,Active,39,6,2014-11-04 21:20:06.511767,69107
22807960,273,Active,37,21,2014-11-04 21:20:06.516757,69107
22807961,274,Active,6,19,2014-11-04 21:20:06.521824,69107
22807962,275,Active,17,18,2014-11-04 21:20:06.526922,69107
22807963,276,Active,24,21,2014-11-04 21:20:06.531999,69107
22807964,277,Active,8,34,2014-11-04 21:20:06.537002,69107
22807965,330,Active,0,30,2014-11-04 21:20:06.542005,69107
22807966,278,Active,21,4,2014-11-04 21:20:06.546771,69107
22807967,279,Active,16,26,2014-11-04 21:20:06.573538,69107
22807968,280,Active,23,12,2014-11-04 21:20:06.578963,69107
22807969,281,Active,0,47,2014-11-04 21:20:06.583847,69107
22807970,282,Active,5,18,2014-11-04 21:20:06.588811,69107
22807971,283,Active,2,30,2014-11-04 21:20:06.593982,69107
22807972,284,Active,37,14,2014-11-04 21:20:06.598743,69107
22807973,285,Active,1,31,2014-11-04 21:20:06.603648,69107
22807974,286,Active,4,21,2014-11-04 21:20:06.608605,69107
22807975,287,Active,0,25,2014-11-04 21:20:06.613523,69107
22807976,288,Active,10,39,2014-11-04 21:20:06.618504,69107
22807977,289,Active,10,21,2014-11-04 21:20:06.623378,69107
22807978,290,Active,14,15,2014-11-04 21:20:06.628329,69107
22807979,291,Active,6,46,2014-11-04 21:20:06.633315,69107
22807980,292,Active,21,16,2014-11-04 21:20:06.638366,69107
22807981,293,Active,8,49,2014-11-04 21:20:06.644183,69107
22807982,294,Active,15,24,2014-11-04 21:20:06.649071,69107
22807983,295,Active,12,55,2014-11-04 21:20:06.653993,69107
22807984,296,Active,45,5,2014-11-04 21:20:06.659036,69107
22807985,297,Active,14,30,2014-11-04 21:20:06.663802,69107
22807986,298,Active,28,29,2014-11-04 21:20:06.66887,69107
22807987,299,Active,0,37,2014-11-04 21:20:06.673694,69107
22807988,300,Active,6,32,2014-11-04 21:20:06.678817,69107
22807989,301,Inactive,0,31,2014-11-04 21:20:06.683687,69107
22807990,302,Active,4,32,2014-11-04 21:20:06.68871,69107
22807991,303,Active,5,36,2014-11-04 21:20:06.69377,69107
22807992,304,Active,6,30,2014-11-04 21:20:06.698674,69107
22807993,305,Active,2,33,2014-11-04 21:20:06.704579,69107
22807994,306,Active,5,35,2014-11-04 21:20:06.709556,69107
22807995,307,Active,4,45,2014-11-04 21:20:06.714402,69107
22807996,308,Active,18,9,2014-11-04 21:20:06.719454,69107
22807997,309,Active,2,27,2014-11-04 21:20:06.724691,69107
22807998,310,Active,7,28,2014-11-04 21:20:06.729541,69107
22807999,311,Inactive,0,11,2014-11-04 21:20:06.734487,69107
22808000,312,Active,26,2,2014-11-04 21:20:06.739534,69107
22808001,313,Active,15,23,2014-11-04 21:20:06.744741,69107
22808002,314,Active,12,4,2014-11-04 21:20:06.749692,69107
22808003,315,Active,17,20,2014-11-04 21:20:06.754634,69107
22808004,316,Active,18,9,2014-11-04 21:20:06.759515,69107
22808005,317,Active,12,1,2014-11-04 21:20:06.764681,69107
22808006,318,Active,11,13,2014-11-04 21:20:06.769784,69107
22808007,319,Inactive,0,0,2014-11-04 21:20:06.774662,69107
22808008,320,Active,20,16,2014-11-04 21:20:06.779909,69107
22808009,321,Active,5,4,2014-11-04 21:20:06.785043,69107
22808010,322,Active,40,6,2014-11-04 21:20:06.790343,69107
22808011,332,Active,1,22,2014-11-04 21:20:06.795416,69107
22808012,327,Active,10,24,2014-11-04 21:20:06.80056,69107
22808013,328,Active,15,23,2014-11-04 21:20:06.805683,69107
22808014,331,Active,0,33,2014-11-04 21:20:06.810933,69107
22808015,323,Active,0,37,2014-11-04 21:20:06.815715,69107
22808016,324,Active,9,33,2014-11-04 21:20:06.824017,69107
22808017,329,Active,20,11,2014-11-04 21:20:06.829027,69107
22808018,325,Active,22,10,2014-11-04 21:20:06.834098,69107
22808019,326,Active,3,20,2014-11-04 21:20:06.839134,69107
22808020,1,Active,5,31,2014-11-04 21:30:05.527081,69108
22808021,2,Active,8,22,2014-11-04 21:30:05.543036,69108
22808022,3,Active,0,25,2014-11-04 21:30:05.547628,69108
22808023,4,Active,10,50,2014-11-04 21:30:05.554017,69108
22808024,5,Active,21,11,2014-11-04 21:30:05.558337,69108
22808025,6,Active,3,15,2014-11-04 21:30:05.562624,69108
22808026,7,Active,1,16,2014-11-04 21:30:05.566644,69108
22808027,8,Active,5,23,2014-11-04 21:30:05.570919,69108
22808028,9,Active,24,6,2014-11-04 21:30:05.575177,69108
22808029,10,Active,10,36,2014-11-04 21:30:05.579479,69108
22808030,11,Active,0,22,2014-11-04 21:30:05.583741,69108
22808031,12,Active,3,16,2014-11-04 21:30:05.588034,69108
22808032,13,Active,21,18,2014-11-04 21:30:05.592444,69108
22808033,14,Active,30,2,2014-11-04 21:30:05.596704,69108
22808034,15,Active,1,29,2014-11-04 21:30:05.600838,69108
22808035,16,Active,9,18,2014-11-04 21:30:05.604915,69108
22808036,17,Active,23,3,2014-11-04 21:30:05.608945,69108
22808037,18,Active,14,35,2014-11-04 21:30:05.613434,69108
22808038,19,Active,3,19,2014-11-04 21:30:05.617593,69108
22808039,20,Active,3,22,2014-11-04 21:30:05.621587,69108
22808040,21,Active,30,4,2014-11-04 21:30:05.62579,69108
22808041,22,Active,30,10,2014-11-04 21:30:05.629901,69108
22808042,23,Active,16,27,2014-11-04 21:30:05.634142,69108
22808043,24,Active,37,8,2014-11-04 21:30:05.638479,69108
22808044,25,Active,31,11,2014-11-04 21:30:05.642551,69108
22808045,26,Active,0,29,2014-11-04 21:30:05.646859,69108
22808046,27,Active,19,25,2014-11-04 21:30:05.653763,69108
22808047,28,Active,21,5,2014-11-04 21:30:05.657864,69108
22808048,29,Active,0,22,2014-11-04 21:30:05.662886,69108
22808049,30,Active,37,0,2014-11-04 21:30:05.670087,69108
22808050,31,Active,5,30,2014-11-04 21:30:05.674491,69108
22808051,32,Active,14,18,2014-11-04 21:30:05.678621,69108
22808052,33,Active,9,21,2014-11-04 21:30:05.682722,69108
22808053,34,Active,28,6,2014-11-04 21:30:05.686858,69108
22808054,35,Active,46,7,2014-11-04 21:30:05.691052,69108
22808055,36,Active,22,4,2014-11-04 21:30:05.695183,69108
22808056,37,Active,0,22,2014-11-04 21:30:05.699389,69108
22808057,38,Active,2,36,2014-11-04 21:30:05.704066,69108
22808058,39,Active,5,31,2014-11-04 21:30:05.708237,69108
22808059,40,Active,2,36,2014-11-04 21:30:05.712436,69108
22808060,41,Active,6,25,2014-11-04 21:30:05.716809,69108
22808061,42,Active,11,19,2014-11-04 21:30:05.720956,69108
22808062,43,Active,0,21,2014-11-04 21:30:05.725484,69108
22808063,44,Active,4,17,2014-11-04 21:30:05.729724,69108
22808064,45,Active,20,10,2014-11-04 21:30:05.734227,69108
22808065,46,Active,0,29,2014-11-04 21:30:05.742745,69108
22808066,47,Active,13,10,2014-11-04 21:30:05.747309,69108
22808067,48,Active,16,0,2014-11-04 21:30:05.75274,69108
22808068,49,Active,19,3,2014-11-04 21:30:05.757048,69108
22808069,50,Active,21,5,2014-11-04 21:30:05.788016,69108
22808070,51,Active,12,25,2014-11-04 21:30:05.792444,69108
22808071,52,Active,18,8,2014-11-04 21:30:05.796872,69108
22808072,53,Active,18,13,2014-11-04 21:30:05.800992,69108
22808073,54,Inactive,0,3,2014-11-04 21:30:05.805492,69108
22808074,55,Active,8,21,2014-11-04 21:30:05.814953,69108
22808075,56,Active,31,5,2014-11-04 21:30:05.843407,69108
22808076,57,Active,1,21,2014-11-04 21:30:05.849804,69108
22808077,58,Active,5,31,2014-11-04 21:30:05.855186,69108
22808078,59,Active,34,1,2014-11-04 21:30:05.860146,69108
22808079,60,Active,3,23,2014-11-04 21:30:05.865094,69108
22808080,61,Active,3,18,2014-11-04 21:30:05.870034,69108
22808081,62,Active,4,25,2014-11-04 21:30:05.875007,69108
22808082,63,Active,23,2,2014-11-04 21:30:05.87994,69108
22808083,64,Active,6,29,2014-11-04 21:30:05.884849,69108
22808084,65,Active,1,23,2014-11-04 21:30:05.890426,69108
22808085,66,Active,1,54,2014-11-04 21:30:05.895606,69108
22808086,67,Active,23,2,2014-11-04 21:30:05.900604,69108
22808087,68,Active,2,18,2014-11-04 21:30:05.905724,69108
22808088,69,Active,1,26,2014-11-04 21:30:05.910472,69108
22808089,70,Active,0,29,2014-11-04 21:30:05.915451,69108
22808090,71,Active,0,18,2014-11-04 21:30:05.920798,69108
22808091,72,Active,13,9,2014-11-04 21:30:05.925802,69108
22808092,73,Active,0,18,2014-11-04 21:30:05.931145,69108
22808093,74,Active,25,10,2014-11-04 21:30:05.93646,69108
22808094,75,Active,13,16,2014-11-04 21:30:05.941611,69108
22808095,76,Active,53,4,2014-11-04 21:30:05.946816,69108
22808096,77,Active,2,25,2014-11-04 21:30:05.951752,69108
22808097,78,Active,13,29,2014-11-04 21:30:05.956676,69108
22808098,79,Active,29,13,2014-11-04 21:30:05.981031,69108
22808099,80,Active,1,17,2014-11-04 21:30:05.986408,69108
22808100,81,Active,3,26,2014-11-04 21:30:05.991658,69108
22808101,82,Active,3,17,2014-11-04 21:30:05.99668,69108
22808102,83,Active,41,11,2014-11-04 21:30:06.001734,69108
22808103,84,Active,1,26,2014-11-04 21:30:06.007056,69108
22808104,85,Active,1,23,2014-11-04 21:30:06.012177,69108
22808105,86,Active,2,33,2014-11-04 21:30:06.017243,69108
22808106,87,Active,15,10,2014-11-04 21:30:06.022465,69108
22808107,88,Active,2,33,2014-11-04 21:30:06.027636,69108
22808108,89,Active,31,22,2014-11-04 21:30:06.032687,69108
22808109,90,Active,3,11,2014-11-04 21:30:06.037533,69108
22808110,91,Active,2,21,2014-11-04 21:30:06.042766,69108
22808111,92,Active,29,1,2014-11-04 21:30:06.047697,69108
22808112,93,Active,20,15,2014-11-04 21:30:06.052575,69108
22808113,94,Active,23,10,2014-11-04 21:30:06.057381,69108
22808114,95,Active,24,11,2014-11-04 21:30:06.062369,69108
22808115,96,Active,9,22,2014-11-04 21:30:06.067308,69108
22808116,97,Active,2,23,2014-11-04 21:30:06.072238,69108
22808117,98,Active,33,8,2014-11-04 21:30:06.077312,69108
22808118,99,Active,2,33,2014-11-04 21:30:06.082246,69108
22808119,100,Active,4,25,2014-11-04 21:30:06.087363,69108
22808120,101,Active,2,26,2014-11-04 21:30:06.0926,69108
22808121,102,Active,10,10,2014-11-04 21:30:06.097753,69108
22808122,103,Active,6,32,2014-11-04 21:30:06.102919,69108
22808123,104,Active,22,6,2014-11-04 21:30:06.107999,69108
22808124,105,Active,17,26,2014-11-04 21:30:06.112984,69108
22808125,106,Active,6,21,2014-11-04 21:30:06.118121,69108
22808126,107,Active,2,27,2014-11-04 21:30:06.123094,69108
22808127,108,Inactive,0,3,2014-11-04 21:30:06.128048,69108
22808128,109,Inactive,0,5,2014-11-04 21:30:06.132693,69108
22808129,110,Active,1,24,2014-11-04 21:30:06.138483,69108
22808130,111,Active,1,30,2014-11-04 21:30:06.142974,69108
22808131,112,Active,19,17,2014-11-04 21:30:06.170031,69108
22808132,113,Active,18,32,2014-11-04 21:30:06.176005,69108
22808133,114,Active,9,26,2014-11-04 21:30:06.181098,69108
22808134,115,Active,4,22,2014-11-04 21:30:06.186667,69108
22808135,116,Active,16,20,2014-11-04 21:30:06.191509,69108
22808136,117,Active,13,9,2014-11-04 21:30:06.196867,69108
22808137,118,Active,0,28,2014-11-04 21:30:06.201746,69108
22808138,119,Active,22,16,2014-11-04 21:30:06.206804,69108
22808139,120,Active,0,26,2014-11-04 21:30:06.21189,69108
22808140,121,Active,7,17,2014-11-04 21:30:06.216848,69108
22808141,122,Active,1,28,2014-11-04 21:30:06.221848,69108
22808142,123,Active,15,11,2014-11-04 21:30:06.226724,69108
22808143,124,Active,29,5,2014-11-04 21:30:06.231541,69108
22808144,125,Active,8,29,2014-11-04 21:30:06.236451,69108
22808145,126,Active,1,22,2014-11-04 21:30:06.241451,69108
22808146,127,Active,3,22,2014-11-04 21:30:06.246146,69108
22808147,128,Active,1,17,2014-11-04 21:30:06.251208,69108
22808148,129,Active,1,28,2014-11-04 21:30:06.256338,69108
22808149,130,Active,12,11,2014-11-04 21:30:06.261652,69108
22808150,131,Active,9,13,2014-11-04 21:30:06.266526,69108
22808151,132,Active,25,9,2014-11-04 21:30:06.273497,69108
22808152,133,Active,0,25,2014-11-04 21:30:06.278247,69108
22808153,134,Active,13,21,2014-11-04 21:30:06.283329,69108
22808154,135,Active,31,7,2014-11-04 21:30:06.288204,69108
22808155,136,Active,2,19,2014-11-04 21:30:06.293031,69108
22808156,137,Active,6,21,2014-11-04 21:30:06.297712,69108
22808157,138,Active,31,7,2014-11-04 21:30:06.326439,69108
22808158,139,Active,29,7,2014-11-04 21:30:06.332547,69108
22808159,140,Active,2,23,2014-11-04 21:30:06.337722,69108
22808160,141,Active,1,29,2014-11-04 21:30:06.342503,69108
22808161,142,Active,25,15,2014-11-04 21:30:06.34778,69108
22808162,143,Active,2,21,2014-11-04 21:30:06.352913,69108
22808163,144,Active,13,12,2014-11-04 21:30:06.357754,69108
22808164,145,Active,31,4,2014-11-04 21:30:06.363279,69108
22808165,146,Active,31,23,2014-11-04 21:30:06.36838,69108
22808166,147,Active,34,5,2014-11-04 21:30:06.373513,69108
22808167,148,Active,1,42,2014-11-04 21:30:06.378582,69108
22808168,149,Active,7,48,2014-11-04 21:30:06.383796,69108
22808169,150,Active,7,40,2014-11-04 21:30:06.3889,69108
22808170,151,Active,2,23,2014-11-04 21:30:06.394002,69108
22808171,152,Active,3,26,2014-11-04 21:30:06.398927,69108
22808172,153,Active,13,20,2014-11-04 21:30:06.404284,69108
22808173,154,Active,27,6,2014-11-04 21:30:06.41046,69108
22808174,155,Active,10,24,2014-11-04 21:30:06.415488,69108
22808175,156,Active,13,19,2014-11-04 21:30:06.421133,69108
22808176,157,Active,3,23,2014-11-04 21:30:06.426908,69108
22808177,158,Active,8,10,2014-11-04 21:30:06.431971,69108
22808178,159,Active,18,10,2014-11-04 21:30:06.43693,69108
22808179,160,Active,5,38,2014-11-04 21:30:06.441815,69108
22808180,161,Active,46,0,2014-11-04 21:30:06.446864,69108
22808181,162,Active,1,39,2014-11-04 21:30:06.452234,69108
22808182,163,Active,12,26,2014-11-04 21:30:06.45701,69108
22808183,164,Active,28,4,2014-11-04 21:30:06.462035,69108
22808184,165,Active,16,22,2014-11-04 21:30:06.466878,69108
22808185,166,Active,6,24,2014-11-04 21:30:06.471777,69108
22808186,167,Active,8,19,2014-11-04 21:30:06.476741,69108
22808187,168,Active,19,22,2014-11-04 21:30:06.50256,69108
22808188,169,Active,11,25,2014-11-04 21:30:06.508293,69108
22808189,170,Active,23,3,2014-11-04 21:30:06.51331,69108
22808190,171,Active,1,26,2014-11-04 21:30:06.518353,69108
22808191,172,Active,17,14,2014-11-04 21:30:06.523176,69108
22808192,173,Active,1,30,2014-11-04 21:30:06.527908,69108
22808193,174,Active,23,7,2014-11-04 21:30:06.532908,69108
22808194,175,Active,4,26,2014-11-04 21:30:06.537826,69108
22808195,176,Active,9,22,2014-11-04 21:30:06.543252,69108
22808196,177,Active,6,24,2014-11-04 21:30:06.550935,69108
22808197,178,Active,0,23,2014-11-04 21:30:06.555936,69108
22808198,179,Active,3,24,2014-11-04 21:30:06.561622,69108
22808199,180,Active,1,30,2014-11-04 21:30:06.588067,69108
22808200,181,Active,1,26,2014-11-04 21:30:06.593183,69108
22808201,182,Active,0,14,2014-11-04 21:30:06.598078,69108
22808202,183,Active,3,39,2014-11-04 21:30:06.603069,69108
22808203,184,Active,19,19,2014-11-04 21:30:06.607959,69108
22808204,185,Active,10,19,2014-11-04 21:30:06.6128,69108
22808205,186,Active,36,2,2014-11-04 21:30:06.617795,69108
22808206,187,Active,10,30,2014-11-04 21:30:06.622912,69108
22808207,188,Active,2,32,2014-11-04 21:30:06.627971,69108
22808208,189,Active,2,40,2014-11-04 21:30:06.634502,69108
22808209,190,Active,1,22,2014-11-04 21:30:06.639414,69108
22808210,191,Active,0,19,2014-11-04 21:30:06.644322,69108
22808211,192,Active,1,33,2014-11-04 21:30:06.649447,69108
22808212,193,Active,4,18,2014-11-04 21:30:06.654427,69108
22808213,194,Active,2,25,2014-11-04 21:30:06.659326,69108
22808214,195,Active,16,8,2014-11-04 21:30:06.664124,69108
22808215,196,Active,26,11,2014-11-04 21:30:06.669395,69108
22808216,197,Active,3,28,2014-11-04 21:30:06.674276,69108
22808217,198,Active,13,8,2014-11-04 21:30:06.679027,69108
22808218,199,Active,5,18,2014-11-04 21:30:06.683765,69108
22808219,200,Active,1,22,2014-11-04 21:30:06.688651,69108
22808220,201,Active,5,16,2014-11-04 21:30:06.693486,69108
22808221,202,Active,2,15,2014-11-04 21:30:06.698598,69108
22808222,203,Active,3,52,2014-11-04 21:30:06.703241,69108
22808223,204,Active,0,38,2014-11-04 21:30:06.708029,69108
22808224,205,Active,24,2,2014-11-04 21:30:06.713001,69108
22808225,206,Active,43,4,2014-11-04 21:30:06.71794,69108
22808226,207,Active,9,21,2014-11-04 21:30:06.722856,69108
22808227,208,Active,20,6,2014-11-04 21:30:06.727873,69108
22808228,209,Active,2,28,2014-11-04 21:30:06.734737,69108
22808229,210,Active,6,25,2014-11-04 21:30:06.739581,69108
22808230,211,Active,10,29,2014-11-04 21:30:06.744471,69108
22808231,212,Active,20,1,2014-11-04 21:30:06.749352,69108
22808232,213,Active,30,15,2014-11-04 21:30:06.754291,69108
22808233,214,Active,1,25,2014-11-04 21:30:06.759785,69108
22808234,215,Active,1,22,2014-11-04 21:30:06.764568,69108
22808235,216,Active,10,11,2014-11-04 21:30:06.769508,69108
22808236,217,Active,2,34,2014-11-04 21:30:06.774436,69108
22808237,218,Active,7,22,2014-11-04 21:30:06.779246,69108
22808238,219,Active,9,24,2014-11-04 21:30:06.784226,69108
22808239,220,Active,32,16,2014-11-04 21:30:06.789245,69108
22808240,221,Active,0,23,2014-11-04 21:30:06.794222,69108
22808241,222,Active,32,17,2014-11-04 21:30:06.799094,69108
22808242,223,Active,11,30,2014-11-04 21:30:06.804091,69108
22808243,224,Active,12,24,2014-11-04 21:30:06.829858,69108
22808244,225,Active,8,19,2014-11-04 21:30:06.861582,69108
22808245,226,Active,0,30,2014-11-04 21:30:06.866448,69108
22808246,227,Active,2,29,2014-11-04 21:30:06.875008,69108
22808247,228,Active,7,50,2014-11-04 21:30:06.880186,69108
22808248,229,Active,16,22,2014-11-04 21:30:06.885189,69108
22808249,230,Active,5,29,2014-11-04 21:30:06.890069,69108
22808250,231,Active,25,12,2014-11-04 21:30:06.895051,69108
22808251,232,Active,16,19,2014-11-04 21:30:06.900237,69108
22808252,233,Active,13,24,2014-11-04 21:30:06.906005,69108
22808253,234,Active,10,19,2014-11-04 21:30:06.912237,69108
22808254,235,Active,0,48,2014-11-04 21:30:06.917282,69108
22808255,236,Active,0,21,2014-11-04 21:30:06.922411,69108
22808256,237,Active,1,37,2014-11-04 21:30:06.927584,69108
22808257,238,Active,40,5,2014-11-04 21:30:06.932339,69108
22808258,239,Active,9,7,2014-11-04 21:30:06.937944,69108
22808259,240,Active,45,13,2014-11-04 21:30:06.942613,69108
22808260,241,Active,12,27,2014-11-04 21:30:06.948173,69108
22808261,242,Active,28,4,2014-11-04 21:30:06.953133,69108
22808262,243,Active,13,18,2014-11-04 21:30:06.958277,69108
22808263,244,Active,2,54,2014-11-04 21:30:06.963488,69108
22808264,245,Active,34,22,2014-11-04 21:30:06.968189,69108
22808265,246,Active,0,33,2014-11-04 21:30:06.973538,69108
22808266,247,Active,4,25,2014-11-04 21:30:06.978453,69108
22808267,248,Active,17,22,2014-11-04 21:30:06.983321,69108
22808268,249,Active,2,38,2014-11-04 21:30:06.990785,69108
22808269,250,Active,31,13,2014-11-04 21:30:06.995543,69108
22808270,251,Active,21,12,2014-11-04 21:30:07.000567,69108
22808271,252,Active,7,36,2014-11-04 21:30:07.005382,69108
22808272,253,Active,20,36,2014-11-04 21:30:07.010115,69108
22808273,254,Active,3,23,2014-11-04 21:30:07.014994,69108
22808274,255,Active,8,20,2014-11-04 21:30:07.019882,69108
22808275,256,Active,2,22,2014-11-04 21:30:07.0251,69108
22808276,257,Active,1,23,2014-11-04 21:30:07.030248,69108
22808277,258,Active,11,27,2014-11-04 21:30:07.035315,69108
22808278,259,Active,13,21,2014-11-04 21:30:07.040156,69108
22808279,260,Active,20,23,2014-11-04 21:30:07.045265,69108
22808280,261,Active,5,33,2014-11-04 21:30:07.050034,69108
22808281,262,Active,19,17,2014-11-04 21:30:07.054997,69108
22808282,263,Active,5,29,2014-11-04 21:30:07.059909,69108
22808283,264,Active,17,24,2014-11-04 21:30:07.064753,69108
22808284,265,Active,22,11,2014-11-04 21:30:07.069654,69108
22808285,266,Active,5,54,2014-11-04 21:30:07.074795,69108
22808286,267,Active,36,17,2014-11-04 21:30:07.07976,69108
22808287,268,Active,32,17,2014-11-04 21:30:07.084777,69108
22808288,269,Active,21,12,2014-11-04 21:30:07.089996,69108
22808289,270,Active,14,18,2014-11-04 21:30:07.095207,69108
22808290,271,Active,0,25,2014-11-04 21:30:07.102813,69108
22808291,272,Active,38,7,2014-11-04 21:30:07.129627,69108
22808292,273,Active,33,25,2014-11-04 21:30:07.135176,69108
22808293,274,Active,7,18,2014-11-04 21:30:07.140331,69108
22808294,275,Active,18,17,2014-11-04 21:30:07.145309,69108
22808295,276,Active,23,21,2014-11-04 21:30:07.150169,69108
22808296,277,Active,10,32,2014-11-04 21:30:07.155389,69108
22808297,330,Active,0,30,2014-11-04 21:30:07.160607,69108
22808298,278,Active,19,6,2014-11-04 21:30:07.165534,69108
22808299,279,Active,18,24,2014-11-04 21:30:07.19133,69108
22808300,280,Active,23,12,2014-11-04 21:30:07.196816,69108
22808301,281,Active,0,47,2014-11-04 21:30:07.20147,69108
22808302,282,Active,4,19,2014-11-04 21:30:07.206421,69108
22808303,283,Active,3,29,2014-11-04 21:30:07.211501,69108
22808304,284,Active,35,16,2014-11-04 21:30:07.216767,69108
22808305,285,Active,0,32,2014-11-04 21:30:07.221674,69108
22808306,286,Active,7,18,2014-11-04 21:30:07.226565,69108
22808307,287,Active,0,25,2014-11-04 21:30:07.231452,69108
22808308,288,Active,6,43,2014-11-04 21:30:07.23638,69108
22808309,289,Active,15,16,2014-11-04 21:30:07.241332,69108
22808310,290,Active,12,17,2014-11-04 21:30:07.246176,69108
22808311,291,Active,0,52,2014-11-04 21:30:07.251023,69108
22808312,292,Active,20,17,2014-11-04 21:30:07.255915,69108
22808313,293,Active,11,46,2014-11-04 21:30:07.26244,69108
22808314,294,Active,13,26,2014-11-04 21:30:07.26734,69108
22808315,295,Active,14,53,2014-11-04 21:30:07.27233,69108
22808316,296,Active,44,6,2014-11-04 21:30:07.277275,69108
22808317,297,Active,14,31,2014-11-04 21:30:07.28202,69108
22808318,298,Active,27,30,2014-11-04 21:30:07.286845,69108
22808319,299,Active,0,37,2014-11-04 21:30:07.291968,69108
22808320,300,Active,6,32,2014-11-04 21:30:07.297071,69108
22808321,301,Inactive,0,31,2014-11-04 21:30:07.302236,69108
22808322,302,Active,6,30,2014-11-04 21:30:07.307291,69108
22808323,303,Active,1,40,2014-11-04 21:30:07.312602,69108
22808324,304,Active,6,30,2014-11-04 21:30:07.317508,69108
22808325,305,Active,4,31,2014-11-04 21:30:07.357913,69108
22808326,306,Active,7,33,2014-11-04 21:30:07.362703,69108
22808327,307,Active,2,47,2014-11-04 21:30:07.367738,69108
22808328,308,Active,16,11,2014-11-04 21:30:07.372668,69108
22808329,309,Active,1,28,2014-11-04 21:30:07.377757,69108
22808330,310,Active,6,29,2014-11-04 21:30:07.382737,69108
22808331,311,Inactive,0,11,2014-11-04 21:30:07.387537,69108
22808332,312,Active,28,0,2014-11-04 21:30:07.392742,69108
22808333,313,Active,14,24,2014-11-04 21:30:07.397913,69108
22808334,314,Active,7,9,2014-11-04 21:30:07.403027,69108
22808335,315,Active,18,19,2014-11-04 21:30:07.410581,69108
22808336,316,Active,18,9,2014-11-04 21:30:07.416033,69108
22808337,317,Active,12,1,2014-11-04 21:30:07.421663,69108
22808338,318,Active,12,12,2014-11-04 21:30:07.426722,69108
22808339,319,Inactive,0,0,2014-11-04 21:30:07.431886,69108
22808340,320,Active,19,17,2014-11-04 21:30:07.4369,69108
22808341,321,Active,5,4,2014-11-04 21:30:07.44186,69108
22808342,322,Active,40,6,2014-11-04 21:30:07.446896,69108
22808343,332,Active,1,22,2014-11-04 21:30:07.451884,69108
22808344,327,Active,11,23,2014-11-04 21:30:07.456679,69108
22808345,328,Active,13,25,2014-11-04 21:30:07.461734,69108
22808346,331,Active,0,33,2014-11-04 21:30:07.466752,69108
22808347,323,Active,1,36,2014-11-04 21:30:07.471615,69108
22808348,324,Active,12,30,2014-11-04 21:30:07.477813,69108
22808349,329,Active,19,12,2014-11-04 21:30:07.48268,69108
22808350,325,Active,17,15,2014-11-04 21:30:07.487836,69108
22808351,326,Active,3,20,2014-11-04 21:30:07.492833,69108
22808352,1,Active,4,32,2014-11-04 21:40:05.199101,69109
22808353,2,Active,9,21,2014-11-04 21:40:05.21011,69109
22808354,3,Active,0,25,2014-11-04 21:40:05.214649,69109
22808355,4,Active,12,48,2014-11-04 21:40:05.218853,69109
22808356,5,Active,21,11,2014-11-04 21:40:05.222996,69109
22808357,6,Active,3,15,2014-11-04 21:40:05.227262,69109
22808358,7,Active,1,16,2014-11-04 21:40:05.231465,69109
22808359,8,Active,8,20,2014-11-04 21:40:05.235778,69109
22808360,9,Active,23,7,2014-11-04 21:40:05.23987,69109
22808361,10,Active,10,36,2014-11-04 21:40:05.24407,69109
22808362,11,Active,0,22,2014-11-04 21:40:05.248254,69109
22808363,12,Active,3,16,2014-11-04 21:40:05.25242,69109
22808364,13,Active,21,18,2014-11-04 21:40:05.256774,69109
22808365,14,Active,31,2,2014-11-04 21:40:05.261127,69109
22808366,15,Active,1,29,2014-11-04 21:40:05.265537,69109
22808367,16,Active,7,20,2014-11-04 21:40:05.269694,69109
22808368,17,Active,23,3,2014-11-04 21:40:05.273964,69109
22808369,18,Active,14,35,2014-11-04 21:40:05.280181,69109
22808370,19,Active,3,19,2014-11-04 21:40:05.284408,69109
22808371,20,Active,2,23,2014-11-04 21:40:05.288539,69109
22808372,21,Active,32,2,2014-11-04 21:40:05.292872,69109
22808373,22,Active,29,11,2014-11-04 21:40:05.297144,69109
22808374,23,Active,15,27,2014-11-04 21:40:05.301203,69109
22808375,24,Active,38,7,2014-11-04 21:40:05.305545,69109
22808376,25,Active,27,15,2014-11-04 21:40:05.309778,69109
22808377,26,Active,1,28,2014-11-04 21:40:05.314097,69109
22808378,27,Active,21,23,2014-11-04 21:40:05.318599,69109
22808379,28,Active,22,3,2014-11-04 21:40:05.322778,69109
22808380,29,Active,0,22,2014-11-04 21:40:05.326978,69109
22808381,30,Active,37,0,2014-11-04 21:40:05.331687,69109
22808382,31,Active,5,30,2014-11-04 21:40:05.335901,69109
22808383,32,Active,15,17,2014-11-04 21:40:05.340053,69109
22808384,33,Active,11,19,2014-11-04 21:40:05.344194,69109
22808385,34,Active,28,6,2014-11-04 21:40:05.348314,69109
22808386,35,Active,46,7,2014-11-04 21:40:05.352624,69109
22808387,36,Active,22,4,2014-11-04 21:40:05.356936,69109
22808388,37,Active,0,22,2014-11-04 21:40:05.361093,69109
22808389,38,Active,1,37,2014-11-04 21:40:05.365296,69109
22808390,39,Active,6,30,2014-11-04 21:40:05.369489,69109
22808391,40,Active,1,37,2014-11-04 21:40:05.376194,69109
22808392,41,Active,7,24,2014-11-04 21:40:05.380809,69109
22808393,42,Active,11,19,2014-11-04 21:40:05.384982,69109
22808394,43,Active,0,21,2014-11-04 21:40:05.389252,69109
22808395,44,Active,4,17,2014-11-04 21:40:05.393534,69109
22808396,45,Active,19,11,2014-11-04 21:40:05.397991,69109
22808397,46,Active,0,29,2014-11-04 21:40:05.402164,69109
22808398,47,Active,13,10,2014-11-04 21:40:05.40645,69109
22808399,48,Active,16,0,2014-11-04 21:40:05.410718,69109
22808400,49,Active,18,4,2014-11-04 21:40:05.415009,69109
22808401,50,Active,21,5,2014-11-04 21:40:05.41911,69109
22808402,51,Active,16,21,2014-11-04 21:40:05.423547,69109
22808403,52,Active,17,9,2014-11-04 21:40:05.428957,69109
22808404,53,Active,19,12,2014-11-04 21:40:05.433491,69109
22808405,54,Inactive,0,3,2014-11-04 21:40:05.437752,69109
22808406,55,Active,8,20,2014-11-04 21:40:05.443888,69109
22808407,56,Active,29,7,2014-11-04 21:40:05.470715,69109
22808408,57,Active,1,21,2014-11-04 21:40:05.477316,69109
22808409,58,Active,5,31,2014-11-04 21:40:05.482415,69109
22808410,59,Active,32,3,2014-11-04 21:40:05.487414,69109
22808411,60,Active,2,24,2014-11-04 21:40:05.492349,69109
22808412,61,Active,3,18,2014-11-04 21:40:05.497381,69109
22808413,62,Active,4,25,2014-11-04 21:40:05.502201,69109
22808414,63,Active,22,3,2014-11-04 21:40:05.507165,69109
22808415,64,Active,6,29,2014-11-04 21:40:05.513299,69109
22808416,65,Active,1,23,2014-11-04 21:40:05.518409,69109
22808417,66,Active,1,54,2014-11-04 21:40:05.523468,69109
22808418,67,Active,25,2,2014-11-04 21:40:05.528251,69109
22808419,68,Active,2,18,2014-11-04 21:40:05.536696,69109
22808420,69,Active,3,24,2014-11-04 21:40:05.541509,69109
22808421,70,Active,0,29,2014-11-04 21:40:05.546547,69109
22808422,71,Active,0,18,2014-11-04 21:40:05.551564,69109
22808423,72,Active,11,11,2014-11-04 21:40:05.556355,69109
22808424,73,Active,0,18,2014-11-04 21:40:05.561466,69109
22808425,74,Active,24,11,2014-11-04 21:40:05.566618,69109
22808426,75,Active,15,14,2014-11-04 21:40:05.571504,69109
22808427,76,Active,53,5,2014-11-04 21:40:05.576526,69109
22808428,77,Active,2,25,2014-11-04 21:40:05.58194,69109
22808429,78,Active,13,29,2014-11-04 21:40:05.586854,69109
22808430,79,Active,28,14,2014-11-04 21:40:05.591762,69109
22808431,80,Active,1,17,2014-11-04 21:40:05.600596,69109
22808432,81,Active,2,27,2014-11-04 21:40:05.60558,69109
22808433,82,Active,6,14,2014-11-04 21:40:05.610696,69109
22808434,83,Active,39,13,2014-11-04 21:40:05.615766,69109
22808435,84,Active,1,26,2014-11-04 21:40:05.62077,69109
22808436,85,Active,1,23,2014-11-04 21:40:05.625643,69109
22808437,86,Active,2,33,2014-11-04 21:40:05.631473,69109
22808438,87,Active,12,13,2014-11-04 21:40:05.636398,69109
22808439,88,Active,1,34,2014-11-04 21:40:05.641378,69109
22808440,89,Active,30,23,2014-11-04 21:40:05.646223,69109
22808441,90,Active,2,12,2014-11-04 21:40:05.651348,69109
22808442,91,Active,2,21,2014-11-04 21:40:05.656201,69109
22808443,92,Active,29,1,2014-11-04 21:40:05.661171,69109
22808444,93,Active,22,13,2014-11-04 21:40:05.666112,69109
22808445,94,Active,21,12,2014-11-04 21:40:05.671086,69109
22808446,95,Active,20,15,2014-11-04 21:40:05.675972,69109
22808447,96,Active,9,22,2014-11-04 21:40:05.680969,69109
22808448,97,Active,1,24,2014-11-04 21:40:05.685821,69109
22808449,98,Active,33,8,2014-11-04 21:40:05.69063,69109
22808450,99,Active,3,32,2014-11-04 21:40:05.696198,69109
22808451,100,Active,5,24,2014-11-04 21:40:05.701212,69109
22808452,101,Active,3,25,2014-11-04 21:40:05.708555,69109
22808453,102,Active,11,9,2014-11-04 21:40:05.713527,69109
22808454,103,Active,6,32,2014-11-04 21:40:05.718838,69109
22808455,104,Active,22,6,2014-11-04 21:40:05.723941,69109
22808456,105,Active,19,24,2014-11-04 21:40:05.728788,69109
22808457,106,Active,7,20,2014-11-04 21:40:05.733792,69109
22808458,107,Active,1,28,2014-11-04 21:40:05.738749,69109
22808459,108,Inactive,0,3,2014-11-04 21:40:05.744179,69109
22808460,109,Inactive,0,5,2014-11-04 21:40:05.74934,69109
22808461,110,Active,1,24,2014-11-04 21:40:05.754429,69109
22808462,111,Active,0,31,2014-11-04 21:40:05.759186,69109
22808463,112,Active,18,18,2014-11-04 21:40:05.784477,69109
22808464,113,Active,18,32,2014-11-04 21:40:05.790354,69109
22808465,114,Active,8,27,2014-11-04 21:40:05.79512,69109
22808466,115,Active,3,23,2014-11-04 21:40:05.799987,69109
22808467,116,Active,13,23,2014-11-04 21:40:05.80464,69109
22808468,117,Active,13,9,2014-11-04 21:40:05.812392,69109
22808469,118,Active,5,23,2014-11-04 21:40:05.817485,69109
22808470,119,Active,19,19,2014-11-04 21:40:05.823166,69109
22808471,120,Active,0,26,2014-11-04 21:40:05.827979,69109
22808472,121,Active,6,18,2014-11-04 21:40:05.833078,69109
22808473,122,Active,1,28,2014-11-04 21:40:05.838095,69109
22808474,123,Active,14,12,2014-11-04 21:40:05.842936,69109
22808475,124,Active,30,4,2014-11-04 21:40:05.847838,69109
22808476,125,Active,4,33,2014-11-04 21:40:05.853016,69109
22808477,126,Active,2,21,2014-11-04 21:40:05.857685,69109
22808478,127,Active,2,23,2014-11-04 21:40:05.86313,69109
22808479,128,Active,1,17,2014-11-04 21:40:05.868037,69109
22808480,129,Active,1,28,2014-11-04 21:40:05.873194,69109
22808481,130,Active,12,11,2014-11-04 21:40:05.87826,69109
22808482,131,Active,9,13,2014-11-04 21:40:05.883335,69109
22808483,132,Active,27,7,2014-11-04 21:40:05.888081,69109
22808484,133,Active,0,25,2014-11-04 21:40:05.893448,69109
22808485,134,Active,11,23,2014-11-04 21:40:05.900702,69109
22808486,135,Active,33,5,2014-11-04 21:40:05.90562,69109
22808487,136,Active,3,18,2014-11-04 21:40:05.910681,69109
22808488,137,Active,6,21,2014-11-04 21:40:05.91564,69109
22808489,138,Active,32,6,2014-11-04 21:40:05.920429,69109
22808490,139,Active,30,6,2014-11-04 21:40:05.925486,69109
22808491,140,Active,2,23,2014-11-04 21:40:05.930623,69109
22808492,141,Active,1,29,2014-11-04 21:40:05.935381,69109
22808493,142,Active,26,14,2014-11-04 21:40:05.9403,69109
22808494,143,Active,2,21,2014-11-04 21:40:05.945415,69109
22808495,144,Active,12,13,2014-11-04 21:40:05.950273,69109
22808496,145,Active,31,4,2014-11-04 21:40:05.955421,69109
22808497,146,Active,29,25,2014-11-04 21:40:05.960258,69109
22808498,147,Active,33,6,2014-11-04 21:40:05.965125,69109
22808499,148,Active,0,43,2014-11-04 21:40:05.969881,69109
22808500,149,Active,6,49,2014-11-04 21:40:05.974842,69109
22808501,150,Active,6,41,2014-11-04 21:40:05.979779,69109
22808502,151,Active,2,23,2014-11-04 21:40:05.98463,69109
22808503,152,Active,3,26,2014-11-04 21:40:05.989413,69109
22808504,153,Active,13,20,2014-11-04 21:40:05.994463,69109
22808505,154,Active,23,10,2014-11-04 21:40:05.999427,69109
22808506,155,Active,10,24,2014-11-04 21:40:06.004477,69109
22808507,156,Active,14,18,2014-11-04 21:40:06.01274,69109
22808508,157,Active,3,23,2014-11-04 21:40:06.018962,69109
22808509,158,Active,8,10,2014-11-04 21:40:06.024414,69109
22808510,159,Active,23,5,2014-11-04 21:40:06.029653,69109
22808511,160,Active,5,38,2014-11-04 21:40:06.034821,69109
22808512,161,Active,45,1,2014-11-04 21:40:06.040236,69109
22808513,162,Active,1,39,2014-11-04 21:40:06.045245,69109
22808514,163,Active,13,25,2014-11-04 21:40:06.050179,69109
22808515,164,Active,29,3,2014-11-04 21:40:06.055177,69109
22808516,165,Active,14,24,2014-11-04 21:40:06.060077,69109
22808517,166,Active,6,24,2014-11-04 21:40:06.068221,69109
22808518,167,Active,8,19,2014-11-04 21:40:06.073685,69109
22808519,168,Active,20,21,2014-11-04 21:40:06.101234,69109
22808520,169,Active,8,28,2014-11-04 21:40:06.10706,69109
22808521,170,Active,25,1,2014-11-04 21:40:06.112027,69109
22808522,171,Active,1,26,2014-11-04 21:40:06.116907,69109
22808523,172,Active,16,15,2014-11-04 21:40:06.122053,69109
22808524,173,Active,3,28,2014-11-04 21:40:06.126759,69109
22808525,174,Active,22,8,2014-11-04 21:40:06.131625,69109
22808526,175,Active,6,24,2014-11-04 21:40:06.136654,69109
22808527,176,Active,9,22,2014-11-04 21:40:06.142243,69109
22808528,177,Active,6,24,2014-11-04 21:40:06.147608,69109
22808529,178,Active,0,23,2014-11-04 21:40:06.156972,69109
22808530,179,Active,3,24,2014-11-04 21:40:06.16193,69109
22808531,180,Active,0,31,2014-11-04 21:40:06.166797,69109
22808532,181,Active,1,26,2014-11-04 21:40:06.171613,69109
22808533,182,Active,1,13,2014-11-04 21:40:06.176356,69109
22808534,183,Active,2,40,2014-11-04 21:40:06.181342,69109
22808535,184,Active,18,20,2014-11-04 21:40:06.186235,69109
22808536,185,Active,10,19,2014-11-04 21:40:06.190877,69109
22808537,186,Active,37,1,2014-11-04 21:40:06.195922,69109
22808538,187,Active,11,29,2014-11-04 21:40:06.201125,69109
22808539,188,Active,2,32,2014-11-04 21:40:06.206117,69109
22808540,189,Active,2,40,2014-11-04 21:40:06.211135,69109
22808541,190,Active,1,22,2014-11-04 21:40:06.216012,69109
22808542,191,Active,0,19,2014-11-04 21:40:06.221008,69109
22808543,192,Active,3,31,2014-11-04 21:40:06.225917,69109
22808544,193,Active,4,18,2014-11-04 21:40:06.230566,69109
22808545,194,Active,2,25,2014-11-04 21:40:06.235526,69109
22808546,195,Active,18,6,2014-11-04 21:40:06.240589,69109
22808547,196,Active,26,11,2014-11-04 21:40:06.245549,69109
22808548,197,Active,3,28,2014-11-04 21:40:06.250585,69109
22808549,198,Active,17,3,2014-11-04 21:40:06.255645,69109
22808550,199,Active,5,18,2014-11-04 21:40:06.260342,69109
22808551,200,Active,1,22,2014-11-04 21:40:06.26839,69109
22808552,201,Active,5,16,2014-11-04 21:40:06.273413,69109
22808553,202,Active,2,15,2014-11-04 21:40:06.278512,69109
22808554,203,Active,2,53,2014-11-04 21:40:06.283248,69109
22808555,204,Active,0,38,2014-11-04 21:40:06.287955,69109
22808556,205,Active,25,1,2014-11-04 21:40:06.292946,69109
22808557,206,Active,45,2,2014-11-04 21:40:06.29793,69109
22808558,207,Active,6,24,2014-11-04 21:40:06.30303,69109
22808559,208,Active,19,7,2014-11-04 21:40:06.307901,69109
22808560,209,Active,2,28,2014-11-04 21:40:06.312967,69109
22808561,210,Active,7,24,2014-11-04 21:40:06.317975,69109
22808562,211,Active,12,27,2014-11-04 21:40:06.323213,69109
22808563,212,Active,20,1,2014-11-04 21:40:06.328165,69109
22808564,213,Active,28,17,2014-11-04 21:40:06.333406,69109
22808565,214,Active,0,26,2014-11-04 21:40:06.338183,69109
22808566,215,Active,1,22,2014-11-04 21:40:06.343482,69109
22808567,216,Active,8,13,2014-11-04 21:40:06.348545,69109
22808568,217,Active,2,34,2014-11-04 21:40:06.35345,69109
22808569,218,Active,6,23,2014-11-04 21:40:06.360757,69109
22808570,219,Active,7,26,2014-11-04 21:40:06.365785,69109
22808571,220,Active,32,16,2014-11-04 21:40:06.370714,69109
22808572,221,Active,0,23,2014-11-04 21:40:06.375642,69109
22808573,222,Active,35,14,2014-11-04 21:40:06.380743,69109
22808574,223,Active,12,29,2014-11-04 21:40:06.385654,69109
22808575,224,Active,13,23,2014-11-04 21:40:06.411401,69109
22808576,225,Active,8,19,2014-11-04 21:40:06.416899,69109
22808577,226,Active,0,30,2014-11-04 21:40:06.421726,69109
22808578,227,Active,1,30,2014-11-04 21:40:06.426545,69109
22808579,228,Active,6,51,2014-11-04 21:40:06.43121,69109
22808580,229,Active,14,24,2014-11-04 21:40:06.435945,69109
22808581,230,Active,3,31,2014-11-04 21:40:06.440829,69109
22808582,231,Active,23,14,2014-11-04 21:40:06.445729,69109
22808583,232,Active,16,19,2014-11-04 21:40:06.450679,69109
22808584,233,Active,11,26,2014-11-04 21:40:06.45548,69109
22808585,234,Active,8,21,2014-11-04 21:40:06.46054,69109
22808586,235,Active,0,48,2014-11-04 21:40:06.468539,69109
22808587,236,Active,0,21,2014-11-04 21:40:06.473871,69109
22808588,237,Active,0,38,2014-11-04 21:40:06.479018,69109
22808589,238,Active,40,4,2014-11-04 21:40:06.484688,69109
22808590,239,Active,5,11,2014-11-04 21:40:06.489481,69109
22808591,240,Active,42,16,2014-11-04 21:40:06.494111,69109
22808592,241,Active,16,22,2014-11-04 21:40:06.499175,69109
22808593,242,Active,26,6,2014-11-04 21:40:06.504016,69109
22808594,243,Active,13,18,2014-11-04 21:40:06.508937,69109
22808595,244,Active,2,54,2014-11-04 21:40:06.513705,69109
22808596,245,Active,34,23,2014-11-04 21:40:06.518462,69109
22808597,246,Active,0,33,2014-11-04 21:40:06.523349,69109
22808598,247,Active,4,25,2014-11-04 21:40:06.528383,69109
22808599,248,Active,13,26,2014-11-04 21:40:06.533048,69109
22808600,249,Active,5,37,2014-11-04 21:40:06.538051,69109
22808601,250,Active,31,13,2014-11-04 21:40:06.54303,69109
22808602,251,Active,20,13,2014-11-04 21:40:06.548268,69109
22808603,252,Active,10,33,2014-11-04 21:40:06.55336,69109
22808604,253,Active,19,38,2014-11-04 21:40:06.558474,69109
22808605,254,Active,2,24,2014-11-04 21:40:06.563205,69109
22808606,255,Active,9,19,2014-11-04 21:40:06.568173,69109
22808607,256,Active,4,20,2014-11-04 21:40:06.573021,69109
22808608,257,Active,1,23,2014-11-04 21:40:06.577956,69109
22808609,258,Active,10,28,2014-11-04 21:40:06.584702,69109
22808610,259,Active,14,20,2014-11-04 21:40:06.589604,69109
22808611,260,Active,18,25,2014-11-04 21:40:06.594493,69109
22808612,261,Active,5,33,2014-11-04 21:40:06.599693,69109
22808613,262,Active,21,15,2014-11-04 21:40:06.604928,69109
22808614,263,Active,5,29,2014-11-04 21:40:06.609796,69109
22808615,264,Active,15,26,2014-11-04 21:40:06.614744,69109
22808616,265,Active,21,12,2014-11-04 21:40:06.619632,69109
22808617,266,Active,7,52,2014-11-04 21:40:06.624699,69109
22808618,267,Active,35,18,2014-11-04 21:40:06.63132,69109
22808619,268,Active,26,22,2014-11-04 21:40:06.636146,69109
22808620,269,Active,19,14,2014-11-04 21:40:06.64107,69109
22808621,270,Active,15,17,2014-11-04 21:40:06.64614,69109
22808622,271,Active,0,25,2014-11-04 21:40:06.651049,69109
22808623,272,Active,40,5,2014-11-04 21:40:06.656274,69109
22808624,273,Active,33,25,2014-11-04 21:40:06.661221,69109
22808625,274,Active,10,15,2014-11-04 21:40:06.666053,69109
22808626,275,Active,14,21,2014-11-04 21:40:06.670949,69109
22808627,276,Active,25,21,2014-11-04 21:40:06.675881,69109
22808628,277,Active,9,33,2014-11-04 21:40:06.680694,69109
22808629,330,Active,1,29,2014-11-04 21:40:06.685491,69109
22808630,278,Active,18,7,2014-11-04 21:40:06.690401,69109
22808631,279,Active,16,26,2014-11-04 21:40:06.717113,69109
22808632,280,Active,29,6,2014-11-04 21:40:06.72267,69109
22808633,281,Active,2,45,2014-11-04 21:40:06.727797,69109
22808634,282,Active,4,19,2014-11-04 21:40:06.732713,69109
22808635,283,Active,5,27,2014-11-04 21:40:06.73759,69109
22808636,284,Active,30,21,2014-11-04 21:40:06.742863,69109
22808637,285,Active,1,31,2014-11-04 21:40:06.747986,69109
22808638,286,Active,6,19,2014-11-04 21:40:06.752868,69109
22808639,287,Active,4,21,2014-11-04 21:40:06.757659,69109
22808640,288,Active,5,44,2014-11-04 21:40:06.762703,69109
22808641,289,Active,19,12,2014-11-04 21:40:06.767673,69109
22808642,290,Active,12,17,2014-11-04 21:40:06.772545,69109
22808643,291,Active,1,51,2014-11-04 21:40:06.777455,69109
22808644,292,Active,17,20,2014-11-04 21:40:06.782712,69109
22808645,293,Active,16,41,2014-11-04 21:40:06.787678,69109
22808646,294,Active,9,30,2014-11-04 21:40:06.792624,69109
22808647,295,Active,25,42,2014-11-04 21:40:06.797666,69109
22808648,296,Active,41,9,2014-11-04 21:40:06.802666,69109
22808649,297,Active,17,28,2014-11-04 21:40:06.807543,69109
22808650,298,Active,26,31,2014-11-04 21:40:06.812531,69109
22808651,299,Active,0,37,2014-11-04 21:40:06.817342,69109
22808652,300,Active,5,33,2014-11-04 21:40:06.822316,69109
22808653,301,Inactive,0,31,2014-11-04 21:40:06.828683,69109
22808654,302,Active,3,33,2014-11-04 21:40:06.833535,69109
22808655,303,Active,2,39,2014-11-04 21:40:06.838563,69109
22808656,304,Active,5,31,2014-11-04 21:40:06.843427,69109
22808657,305,Active,4,31,2014-11-04 21:40:06.848202,69109
22808658,306,Active,5,35,2014-11-04 21:40:06.853262,69109
22808659,307,Active,0,49,2014-11-04 21:40:06.858172,69109
22808660,308,Active,16,11,2014-11-04 21:40:06.863574,69109
22808661,309,Active,2,26,2014-11-04 21:40:06.872568,69109
22808662,310,Active,5,30,2014-11-04 21:40:06.877594,69109
22808663,311,Inactive,0,11,2014-11-04 21:40:06.88241,69109
22808664,312,Active,27,1,2014-11-04 21:40:06.887686,69109
22808665,313,Active,15,23,2014-11-04 21:40:06.892644,69109
22808666,314,Active,4,12,2014-11-04 21:40:06.897575,69109
22808667,315,Active,15,22,2014-11-04 21:40:06.902477,69109
22808668,316,Active,18,9,2014-11-04 21:40:06.907487,69109
22808669,317,Active,12,1,2014-11-04 21:40:06.91232,69109
22808670,318,Active,12,12,2014-11-04 21:40:06.917778,69109
22808671,319,Inactive,0,0,2014-11-04 21:40:06.923178,69109
22808672,320,Active,18,18,2014-11-04 21:40:06.927942,69109
22808673,321,Active,5,4,2014-11-04 21:40:06.932773,69109
22808674,322,Active,40,6,2014-11-04 21:40:06.937699,69109
22808675,332,Active,1,22,2014-11-04 21:40:06.942725,69109
22808676,327,Active,11,23,2014-11-04 21:40:06.94772,69109
22808677,328,Active,13,25,2014-11-04 21:40:06.95274,69109
22808678,331,Active,0,33,2014-11-04 21:40:06.957704,69109
22808679,323,Active,0,37,2014-11-04 21:40:06.962692,69109
22808680,324,Active,14,28,2014-11-04 21:40:06.967448,69109
22808681,329,Active,17,14,2014-11-04 21:40:06.972398,69109
22808682,325,Active,15,17,2014-11-04 21:40:06.977614,69109
22808683,326,Active,2,21,2014-11-04 21:40:06.985524,69109
22808684,1,Active,4,32,2014-11-04 21:50:04.818394,69110
22808685,2,Active,7,23,2014-11-04 21:50:04.828093,69110
22808686,3,Active,0,25,2014-11-04 21:50:04.832559,69110
22808687,4,Active,13,47,2014-11-04 21:50:04.836638,69110
22808688,5,Active,20,12,2014-11-04 21:50:04.840906,69110
22808689,6,Active,3,15,2014-11-04 21:50:04.845012,69110
22808690,7,Active,1,16,2014-11-04 21:50:04.849093,69110
22808691,8,Active,9,19,2014-11-04 21:50:04.854347,69110
22808692,9,Active,24,6,2014-11-04 21:50:04.858848,69110
22808693,10,Active,3,43,2014-11-04 21:50:04.862941,69110
22808694,11,Active,1,21,2014-11-04 21:50:04.867082,69110
22808695,12,Active,3,16,2014-11-04 21:50:04.871353,69110
22808696,13,Active,20,19,2014-11-04 21:50:04.875514,69110
22808697,14,Active,29,3,2014-11-04 21:50:04.879614,69110
22808698,15,Active,1,29,2014-11-04 21:50:04.883811,69110
22808699,16,Active,9,18,2014-11-04 21:50:04.887901,69110
22808700,17,Active,22,4,2014-11-04 21:50:04.892093,69110
22808701,18,Active,14,35,2014-11-04 21:50:04.896241,69110
22808702,19,Active,4,18,2014-11-04 21:50:04.900533,69110
22808703,20,Active,3,22,2014-11-04 21:50:04.904931,69110
22808704,21,Active,32,2,2014-11-04 21:50:04.909547,69110
22808705,22,Active,28,12,2014-11-04 21:50:04.913725,69110
22808706,23,Active,16,26,2014-11-04 21:50:04.917939,69110
22808707,24,Active,34,11,2014-11-04 21:50:04.922274,69110
22808708,25,Active,29,13,2014-11-04 21:50:04.926521,69110
22808709,26,Active,1,28,2014-11-04 21:50:04.930717,69110
22808710,27,Active,21,23,2014-11-04 21:50:04.935394,69110
22808711,28,Active,24,2,2014-11-04 21:50:04.939595,69110
22808712,29,Active,0,22,2014-11-04 21:50:04.944009,69110
22808713,30,Active,37,0,2014-11-04 21:50:04.948269,69110
22808714,31,Active,4,31,2014-11-04 21:50:04.954333,69110
22808715,32,Active,14,18,2014-11-04 21:50:04.958395,69110
22808716,33,Active,11,19,2014-11-04 21:50:04.962937,69110
22808717,34,Active,28,6,2014-11-04 21:50:04.967087,69110
22808718,35,Active,45,8,2014-11-04 21:50:04.971195,69110
22808719,36,Active,17,9,2014-11-04 21:50:04.975354,69110
22808720,37,Active,0,22,2014-11-04 21:50:04.979401,69110
22808721,38,Active,0,38,2014-11-04 21:50:04.983403,69110
22808722,39,Active,5,31,2014-11-04 21:50:04.987769,69110
22808723,40,Active,0,38,2014-11-04 21:50:04.991922,69110
22808724,41,Active,7,24,2014-11-04 21:50:04.996089,69110
22808725,42,Active,10,20,2014-11-04 21:50:05.001927,69110
22808726,43,Active,0,21,2014-11-04 21:50:05.006163,69110
22808727,44,Active,4,17,2014-11-04 21:50:05.014476,69110
22808728,45,Active,19,11,2014-11-04 21:50:05.019094,69110
22808729,46,Active,0,29,2014-11-04 21:50:05.023417,69110
22808730,47,Active,14,9,2014-11-04 21:50:05.027474,69110
22808731,48,Active,15,1,2014-11-04 21:50:05.037794,69110
22808732,49,Active,18,4,2014-11-04 21:50:05.04215,69110
22808733,50,Active,21,5,2014-11-04 21:50:05.046444,69110
22808734,51,Active,14,23,2014-11-04 21:50:05.050493,69110
22808735,52,Active,16,10,2014-11-04 21:50:05.0556,69110
22808736,53,Active,23,8,2014-11-04 21:50:05.064224,69110
22808737,54,Inactive,0,3,2014-11-04 21:50:05.068532,69110
22808738,55,Active,8,20,2014-11-04 21:50:05.072681,69110
22808739,56,Active,28,7,2014-11-04 21:50:05.101188,69110
22808740,57,Active,1,21,2014-11-04 21:50:05.106757,69110
22808741,58,Active,5,31,2014-11-04 21:50:05.111831,69110
22808742,59,Active,31,4,2014-11-04 21:50:05.117035,69110
22808743,60,Active,2,24,2014-11-04 21:50:05.121978,69110
22808744,61,Active,4,17,2014-11-04 21:50:05.126943,69110
22808745,62,Active,5,24,2014-11-04 21:50:05.132146,69110
22808746,63,Active,20,5,2014-11-04 21:50:05.137114,69110
22808747,64,Active,7,28,2014-11-04 21:50:05.142055,69110
22808748,65,Active,1,23,2014-11-04 21:50:05.147204,69110
22808749,66,Active,2,53,2014-11-04 21:50:05.152129,69110
22808750,67,Active,25,2,2014-11-04 21:50:05.157178,69110
22808751,68,Active,4,16,2014-11-04 21:50:05.162334,69110
22808752,69,Active,2,24,2014-11-04 21:50:05.167368,69110
22808753,70,Active,0,29,2014-11-04 21:50:05.172419,69110
22808754,71,Active,0,18,2014-11-04 21:50:05.177603,69110
22808755,72,Active,12,10,2014-11-04 21:50:05.182513,69110
22808756,73,Active,0,18,2014-11-04 21:50:05.187595,69110
22808757,74,Active,24,11,2014-11-04 21:50:05.192662,69110
22808758,75,Active,16,13,2014-11-04 21:50:05.198139,69110
22808759,76,Active,54,3,2014-11-04 21:50:05.203154,69110
22808760,77,Active,2,25,2014-11-04 21:50:05.208105,69110
22808761,78,Active,14,28,2014-11-04 21:50:05.214858,69110
22808762,79,Active,27,15,2014-11-04 21:50:05.220114,69110
22808763,80,Active,1,17,2014-11-04 21:50:05.225194,69110
22808764,81,Active,1,28,2014-11-04 21:50:05.230023,69110
22808765,82,Active,7,13,2014-11-04 21:50:05.234993,69110
22808766,83,Active,42,10,2014-11-04 21:50:05.239881,69110
22808767,84,Active,1,26,2014-11-04 21:50:05.245527,69110
22808768,85,Active,0,24,2014-11-04 21:50:05.25024,69110
22808769,86,Active,3,32,2014-11-04 21:50:05.255689,69110
22808770,87,Active,11,14,2014-11-04 21:50:05.261278,69110
22808771,88,Active,0,35,2014-11-04 21:50:05.266883,69110
22808772,89,Active,30,23,2014-11-04 21:50:05.271941,69110
22808773,90,Active,6,10,2014-11-04 21:50:05.277126,69110
22808774,91,Active,2,21,2014-11-04 21:50:05.28243,69110
22808775,92,Active,28,2,2014-11-04 21:50:05.287583,69110
22808776,93,Active,20,15,2014-11-04 21:50:05.293165,69110
22808777,94,Active,21,12,2014-11-04 21:50:05.298198,69110
22808778,95,Active,21,14,2014-11-04 21:50:05.303154,69110
22808779,96,Active,8,23,2014-11-04 21:50:05.308222,69110
22808780,97,Active,2,23,2014-11-04 21:50:05.313537,69110
22808781,98,Active,34,7,2014-11-04 21:50:05.318999,69110
22808782,99,Active,3,31,2014-11-04 21:50:05.323972,69110
22808783,100,Active,8,21,2014-11-04 21:50:05.330815,69110
22808784,101,Active,1,27,2014-11-04 21:50:05.336605,69110
22808785,102,Active,10,10,2014-11-04 21:50:05.342018,69110
22808786,103,Active,5,33,2014-11-04 21:50:05.34735,69110
22808787,104,Active,23,5,2014-11-04 21:50:05.352872,69110
22808788,105,Active,20,23,2014-11-04 21:50:05.35943,69110
22808789,106,Active,6,21,2014-11-04 21:50:05.364777,69110
22808790,107,Active,4,25,2014-11-04 21:50:05.369772,69110
22808791,108,Inactive,0,3,2014-11-04 21:50:05.374788,69110
22808792,109,Inactive,0,5,2014-11-04 21:50:05.380158,69110
22808793,110,Active,1,24,2014-11-04 21:50:05.385712,69110
22808794,111,Active,0,31,2014-11-04 21:50:05.390607,69110
22808795,112,Active,17,19,2014-11-04 21:50:05.41782,69110
22808796,113,Active,17,33,2014-11-04 21:50:05.423677,69110
22808797,114,Active,7,28,2014-11-04 21:50:05.429566,69110
22808798,115,Active,1,25,2014-11-04 21:50:05.434543,69110
22808799,116,Active,17,19,2014-11-04 21:50:05.439685,69110
22808800,117,Active,12,10,2014-11-04 21:50:05.44491,69110
22808801,118,Active,3,25,2014-11-04 21:50:05.450148,69110
22808802,119,Active,19,19,2014-11-04 21:50:05.455243,69110
22808803,120,Active,1,25,2014-11-04 21:50:05.461071,69110
22808804,121,Active,6,18,2014-11-04 21:50:05.466842,69110
22808805,122,Active,1,28,2014-11-04 21:50:05.477506,69110
22808806,123,Active,17,9,2014-11-04 21:50:05.482744,69110
22808807,124,Active,28,6,2014-11-04 21:50:05.488523,69110
22808808,125,Active,1,36,2014-11-04 21:50:05.493574,69110
22808809,126,Active,3,20,2014-11-04 21:50:05.505138,69110
22808810,127,Active,2,23,2014-11-04 21:50:05.511618,69110
22808811,128,Active,4,14,2014-11-04 21:50:05.517907,69110
22808812,129,Active,1,28,2014-11-04 21:50:05.52388,69110
22808813,130,Active,12,11,2014-11-04 21:50:05.52933,69110
22808814,131,Active,9,13,2014-11-04 21:50:05.534246,69110
22808815,132,Active,27,7,2014-11-04 21:50:05.539859,69110
22808816,133,Active,1,24,2014-11-04 21:50:05.545766,69110
22808817,134,Active,11,23,2014-11-04 21:50:05.551959,69110
22808818,135,Active,33,5,2014-11-04 21:50:05.568646,69110
22808819,136,Active,1,20,2014-11-04 21:50:05.575472,69110
22808820,137,Active,7,20,2014-11-04 21:50:05.581267,69110
22808821,138,Active,30,8,2014-11-04 21:50:05.586362,69110
22808822,139,Active,27,9,2014-11-04 21:50:05.594097,69110
22808823,140,Active,2,23,2014-11-04 21:50:05.60877,69110
22808824,141,Active,0,30,2014-11-04 21:50:05.615928,69110
22808825,142,Active,26,14,2014-11-04 21:50:05.622491,69110
22808826,143,Active,2,21,2014-11-04 21:50:05.627914,69110
22808827,144,Active,11,14,2014-11-04 21:50:05.635119,69110
22808828,145,Active,20,15,2014-11-04 21:50:05.64728,69110
22808829,146,Active,26,28,2014-11-04 21:50:05.654086,69110
22808830,147,Active,32,7,2014-11-04 21:50:05.659608,69110
22808831,148,Active,0,43,2014-11-04 21:50:05.664873,69110
22808832,149,Active,5,50,2014-11-04 21:50:05.682313,69110
22808833,150,Active,7,40,2014-11-04 21:50:05.687801,69110
22808834,151,Active,3,22,2014-11-04 21:50:05.693513,69110
22808835,152,Active,3,26,2014-11-04 21:50:05.698943,69110
22808836,153,Active,13,20,2014-11-04 21:50:05.704183,69110
22808837,154,Active,22,11,2014-11-04 21:50:05.70969,69110
22808838,155,Active,11,23,2014-11-04 21:50:05.716068,69110
22808839,156,Active,13,19,2014-11-04 21:50:05.722262,69110
22808840,157,Active,3,23,2014-11-04 21:50:05.728566,69110
22808841,158,Active,8,10,2014-11-04 21:50:05.734172,69110
22808842,159,Active,21,7,2014-11-04 21:50:05.740189,69110
22808843,160,Active,6,37,2014-11-04 21:50:05.746394,69110
22808844,161,Active,45,1,2014-11-04 21:50:05.75268,69110
22808845,162,Active,1,39,2014-11-04 21:50:05.759553,69110
22808846,163,Active,14,24,2014-11-04 21:50:05.764889,69110
22808847,164,Active,24,8,2014-11-04 21:50:05.77932,69110
22808848,165,Active,13,25,2014-11-04 21:50:05.784939,69110
22808849,166,Active,6,24,2014-11-04 21:50:05.794317,69110
22808850,167,Active,7,20,2014-11-04 21:50:05.799515,69110
22808851,168,Active,17,24,2014-11-04 21:50:05.843675,69110
22808852,169,Active,5,31,2014-11-04 21:50:05.853499,69110
22808853,170,Active,24,2,2014-11-04 21:50:05.859057,69110
22808854,171,Active,1,26,2014-11-04 21:50:05.866054,69110
22808855,172,Active,16,15,2014-11-04 21:50:05.871437,69110
22808856,173,Active,4,27,2014-11-04 21:50:05.888199,69110
22808857,174,Active,20,10,2014-11-04 21:50:05.893807,69110
22808858,175,Active,7,23,2014-11-04 21:50:05.898955,69110
22808859,176,Active,10,21,2014-11-04 21:50:05.905014,69110
22808860,177,Active,4,26,2014-11-04 21:50:05.910048,69110
22808861,178,Active,0,23,2014-11-04 21:50:05.92553,69110
22808862,179,Active,3,24,2014-11-04 21:50:05.930883,69110
22808863,180,Active,0,31,2014-11-04 21:50:05.936192,69110
22808864,181,Active,1,26,2014-11-04 21:50:05.941693,69110
22808865,182,Active,1,13,2014-11-04 21:50:05.948101,69110
22808866,183,Active,2,40,2014-11-04 21:50:05.965334,69110
22808867,184,Active,18,20,2014-11-04 21:50:05.972118,69110
22808868,185,Active,7,22,2014-11-04 21:50:05.977698,69110
22808869,186,Active,35,3,2014-11-04 21:50:05.982949,69110
22808870,187,Active,16,24,2014-11-04 21:50:05.99885,69110
22808871,188,Active,2,32,2014-11-04 21:50:06.004431,69110
22808872,189,Active,3,39,2014-11-04 21:50:06.009281,69110
22808873,190,Active,1,22,2014-11-04 21:50:06.014447,69110
22808874,191,Active,0,19,2014-11-04 21:50:06.020077,69110
22808875,192,Active,1,33,2014-11-04 21:50:06.035811,69110
22808876,193,Active,5,17,2014-11-04 21:50:06.041827,69110
22808877,194,Active,3,24,2014-11-04 21:50:06.047737,69110
22808878,195,Active,18,6,2014-11-04 21:50:06.05288,69110
22808879,196,Active,27,10,2014-11-04 21:50:06.057841,69110
22808880,197,Active,3,28,2014-11-04 21:50:06.076637,69110
22808881,198,Active,16,4,2014-11-04 21:50:06.082949,69110
22808882,199,Active,5,18,2014-11-04 21:50:06.088468,69110
22808883,200,Active,1,22,2014-11-04 21:50:06.094397,69110
22808884,201,Active,5,16,2014-11-04 21:50:06.110752,69110
22808885,202,Active,2,15,2014-11-04 21:50:06.115864,69110
22808886,203,Active,2,53,2014-11-04 21:50:06.120695,69110
22808887,204,Active,2,36,2014-11-04 21:50:06.125599,69110
22808888,205,Active,25,1,2014-11-04 21:50:06.130547,69110
22808889,206,Active,45,2,2014-11-04 21:50:06.14698,69110
22808890,207,Active,7,23,2014-11-04 21:50:06.153302,69110
22808891,208,Active,19,7,2014-11-04 21:50:06.159005,69110
22808892,209,Active,2,28,2014-11-04 21:50:06.16412,69110
22808893,210,Active,8,23,2014-11-04 21:50:06.169436,69110
22808894,211,Active,9,30,2014-11-04 21:50:06.174706,69110
22808895,212,Active,19,2,2014-11-04 21:50:06.180908,69110
22808896,213,Active,29,16,2014-11-04 21:50:06.186641,69110
22808897,214,Active,0,26,2014-11-04 21:50:06.192986,69110
22808898,215,Active,1,22,2014-11-04 21:50:06.198353,69110
22808899,216,Active,8,13,2014-11-04 21:50:06.203521,69110
22808900,217,Active,4,32,2014-11-04 21:50:06.208404,69110
22808901,218,Active,5,24,2014-11-04 21:50:06.213647,69110
22808902,219,Active,8,25,2014-11-04 21:50:06.218983,69110
22808903,220,Active,32,16,2014-11-04 21:50:06.224099,69110
22808904,221,Active,0,23,2014-11-04 21:50:06.241515,69110
22808905,222,Active,32,17,2014-11-04 21:50:06.249031,69110
22808906,223,Active,11,30,2014-11-04 21:50:06.256422,69110
22808907,224,Active,14,22,2014-11-04 21:50:06.2978,69110
22808908,225,Active,11,16,2014-11-04 21:50:06.309899,69110
22808909,226,Active,1,29,2014-11-04 21:50:06.315289,69110
22808910,227,Active,1,30,2014-11-04 21:50:06.320489,69110
22808911,228,Active,6,51,2014-11-04 21:50:06.326893,69110
22808912,229,Active,15,23,2014-11-04 21:50:06.344968,69110
22808913,230,Active,3,31,2014-11-04 21:50:06.350908,69110
22808914,231,Active,20,17,2014-11-04 21:50:06.356008,69110
22808915,232,Active,15,20,2014-11-04 21:50:06.361968,69110
22808916,233,Active,10,27,2014-11-04 21:50:06.379035,69110
22808917,234,Active,4,25,2014-11-04 21:50:06.384361,69110
22808918,235,Active,0,48,2014-11-04 21:50:06.389372,69110
22808919,236,Active,1,20,2014-11-04 21:50:06.395931,69110
22808920,237,Active,0,38,2014-11-04 21:50:06.400794,69110
22808921,238,Active,38,6,2014-11-04 21:50:06.414608,69110
22808922,239,Active,4,12,2014-11-04 21:50:06.420089,69110
22808923,240,Active,41,17,2014-11-04 21:50:06.425299,69110
22808924,241,Active,26,13,2014-11-04 21:50:06.430151,69110
22808925,242,Active,23,9,2014-11-04 21:50:06.435359,69110
22808926,243,Active,13,18,2014-11-04 21:50:06.452099,69110
22808927,244,Active,0,56,2014-11-04 21:50:06.457545,69110
22808928,245,Active,35,21,2014-11-04 21:50:06.463171,69110
22808929,246,Active,0,33,2014-11-04 21:50:06.469663,69110
22808930,247,Active,4,25,2014-11-04 21:50:06.485584,69110
22808931,248,Active,13,26,2014-11-04 21:50:06.490754,69110
22808932,249,Active,1,38,2014-11-04 21:50:06.496712,69110
22808933,250,Active,33,11,2014-11-04 21:50:06.502807,69110
22808934,251,Active,17,16,2014-11-04 21:50:06.508896,69110
22808935,252,Active,9,34,2014-11-04 21:50:06.521341,69110
22808936,253,Active,25,31,2014-11-04 21:50:06.526229,69110
22808937,254,Active,3,23,2014-11-04 21:50:06.53492,69110
22808938,255,Active,8,20,2014-11-04 21:50:06.539842,69110
22808939,256,Active,5,19,2014-11-04 21:50:06.554543,69110
22808940,257,Active,1,23,2014-11-04 21:50:06.559456,69110
22808941,258,Active,11,27,2014-11-04 21:50:06.564234,69110
22808942,259,Active,13,21,2014-11-04 21:50:06.569142,69110
22808943,260,Active,16,27,2014-11-04 21:50:06.574191,69110
22808944,261,Active,8,30,2014-11-04 21:50:06.590703,69110
22808945,262,Active,20,16,2014-11-04 21:50:06.596225,69110
22808946,263,Active,6,28,2014-11-04 21:50:06.602051,69110
22808947,264,Active,16,25,2014-11-04 21:50:06.607089,69110
22808948,265,Active,21,12,2014-11-04 21:50:06.623408,69110
22808949,266,Active,12,47,2014-11-04 21:50:06.628406,69110
22808950,267,Active,33,20,2014-11-04 21:50:06.633306,69110
22808951,268,Active,26,23,2014-11-04 21:50:06.638111,69110
22808952,269,Active,19,14,2014-11-04 21:50:06.643068,69110
22808953,270,Active,17,15,2014-11-04 21:50:06.648226,69110
22808954,271,Active,2,23,2014-11-04 21:50:06.653147,69110
22808955,272,Active,39,6,2014-11-04 21:50:06.658713,69110
22808956,273,Active,28,30,2014-11-04 21:50:06.663713,69110
22808957,274,Active,12,13,2014-11-04 21:50:06.669249,69110
22808958,275,Active,12,23,2014-11-04 21:50:06.674755,69110
22808959,276,Active,28,18,2014-11-04 21:50:06.68044,69110
22808960,277,Active,8,34,2014-11-04 21:50:06.685456,69110
22808961,330,Active,2,28,2014-11-04 21:50:06.690579,69110
22808962,278,Active,16,9,2014-11-04 21:50:06.695571,69110
22808963,279,Active,17,25,2014-11-04 21:50:06.724382,69110
22808964,280,Active,30,5,2014-11-04 21:50:06.730014,69110
22808965,281,Active,2,45,2014-11-04 21:50:06.735008,69110
22808966,282,Active,3,20,2014-11-04 21:50:06.739964,69110
22808967,283,Active,5,27,2014-11-04 21:50:06.745112,69110
22808968,284,Active,32,19,2014-11-04 21:50:06.750019,69110
22808969,285,Active,0,32,2014-11-04 21:50:06.756069,69110
22808970,286,Active,7,18,2014-11-04 21:50:06.7623,69110
22808971,287,Active,5,20,2014-11-04 21:50:06.768794,69110
22808972,288,Active,9,40,2014-11-04 21:50:06.774197,69110
22808973,289,Active,21,10,2014-11-04 21:50:06.779036,69110
22808974,290,Active,13,16,2014-11-04 21:50:06.783879,69110
22808975,291,Active,1,51,2014-11-04 21:50:06.7901,69110
22808976,292,Active,18,19,2014-11-04 21:50:06.796087,69110
22808977,293,Active,12,45,2014-11-04 21:50:06.801024,69110
22808978,294,Active,9,30,2014-11-04 21:50:06.817195,69110
22808979,295,Active,27,40,2014-11-04 21:50:06.821999,69110
22808980,296,Active,37,13,2014-11-04 21:50:06.826932,69110
22808981,297,Active,16,29,2014-11-04 21:50:06.835166,69110
22808982,298,Active,24,33,2014-11-04 21:50:06.840197,69110
22808983,299,Active,1,36,2014-11-04 21:50:06.845066,69110
22808984,300,Active,7,31,2014-11-04 21:50:06.850545,69110
22808985,301,Inactive,0,31,2014-11-04 21:50:06.855489,69110
22808986,302,Active,1,35,2014-11-04 21:50:06.860631,69110
22808987,303,Active,2,39,2014-11-04 21:50:06.865576,69110
22808988,304,Active,2,34,2014-11-04 21:50:06.870631,69110
22808989,305,Active,4,31,2014-11-04 21:50:06.875729,69110
22808990,306,Active,5,35,2014-11-04 21:50:06.880853,69110
22808991,307,Active,0,49,2014-11-04 21:50:06.885798,69110
22808992,308,Active,11,16,2014-11-04 21:50:06.893232,69110
22808993,309,Active,1,27,2014-11-04 21:50:06.898889,69110
22808994,310,Active,5,30,2014-11-04 21:50:06.903806,69110
22808995,311,Inactive,0,11,2014-11-04 21:50:06.908796,69110
22808996,312,Active,25,3,2014-11-04 21:50:06.914104,69110
22808997,313,Active,13,25,2014-11-04 21:50:06.919078,69110
22808998,314,Active,4,12,2014-11-04 21:50:06.923965,69110
22808999,315,Active,14,23,2014-11-04 21:50:06.929114,69110
22809000,316,Active,17,10,2014-11-04 21:50:06.934511,69110
22809001,317,Active,12,1,2014-11-04 21:50:06.939993,69110
22809002,318,Active,10,14,2014-11-04 21:50:06.944966,69110
22809003,319,Inactive,0,0,2014-11-04 21:50:06.949735,69110
22809004,320,Active,18,18,2014-11-04 21:50:06.954646,69110
22809005,321,Active,5,4,2014-11-04 21:50:06.961095,69110
22809006,322,Active,42,4,2014-11-04 21:50:06.965799,69110
22809007,332,Active,3,20,2014-11-04 21:50:06.970723,69110
22809008,327,Active,11,23,2014-11-04 21:50:06.975642,69110
22809009,328,Active,15,23,2014-11-04 21:50:06.981199,69110
22809010,331,Active,0,33,2014-11-04 21:50:06.986234,69110
22809011,323,Active,1,36,2014-11-04 21:50:06.991201,69110
22809012,324,Active,19,23,2014-11-04 21:50:06.996059,69110
22809013,329,Active,19,12,2014-11-04 21:50:07.001046,69110
22809014,325,Active,12,20,2014-11-04 21:50:07.006393,69110
22809015,326,Active,5,18,2014-11-04 21:50:07.015111,69110
22809016,1,Active,4,32,2014-11-04 22:00:04.818184,69111
22809017,2,Active,8,22,2014-11-04 22:00:04.831192,69111
22809018,3,Active,0,25,2014-11-04 22:00:04.835733,69111
22809019,4,Active,12,48,2014-11-04 22:00:04.842461,69111
22809020,5,Active,17,15,2014-11-04 22:00:04.84749,69111
22809021,6,Active,3,15,2014-11-04 22:00:04.852618,69111
22809022,7,Active,1,16,2014-11-04 22:00:04.857379,69111
22809023,8,Active,8,20,2014-11-04 22:00:04.862296,69111
22809024,9,Active,25,5,2014-11-04 22:00:04.86864,69111
22809025,10,Active,2,44,2014-11-04 22:00:04.873379,69111
22809026,11,Active,1,21,2014-11-04 22:00:04.878064,69111
22809027,12,Active,3,16,2014-11-04 22:00:04.882367,69111
22809028,13,Active,20,19,2014-11-04 22:00:04.88702,69111
22809029,14,Active,26,6,2014-11-04 22:00:04.891756,69111
22809030,15,Active,3,27,2014-11-04 22:00:04.895958,69111
22809031,16,Active,6,21,2014-11-04 22:00:04.899992,69111
22809032,17,Active,22,4,2014-11-04 22:00:04.904111,69111
22809033,18,Active,10,39,2014-11-04 22:00:04.908294,69111
22809034,19,Active,4,18,2014-11-04 22:00:04.912519,69111
22809035,20,Active,2,23,2014-11-04 22:00:04.916915,69111
22809036,21,Active,29,5,2014-11-04 22:00:04.921456,69111
22809037,22,Active,26,14,2014-11-04 22:00:04.925509,69111
22809038,23,Active,13,29,2014-11-04 22:00:04.92968,69111
22809039,24,Active,33,12,2014-11-04 22:00:04.933875,69111
22809040,25,Active,27,15,2014-11-04 22:00:04.940487,69111
22809041,26,Active,3,26,2014-11-04 22:00:04.946177,69111
22809042,27,Active,22,22,2014-11-04 22:00:04.950406,69111
22809043,28,Active,23,3,2014-11-04 22:00:04.954778,69111
22809044,29,Active,1,21,2014-11-04 22:00:04.959112,69111
22809045,30,Active,36,1,2014-11-04 22:00:04.96336,69111
22809046,31,Active,3,32,2014-11-04 22:00:04.967847,69111
22809047,32,Active,17,15,2014-11-04 22:00:04.972032,69111
22809048,33,Active,11,19,2014-11-04 22:00:04.976841,69111
22809049,34,Active,28,6,2014-11-04 22:00:04.981112,69111
22809050,35,Active,40,13,2014-11-04 22:00:04.985252,69111
22809051,36,Active,17,9,2014-11-04 22:00:04.989239,69111
22809052,37,Active,0,22,2014-11-04 22:00:04.99329,69111
22809053,38,Active,1,37,2014-11-04 22:00:04.997449,69111
22809054,39,Active,3,33,2014-11-04 22:00:05.002749,69111
22809055,40,Active,3,35,2014-11-04 22:00:05.007805,69111
22809056,41,Active,10,21,2014-11-04 22:00:05.014375,69111
22809057,42,Active,9,21,2014-11-04 22:00:05.018624,69111
22809058,43,Active,0,21,2014-11-04 22:00:05.022751,69111
22809059,44,Active,4,17,2014-11-04 22:00:05.035273,69111
22809060,45,Active,19,11,2014-11-04 22:00:05.039824,69111
22809061,46,Active,0,29,2014-11-04 22:00:05.044363,69111
22809062,47,Active,14,9,2014-11-04 22:00:05.048551,69111
22809063,48,Active,15,1,2014-11-04 22:00:05.052575,69111
22809064,49,Active,18,4,2014-11-04 22:00:05.056747,69111
22809065,50,Active,21,5,2014-11-04 22:00:05.060867,69111
22809066,51,Active,14,23,2014-11-04 22:00:05.065027,69111
22809067,52,Active,18,8,2014-11-04 22:00:05.069236,69111
22809068,53,Active,22,9,2014-11-04 22:00:05.073338,69111
22809069,54,Inactive,0,3,2014-11-04 22:00:05.077506,69111
22809070,55,Active,8,20,2014-11-04 22:00:05.084478,69111
22809071,56,Active,28,7,2014-11-04 22:00:05.112937,69111
22809072,57,Active,0,22,2014-11-04 22:00:05.117623,69111
22809073,58,Active,5,31,2014-11-04 22:00:05.122948,69111
22809074,59,Active,30,5,2014-11-04 22:00:05.129239,69111
22809075,60,Active,2,24,2014-11-04 22:00:05.134226,69111
22809076,61,Active,5,16,2014-11-04 22:00:05.139589,69111
22809077,62,Active,3,26,2014-11-04 22:00:05.144872,69111
22809078,63,Active,21,4,2014-11-04 22:00:05.150837,69111
22809079,64,Active,5,30,2014-11-04 22:00:05.156551,69111
22809080,65,Active,0,24,2014-11-04 22:00:05.16629,69111
22809081,66,Active,1,54,2014-11-04 22:00:05.1715,69111
22809082,67,Active,25,2,2014-11-04 22:00:05.176299,69111
22809083,68,Active,4,16,2014-11-04 22:00:05.181639,69111
22809084,69,Active,4,22,2014-11-04 22:00:05.18673,69111
22809085,70,Active,0,29,2014-11-04 22:00:05.191618,69111
22809086,71,Active,1,17,2014-11-04 22:00:05.197212,69111
22809087,72,Active,12,10,2014-11-04 22:00:05.202832,69111
22809088,73,Active,1,17,2014-11-04 22:00:05.207894,69111
22809089,74,Active,24,11,2014-11-04 22:00:05.212951,69111
22809090,75,Active,16,13,2014-11-04 22:00:05.218169,69111
22809091,76,Active,54,3,2014-11-04 22:00:05.223114,69111
22809092,77,Active,2,25,2014-11-04 22:00:05.228684,69111
22809093,78,Active,15,27,2014-11-04 22:00:05.23383,69111
22809094,79,Active,28,16,2014-11-04 22:00:05.238703,69111
22809095,80,Active,3,15,2014-11-04 22:00:05.243836,69111
22809096,81,Active,1,28,2014-11-04 22:00:05.249553,69111
22809097,82,Active,7,13,2014-11-04 22:00:05.254506,69111
22809098,83,Active,41,11,2014-11-04 22:00:05.259519,69111
22809099,84,Active,4,23,2014-11-04 22:00:05.264225,69111
22809100,85,Active,1,23,2014-11-04 22:00:05.269124,69111
22809101,86,Active,8,27,2014-11-04 22:00:05.274208,69111
22809102,87,Active,10,15,2014-11-04 22:00:05.279269,69111
22809103,88,Active,0,35,2014-11-04 22:00:05.28488,69111
22809104,89,Active,30,23,2014-11-04 22:00:05.289753,69111
22809105,90,Active,7,9,2014-11-04 22:00:05.295354,69111
22809106,91,Active,3,20,2014-11-04 22:00:05.300997,69111
22809107,92,Active,27,3,2014-11-04 22:00:05.306594,69111
22809108,93,Active,20,15,2014-11-04 22:00:05.31235,69111
22809109,94,Active,17,16,2014-11-04 22:00:05.318565,69111
22809110,95,Active,19,16,2014-11-04 22:00:05.323478,69111
22809111,96,Active,9,22,2014-11-04 22:00:05.32863,69111
22809112,97,Active,2,23,2014-11-04 22:00:05.33349,69111
22809113,98,Active,34,7,2014-11-04 22:00:05.338328,69111
22809114,99,Active,2,32,2014-11-04 22:00:05.343469,69111
22809115,100,Active,8,21,2014-11-04 22:00:05.348811,69111
22809116,101,Active,2,26,2014-11-04 22:00:05.353978,69111
22809117,102,Active,10,10,2014-11-04 22:00:05.359115,69111
22809118,103,Active,2,36,2014-11-04 22:00:05.364646,69111
22809119,104,Active,23,5,2014-11-04 22:00:05.369836,69111
22809120,105,Active,20,23,2014-11-04 22:00:05.37492,69111
22809121,106,Active,7,20,2014-11-04 22:00:05.380043,69111
22809122,107,Active,2,27,2014-11-04 22:00:05.385104,69111
22809123,108,Inactive,0,3,2014-11-04 22:00:05.390415,69111
22809124,109,Inactive,0,5,2014-11-04 22:00:05.395697,69111
22809125,110,Active,1,24,2014-11-04 22:00:05.405812,69111
22809126,111,Active,0,31,2014-11-04 22:00:05.412007,69111
22809127,112,Active,17,19,2014-11-04 22:00:05.441127,69111
22809128,113,Active,17,33,2014-11-04 22:00:05.446784,69111
22809129,114,Active,6,29,2014-11-04 22:00:05.452122,69111
22809130,115,Active,1,25,2014-11-04 22:00:05.457272,69111
22809131,116,Active,17,19,2014-11-04 22:00:05.462015,69111
22809132,117,Active,14,8,2014-11-04 22:00:05.467058,69111
22809133,118,Active,1,27,2014-11-04 22:00:05.472021,69111
22809134,119,Active,20,18,2014-11-04 22:00:05.477054,69111
22809135,120,Active,2,24,2014-11-04 22:00:05.481993,69111
22809136,121,Active,8,16,2014-11-04 22:00:05.486858,69111
22809137,122,Active,2,27,2014-11-04 22:00:05.491881,69111
22809138,123,Active,15,11,2014-11-04 22:00:05.496922,69111
22809139,124,Active,29,5,2014-11-04 22:00:05.501887,69111
22809140,125,Active,1,36,2014-11-04 22:00:05.506936,69111
22809141,126,Active,3,20,2014-11-04 22:00:05.512223,69111
22809142,127,Active,1,24,2014-11-04 22:00:05.517745,69111
22809143,128,Active,3,15,2014-11-04 22:00:05.522781,69111
22809144,129,Active,1,28,2014-11-04 22:00:05.527847,69111
22809145,130,Active,11,12,2014-11-04 22:00:05.532865,69111
22809146,131,Active,8,14,2014-11-04 22:00:05.538533,69111
22809147,132,Active,26,8,2014-11-04 22:00:05.546049,69111
22809148,133,Active,1,24,2014-11-04 22:00:05.550797,69111
22809149,134,Active,7,27,2014-11-04 22:00:05.556469,69111
22809150,135,Active,36,2,2014-11-04 22:00:05.561373,69111
22809151,136,Active,1,20,2014-11-04 22:00:05.566378,69111
22809152,137,Active,7,20,2014-11-04 22:00:05.571447,69111
22809153,138,Active,27,11,2014-11-04 22:00:05.577386,69111
22809154,139,Active,26,10,2014-11-04 22:00:05.582348,69111
22809155,140,Active,2,23,2014-11-04 22:00:05.58824,69111
22809156,141,Active,1,29,2014-11-04 22:00:05.593259,69111
22809157,142,Active,28,12,2014-11-04 22:00:05.598307,69111
22809158,143,Active,1,22,2014-11-04 22:00:05.603206,69111
22809159,144,Active,9,16,2014-11-04 22:00:05.608276,69111
22809160,145,Active,13,21,2014-11-04 22:00:05.614357,69111
22809161,146,Active,21,33,2014-11-04 22:00:05.619453,69111
22809162,147,Active,30,9,2014-11-04 22:00:05.62447,69111
22809163,148,Active,1,42,2014-11-04 22:00:05.632857,69111
22809164,149,Active,8,47,2014-11-04 22:00:05.637763,69111
22809165,150,Active,6,41,2014-11-04 22:00:05.64278,69111
22809166,151,Active,3,22,2014-11-04 22:00:05.64774,69111
22809167,152,Active,2,27,2014-11-04 22:00:05.652604,69111
22809168,153,Active,12,21,2014-11-04 22:00:05.657428,69111
22809169,154,Active,20,13,2014-11-04 22:00:05.66277,69111
22809170,155,Active,12,22,2014-11-04 22:00:05.667977,69111
22809171,156,Active,14,18,2014-11-04 22:00:05.672976,69111
22809172,157,Active,2,24,2014-11-04 22:00:05.677877,69111
22809173,158,Active,8,10,2014-11-04 22:00:05.68294,69111
22809174,159,Active,22,6,2014-11-04 22:00:05.687715,69111
22809175,160,Active,6,37,2014-11-04 22:00:05.692838,69111
22809176,161,Active,43,3,2014-11-04 22:00:05.69794,69111
22809177,162,Active,1,39,2014-11-04 22:00:05.703087,69111
22809178,163,Active,16,22,2014-11-04 22:00:05.708054,69111
22809179,164,Active,24,8,2014-11-04 22:00:05.714338,69111
22809180,165,Active,12,27,2014-11-04 22:00:05.719628,69111
22809181,166,Active,6,24,2014-11-04 22:00:05.724886,69111
22809182,167,Active,8,19,2014-11-04 22:00:05.729974,69111
22809183,168,Active,17,24,2014-11-04 22:00:05.757429,69111
22809184,169,Active,3,33,2014-11-04 22:00:05.763164,69111
22809185,170,Active,23,3,2014-11-04 22:00:05.76804,69111
22809186,171,Active,1,26,2014-11-04 22:00:05.773834,69111
22809187,172,Active,15,16,2014-11-04 22:00:05.77985,69111
22809188,173,Active,4,27,2014-11-04 22:00:05.78511,69111
22809189,174,Active,20,10,2014-11-04 22:00:05.790055,69111
22809190,175,Active,8,22,2014-11-04 22:00:05.794877,69111
22809191,176,Active,11,20,2014-11-04 22:00:05.800834,69111
22809192,177,Active,4,26,2014-11-04 22:00:05.805757,69111
22809193,178,Active,0,23,2014-11-04 22:00:05.813232,69111
22809194,179,Active,3,24,2014-11-04 22:00:05.818616,69111
22809195,180,Active,0,31,2014-11-04 22:00:05.82474,69111
22809196,181,Active,1,26,2014-11-04 22:00:05.830053,69111
22809197,182,Active,1,13,2014-11-04 22:00:05.835492,69111
22809198,183,Active,2,40,2014-11-04 22:00:05.841076,69111
22809199,184,Active,21,17,2014-11-04 22:00:05.847432,69111
22809200,185,Active,7,22,2014-11-04 22:00:05.852875,69111
22809201,186,Active,33,5,2014-11-04 22:00:05.857768,69111
22809202,187,Active,18,22,2014-11-04 22:00:05.865002,69111
22809203,188,Active,2,32,2014-11-04 22:00:05.869961,69111
22809204,189,Active,3,39,2014-11-04 22:00:05.87555,69111
22809205,190,Active,1,22,2014-11-04 22:00:05.8805,69111
22809206,191,Active,0,19,2014-11-04 22:00:05.886193,69111
22809207,192,Active,5,29,2014-11-04 22:00:05.891247,69111
22809208,193,Active,5,17,2014-11-04 22:00:05.896142,69111
22809209,194,Active,0,27,2014-11-04 22:00:05.901094,69111
22809210,195,Active,18,6,2014-11-04 22:00:05.905942,69111
22809211,196,Active,26,11,2014-11-04 22:00:05.910768,69111
22809212,197,Active,3,28,2014-11-04 22:00:05.916468,69111
22809213,198,Active,15,5,2014-11-04 22:00:05.921714,69111
22809214,199,Active,5,18,2014-11-04 22:00:05.927948,69111
22809215,200,Active,1,22,2014-11-04 22:00:05.933521,69111
22809216,201,Active,5,16,2014-11-04 22:00:05.938958,69111
22809217,202,Active,2,15,2014-11-04 22:00:05.943996,69111
22809218,203,Active,3,52,2014-11-04 22:00:05.949025,69111
22809219,204,Active,2,36,2014-11-04 22:00:05.95428,69111
22809220,205,Active,24,2,2014-11-04 22:00:05.959854,69111
22809221,206,Active,45,2,2014-11-04 22:00:05.965078,69111
22809222,207,Active,8,22,2014-11-04 22:00:05.970326,69111
22809223,208,Active,20,6,2014-11-04 22:00:05.975681,69111
22809224,209,Active,2,28,2014-11-04 22:00:05.981588,69111
22809225,210,Active,7,24,2014-11-04 22:00:05.986929,69111
22809226,211,Active,9,30,2014-11-04 22:00:05.991972,69111
22809227,212,Active,21,0,2014-11-04 22:00:05.99696,69111
22809228,213,Active,27,17,2014-11-04 22:00:06.001956,69111
22809229,214,Active,0,26,2014-11-04 22:00:06.007921,69111
22809230,215,Active,1,22,2014-11-04 22:00:06.014488,69111
22809231,216,Active,8,13,2014-11-04 22:00:06.019408,69111
22809232,217,Active,5,31,2014-11-04 22:00:06.024839,69111
22809233,218,Active,3,26,2014-11-04 22:00:06.030196,69111
22809234,219,Active,5,28,2014-11-04 22:00:06.035331,69111
22809235,220,Active,29,19,2014-11-04 22:00:06.040713,69111
22809236,221,Active,0,23,2014-11-04 22:00:06.04565,69111
22809237,222,Active,31,18,2014-11-04 22:00:06.050805,69111
22809238,223,Active,13,28,2014-11-04 22:00:06.055899,69111
22809239,224,Active,6,30,2014-11-04 22:00:06.083659,69111
22809240,225,Active,10,17,2014-11-04 22:00:06.089349,69111
22809241,226,Active,1,29,2014-11-04 22:00:06.094539,69111
22809242,227,Active,0,31,2014-11-04 22:00:06.09938,69111
22809243,228,Active,4,53,2014-11-04 22:00:06.104542,69111
22809244,229,Active,15,23,2014-11-04 22:00:06.109561,69111
22809245,230,Active,2,32,2014-11-04 22:00:06.115531,69111
22809246,231,Active,19,18,2014-11-04 22:00:06.121099,69111
22809247,232,Active,16,19,2014-11-04 22:00:06.126427,69111
22809248,233,Active,8,29,2014-11-04 22:00:06.131806,69111
22809249,234,Active,2,27,2014-11-04 22:00:06.139704,69111
22809250,235,Active,0,48,2014-11-04 22:00:06.14628,69111
22809251,236,Active,1,20,2014-11-04 22:00:06.152354,69111
22809252,237,Active,0,38,2014-11-04 22:00:06.157449,69111
22809253,238,Active,32,12,2014-11-04 22:00:06.162359,69111
22809254,239,Active,5,11,2014-11-04 22:00:06.167854,69111
22809255,240,Active,40,18,2014-11-04 22:00:06.17287,69111
22809256,241,Active,27,12,2014-11-04 22:00:06.178248,69111
22809257,242,Active,22,10,2014-11-04 22:00:06.183485,69111
22809258,243,Active,13,18,2014-11-04 22:00:06.188562,69111
22809259,244,Active,0,56,2014-11-04 22:00:06.193687,69111
22809260,245,Active,31,25,2014-11-04 22:00:06.198753,69111
22809261,246,Active,2,31,2014-11-04 22:00:06.203649,69111
22809262,247,Active,3,26,2014-11-04 22:00:06.208564,69111
22809263,248,Active,9,30,2014-11-04 22:00:06.213329,69111
22809264,249,Active,1,38,2014-11-04 22:00:06.218307,69111
22809265,250,Active,30,14,2014-11-04 22:00:06.223219,69111
22809266,251,Active,16,17,2014-11-04 22:00:06.228193,69111
22809267,252,Active,9,34,2014-11-04 22:00:06.23315,69111
22809268,253,Active,28,28,2014-11-04 22:00:06.237967,69111
22809269,254,Active,3,23,2014-11-04 22:00:06.24533,69111
22809270,255,Active,6,22,2014-11-04 22:00:06.250297,69111
22809271,256,Active,6,18,2014-11-04 22:00:06.255201,69111
22809272,257,Active,1,23,2014-11-04 22:00:06.260028,69111
22809273,258,Active,15,23,2014-11-04 22:00:06.265057,69111
22809274,259,Active,13,21,2014-11-04 22:00:06.269881,69111
22809275,260,Active,14,29,2014-11-04 22:00:06.2747,69111
22809276,261,Active,11,27,2014-11-04 22:00:06.279675,69111
22809277,262,Active,20,16,2014-11-04 22:00:06.284526,69111
22809278,263,Active,9,25,2014-11-04 22:00:06.289382,69111
22809279,264,Active,18,23,2014-11-04 22:00:06.29437,69111
22809280,265,Active,22,11,2014-11-04 22:00:06.299622,69111
22809281,266,Active,11,48,2014-11-04 22:00:06.304907,69111
22809282,267,Active,29,24,2014-11-04 22:00:06.310326,69111
22809283,268,Active,20,29,2014-11-04 22:00:06.315358,69111
22809284,269,Active,18,15,2014-11-04 22:00:06.320291,69111
22809285,270,Active,18,14,2014-11-04 22:00:06.325544,69111
22809286,271,Active,2,23,2014-11-04 22:00:06.330389,69111
22809287,272,Active,38,7,2014-11-04 22:00:06.335284,69111
22809288,273,Active,25,33,2014-11-04 22:00:06.340819,69111
22809289,274,Active,16,9,2014-11-04 22:00:06.346269,69111
22809290,275,Active,17,18,2014-11-04 22:00:06.351441,69111
22809291,276,Active,27,19,2014-11-04 22:00:06.357252,69111
22809292,277,Active,12,30,2014-11-04 22:00:06.362549,69111
22809293,330,Active,2,28,2014-11-04 22:00:06.367603,69111
22809294,278,Active,13,12,2014-11-04 22:00:06.372827,69111
22809295,279,Active,18,24,2014-11-04 22:00:06.401545,69111
22809296,280,Active,30,5,2014-11-04 22:00:06.406723,69111
22809297,281,Active,0,47,2014-11-04 22:00:06.41221,69111
22809298,282,Active,4,19,2014-11-04 22:00:06.417457,69111
22809299,283,Active,6,26,2014-11-04 22:00:06.422612,69111
22809300,284,Active,28,23,2014-11-04 22:00:06.42772,69111
22809301,285,Active,0,32,2014-11-04 22:00:06.432729,69111
22809302,286,Active,8,17,2014-11-04 22:00:06.438404,69111
22809303,287,Active,4,21,2014-11-04 22:00:06.443624,69111
22809304,288,Active,10,39,2014-11-04 22:00:06.448819,69111
22809305,289,Active,22,9,2014-11-04 22:00:06.454361,69111
22809306,290,Active,13,16,2014-11-04 22:00:06.459328,69111
22809307,291,Active,2,50,2014-11-04 22:00:06.464457,69111
22809308,292,Active,16,21,2014-11-04 22:00:06.46968,69111
22809309,293,Active,11,46,2014-11-04 22:00:06.474549,69111
22809310,294,Active,5,34,2014-11-04 22:00:06.479487,69111
22809311,295,Active,35,32,2014-11-04 22:00:06.484473,69111
22809312,296,Active,32,18,2014-11-04 22:00:06.489559,69111
22809313,297,Active,19,26,2014-11-04 22:00:06.4972,69111
22809314,298,Active,22,35,2014-11-04 22:00:06.502153,69111
22809315,299,Active,1,36,2014-11-04 22:00:06.50703,69111
22809316,300,Active,7,31,2014-11-04 22:00:06.512167,69111
22809317,301,Inactive,0,31,2014-11-04 22:00:06.517139,69111
22809318,302,Active,3,33,2014-11-04 22:00:06.522073,69111
22809319,303,Active,1,40,2014-11-04 22:00:06.527274,69111
22809320,304,Active,2,34,2014-11-04 22:00:06.532412,69111
22809321,305,Active,4,31,2014-11-04 22:00:06.537334,69111
22809322,306,Active,5,35,2014-11-04 22:00:06.54262,69111
22809323,307,Active,2,47,2014-11-04 22:00:06.547372,69111
22809324,308,Active,12,15,2014-11-04 22:00:06.552168,69111
22809325,309,Active,3,25,2014-11-04 22:00:06.557403,69111
22809326,310,Active,2,33,2014-11-04 22:00:06.562747,69111
22809327,311,Inactive,0,11,2014-11-04 22:00:06.567676,69111
22809328,312,Active,24,4,2014-11-04 22:00:06.572593,69111
22809329,313,Active,14,24,2014-11-04 22:00:06.577446,69111
22809330,314,Active,2,14,2014-11-04 22:00:06.582365,69111
22809331,315,Active,14,23,2014-11-04 22:00:06.587412,69111
22809332,316,Active,18,9,2014-11-04 22:00:06.592308,69111
22809333,317,Active,12,1,2014-11-04 22:00:06.597227,69111
22809334,318,Active,10,14,2014-11-04 22:00:06.60238,69111
22809335,319,Inactive,0,0,2014-11-04 22:00:06.607355,69111
22809336,320,Active,18,18,2014-11-04 22:00:06.61275,69111
22809337,321,Active,5,4,2014-11-04 22:00:06.617615,69111
22809338,322,Active,43,3,2014-11-04 22:00:06.622629,69111
22809339,332,Active,4,19,2014-11-04 22:00:06.627562,69111
22809340,327,Active,11,23,2014-11-04 22:00:06.632484,69111
22809341,328,Active,17,21,2014-11-04 22:00:06.637437,69111
22809342,331,Active,0,33,2014-11-04 22:00:06.642482,69111
22809343,323,Active,2,35,2014-11-04 22:00:06.647545,69111
22809344,324,Active,20,21,2014-11-04 22:00:06.652947,69111
22809345,329,Active,16,15,2014-11-04 22:00:06.658254,69111
22809346,325,Active,13,19,2014-11-04 22:00:06.663401,69111
22809347,326,Active,2,21,2014-11-04 22:00:06.6685,69111
22809348,1,Active,2,34,2014-11-04 22:10:05.237698,69112
22809349,2,Active,8,22,2014-11-04 22:10:05.246278,69112
22809350,3,Active,1,24,2014-11-04 22:10:05.250488,69112
22809351,4,Active,12,48,2014-11-04 22:10:05.254524,69112
22809352,5,Active,13,19,2014-11-04 22:10:05.258627,69112
22809353,6,Active,3,15,2014-11-04 22:10:05.262669,69112
22809354,7,Active,1,16,2014-11-04 22:10:05.267222,69112
22809355,8,Active,12,16,2014-11-04 22:10:05.271311,69112
22809356,9,Active,21,9,2014-11-04 22:10:05.275362,69112
22809357,10,Active,1,45,2014-11-04 22:10:05.279748,69112
22809358,11,Active,1,21,2014-11-04 22:10:05.284867,69112
22809359,12,Active,3,16,2014-11-04 22:10:05.291244,69112
22809360,13,Active,18,21,2014-11-04 22:10:05.295897,69112
22809361,14,Active,20,12,2014-11-04 22:10:05.300106,69112
22809362,15,Active,3,27,2014-11-04 22:10:05.304164,69112
22809363,16,Active,4,23,2014-11-04 22:10:05.308125,69112
22809364,17,Active,23,3,2014-11-04 22:10:05.314628,69112
22809365,18,Active,0,49,2014-11-04 22:10:05.318593,69112
22809366,19,Active,5,17,2014-11-04 22:10:05.322686,69112
22809367,20,Active,3,22,2014-11-04 22:10:05.326608,69112
22809368,21,Active,25,9,2014-11-04 22:10:05.330605,69112
22809369,22,Active,24,16,2014-11-04 22:10:05.334811,69112
22809370,23,Active,6,36,2014-11-04 22:10:05.338945,69112
22809371,24,Active,37,8,2014-11-04 22:10:05.343185,69112
22809372,25,Active,22,20,2014-11-04 22:10:05.347594,69112
22809373,26,Active,2,27,2014-11-04 22:10:05.351814,69112
22809374,27,Active,18,26,2014-11-04 22:10:05.355928,69112
22809375,28,Active,22,4,2014-11-04 22:10:05.360078,69112
22809376,29,Active,1,21,2014-11-04 22:10:05.366749,69112
22809377,30,Active,36,1,2014-11-04 22:10:05.371735,69112
22809378,31,Active,4,31,2014-11-04 22:10:05.375841,69112
22809379,32,Active,15,17,2014-11-04 22:10:05.380413,69112
22809380,33,Active,12,18,2014-11-04 22:10:05.384424,69112
22809381,34,Active,25,9,2014-11-04 22:10:05.388478,69112
22809382,35,Active,40,13,2014-11-04 22:10:05.392565,69112
22809383,36,Active,18,8,2014-11-04 22:10:05.396578,69112
22809384,37,Active,0,22,2014-11-04 22:10:05.400712,69112
22809385,38,Active,2,36,2014-11-04 22:10:05.405574,69112
22809386,39,Active,3,33,2014-11-04 22:10:05.410553,69112
22809387,40,Active,2,36,2014-11-04 22:10:05.414693,69112
22809388,41,Active,11,20,2014-11-04 22:10:05.419057,69112
22809389,42,Active,9,21,2014-11-04 22:10:05.423378,69112
22809390,43,Active,0,21,2014-11-04 22:10:05.427652,69112
22809391,44,Active,4,17,2014-11-04 22:10:05.431801,69112
22809392,45,Active,19,11,2014-11-04 22:10:05.43608,69112
22809393,46,Active,0,29,2014-11-04 22:10:05.440278,69112
22809394,47,Active,14,9,2014-11-04 22:10:05.444943,69112
22809395,48,Active,14,2,2014-11-04 22:10:05.449178,69112
22809396,49,Active,19,3,2014-11-04 22:10:05.453258,69112
22809397,50,Active,20,6,2014-11-04 22:10:05.457417,69112
22809398,51,Active,15,22,2014-11-04 22:10:05.461469,69112
22809399,52,Active,19,7,2014-11-04 22:10:05.465515,69112
22809400,53,Active,22,9,2014-11-04 22:10:05.469666,69112
22809401,54,Inactive,0,3,2014-11-04 22:10:05.473779,69112
22809402,55,Active,8,20,2014-11-04 22:10:05.47848,69112
22809403,56,Active,30,5,2014-11-04 22:10:05.505767,69112
22809404,57,Active,0,22,2014-11-04 22:10:05.511827,69112
22809405,58,Active,5,31,2014-11-04 22:10:05.516814,69112
22809406,59,Active,26,9,2014-11-04 22:10:05.521699,69112
22809407,60,Active,3,23,2014-11-04 22:10:05.52665,69112
22809408,61,Active,7,14,2014-11-04 22:10:05.53138,69112
22809409,62,Active,3,26,2014-11-04 22:10:05.536447,69112
22809410,63,Active,18,7,2014-11-04 22:10:05.541475,69112
22809411,64,Active,6,29,2014-11-04 22:10:05.546555,69112
22809412,65,Active,0,24,2014-11-04 22:10:05.552112,69112
22809413,66,Active,7,48,2014-11-04 22:10:05.559082,69112
22809414,67,Active,23,4,2014-11-04 22:10:05.564975,69112
22809415,68,Active,3,17,2014-11-04 22:10:05.570318,69112
22809416,69,Active,5,21,2014-11-04 22:10:05.575145,69112
22809417,70,Active,1,28,2014-11-04 22:10:05.58017,69112
22809418,71,Active,1,17,2014-11-04 22:10:05.585305,69112
22809419,72,Active,11,11,2014-11-04 22:10:05.59036,69112
22809420,73,Active,0,18,2014-11-04 22:10:05.595626,69112
22809421,74,Active,23,12,2014-11-04 22:10:05.600431,69112
22809422,75,Active,15,14,2014-11-04 22:10:05.605462,69112
22809423,76,Active,54,3,2014-11-04 22:10:05.610395,69112
22809424,77,Active,2,25,2014-11-04 22:10:05.61553,69112
22809425,78,Active,16,26,2014-11-04 22:10:05.620531,69112
22809426,79,Active,21,19,2014-11-04 22:10:05.625473,69112
22809427,80,Active,3,15,2014-11-04 22:10:05.630418,69112
22809428,81,Active,1,28,2014-11-04 22:10:05.635368,69112
22809429,82,Active,9,11,2014-11-04 22:10:05.640601,69112
22809430,83,Active,36,16,2014-11-04 22:10:05.645658,69112
22809431,84,Active,4,23,2014-11-04 22:10:05.650749,69112
22809432,85,Active,0,24,2014-11-04 22:10:05.655652,69112
22809433,86,Active,7,28,2014-11-04 22:10:05.660528,69112
22809434,87,Active,10,15,2014-11-04 22:10:05.666035,69112
22809435,88,Active,0,35,2014-11-04 22:10:05.675405,69112
22809436,89,Active,30,23,2014-11-04 22:10:05.680146,69112
22809437,90,Active,8,8,2014-11-04 22:10:05.685645,69112
22809438,91,Active,3,20,2014-11-04 22:10:05.690444,69112
22809439,92,Active,28,2,2014-11-04 22:10:05.695375,69112
22809440,93,Active,15,20,2014-11-04 22:10:05.700887,69112
22809441,94,Active,12,21,2014-11-04 22:10:05.70571,69112
22809442,95,Active,16,19,2014-11-04 22:10:05.710597,69112
22809443,96,Active,11,20,2014-11-04 22:10:05.715473,69112
22809444,97,Active,3,22,2014-11-04 22:10:05.720276,69112
22809445,98,Active,30,11,2014-11-04 22:10:05.725937,69112
22809446,99,Active,2,32,2014-11-04 22:10:05.730925,69112
22809447,100,Active,8,21,2014-11-04 22:10:05.736806,69112
22809448,101,Active,2,26,2014-11-04 22:10:05.741813,69112
22809449,102,Active,7,13,2014-11-04 22:10:05.746692,69112
22809450,103,Active,1,37,2014-11-04 22:10:05.751611,69112
22809451,104,Active,22,6,2014-11-04 22:10:05.757672,69112
22809452,105,Active,20,23,2014-11-04 22:10:05.76286,69112
22809453,106,Active,8,19,2014-11-04 22:10:05.793655,69112
22809454,107,Active,1,28,2014-11-04 22:10:05.798506,69112
22809455,108,Inactive,0,3,2014-11-04 22:10:05.804425,69112
22809456,109,Inactive,0,5,2014-11-04 22:10:05.809445,69112
22809457,110,Active,1,24,2014-11-04 22:10:05.814418,69112
22809458,111,Active,0,31,2014-11-04 22:10:05.818956,69112
22809459,112,Active,15,21,2014-11-04 22:10:05.846509,69112
22809460,113,Active,18,32,2014-11-04 22:10:05.85235,69112
22809461,114,Active,3,32,2014-11-04 22:10:05.857012,69112
22809462,115,Active,3,23,2014-11-04 22:10:05.861917,69112
22809463,116,Active,9,27,2014-11-04 22:10:05.867004,69112
22809464,117,Active,13,9,2014-11-04 22:10:05.871999,69112
22809465,118,Active,0,28,2014-11-04 22:10:05.877448,69112
22809466,119,Active,18,20,2014-11-04 22:10:05.882481,69112
22809467,120,Active,2,24,2014-11-04 22:10:05.888026,69112
22809468,121,Active,9,15,2014-11-04 22:10:05.893121,69112
22809469,122,Active,4,25,2014-11-04 22:10:05.897924,69112
22809470,123,Active,12,14,2014-11-04 22:10:05.902912,69112
22809471,124,Active,32,2,2014-11-04 22:10:05.907885,69112
22809472,125,Active,1,36,2014-11-04 22:10:05.913316,69112
22809473,126,Active,3,20,2014-11-04 22:10:05.918367,69112
22809474,127,Active,3,22,2014-11-04 22:10:05.923245,69112
22809475,128,Active,4,14,2014-11-04 22:10:05.928146,69112
22809476,129,Active,3,26,2014-11-04 22:10:05.933642,69112
22809477,130,Active,12,11,2014-11-04 22:10:05.940367,69112
22809478,131,Active,8,14,2014-11-04 22:10:05.947641,69112
22809479,132,Active,26,8,2014-11-04 22:10:05.952277,69112
22809480,133,Active,2,23,2014-11-04 22:10:05.957462,69112
22809481,134,Active,4,30,2014-11-04 22:10:05.96253,69112
22809482,135,Active,36,2,2014-11-04 22:10:05.967148,69112
22809483,136,Active,1,20,2014-11-04 22:10:05.972155,69112
22809484,137,Active,8,19,2014-11-04 22:10:05.977206,69112
22809485,138,Active,23,15,2014-11-04 22:10:05.98216,69112
22809486,139,Active,22,14,2014-11-04 22:10:05.987021,69112
22809487,140,Active,2,23,2014-11-04 22:10:05.991991,69112
22809488,141,Active,1,29,2014-11-04 22:10:05.997038,69112
22809489,142,Active,29,12,2014-11-04 22:10:06.002188,69112
22809490,143,Active,2,21,2014-11-04 22:10:06.00715,69112
22809491,144,Active,8,17,2014-11-04 22:10:06.01182,69112
22809492,145,Active,9,25,2014-11-04 22:10:06.016935,69112
22809493,146,Active,15,39,2014-11-04 22:10:06.021781,69112
22809494,147,Active,27,12,2014-11-04 22:10:06.027941,69112
22809495,148,Active,1,42,2014-11-04 22:10:06.032944,69112
22809496,149,Active,10,45,2014-11-04 22:10:06.03932,69112
22809497,150,Active,8,39,2014-11-04 22:10:06.044941,69112
22809498,151,Active,3,22,2014-11-04 22:10:06.049972,69112
22809499,152,Active,2,27,2014-11-04 22:10:06.054946,69112
22809500,153,Active,12,21,2014-11-04 22:10:06.06009,69112
22809501,154,Active,19,14,2014-11-04 22:10:06.064895,69112
22809502,155,Active,13,21,2014-11-04 22:10:06.07013,69112
22809503,156,Active,14,18,2014-11-04 22:10:06.075129,69112
22809504,157,Active,2,24,2014-11-04 22:10:06.080267,69112
22809505,158,Active,10,8,2014-11-04 22:10:06.085491,69112
22809506,159,Active,25,3,2014-11-04 22:10:06.090582,69112
22809507,160,Active,4,39,2014-11-04 22:10:06.09555,69112
22809508,161,Active,40,6,2014-11-04 22:10:06.100543,69112
22809509,162,Active,1,39,2014-11-04 22:10:06.106139,69112
22809510,163,Active,18,20,2014-11-04 22:10:06.111217,69112
22809511,164,Active,26,6,2014-11-04 22:10:06.116107,69112
22809512,165,Active,11,27,2014-11-04 22:10:06.121304,69112
22809513,166,Active,6,24,2014-11-04 22:10:06.1264,69112
22809514,167,Active,8,19,2014-11-04 22:10:06.131288,69112
22809515,168,Active,17,24,2014-11-04 22:10:06.158957,69112
22809516,169,Active,4,32,2014-11-04 22:10:06.164846,69112
22809517,170,Active,24,2,2014-11-04 22:10:06.169883,69112
22809518,171,Active,1,26,2014-11-04 22:10:06.175877,69112
22809519,172,Active,13,18,2014-11-04 22:10:06.180856,69112
22809520,173,Active,3,28,2014-11-04 22:10:06.185858,69112
22809521,174,Active,20,10,2014-11-04 22:10:06.190881,69112
22809522,175,Active,8,22,2014-11-04 22:10:06.195911,69112
22809523,176,Active,13,18,2014-11-04 22:10:06.20099,69112
22809524,177,Active,4,26,2014-11-04 22:10:06.206505,69112
22809525,178,Active,0,23,2014-11-04 22:10:06.211685,69112
22809526,179,Active,4,23,2014-11-04 22:10:06.21659,69112
22809527,180,Active,0,31,2014-11-04 22:10:06.221513,69112
22809528,181,Active,2,25,2014-11-04 22:10:06.226636,69112
22809529,182,Active,1,13,2014-11-04 22:10:06.235216,69112
22809530,183,Active,2,40,2014-11-04 22:10:06.240302,69112
22809531,184,Active,20,18,2014-11-04 22:10:06.24496,69112
22809532,185,Active,9,20,2014-11-04 22:10:06.25001,69112
22809533,186,Active,32,6,2014-11-04 22:10:06.254945,69112
22809534,187,Active,18,22,2014-11-04 22:10:06.259938,69112
22809535,188,Active,2,32,2014-11-04 22:10:06.264965,69112
22809536,189,Active,4,38,2014-11-04 22:10:06.269757,69112
22809537,190,Active,1,22,2014-11-04 22:10:06.274788,69112
22809538,191,Active,0,19,2014-11-04 22:10:06.279725,69112
22809539,192,Active,5,29,2014-11-04 22:10:06.284388,69112
22809540,193,Active,6,16,2014-11-04 22:10:06.289302,69112
22809541,194,Active,0,27,2014-11-04 22:10:06.294149,69112
22809542,195,Active,20,4,2014-11-04 22:10:06.298839,69112
22809543,196,Active,25,12,2014-11-04 22:10:06.303753,69112
22809544,197,Active,3,28,2014-11-04 22:10:06.308634,69112
22809545,198,Active,14,6,2014-11-04 22:10:06.313584,69112
22809546,199,Active,5,18,2014-11-04 22:10:06.319218,69112
22809547,200,Active,1,22,2014-11-04 22:10:06.324167,69112
22809548,201,Active,6,15,2014-11-04 22:10:06.329372,69112
22809549,202,Active,2,15,2014-11-04 22:10:06.334437,69112
22809550,203,Active,2,53,2014-11-04 22:10:06.343331,69112
22809551,204,Active,2,36,2014-11-04 22:10:06.348243,69112
22809552,205,Active,24,2,2014-11-04 22:10:06.353483,69112
22809553,206,Active,45,2,2014-11-04 22:10:06.358396,69112
22809554,207,Active,10,20,2014-11-04 22:10:06.364575,69112
22809555,208,Active,20,6,2014-11-04 22:10:06.370185,69112
22809556,209,Active,2,28,2014-11-04 22:10:06.375695,69112
22809557,210,Active,10,21,2014-11-04 22:10:06.382381,69112
22809558,211,Active,10,29,2014-11-04 22:10:06.387342,69112
22809559,212,Active,21,0,2014-11-04 22:10:06.392205,69112
22809560,213,Active,27,17,2014-11-04 22:10:06.397208,69112
22809561,214,Active,0,26,2014-11-04 22:10:06.402198,69112
22809562,215,Active,1,22,2014-11-04 22:10:06.407234,69112
22809563,216,Active,5,16,2014-11-04 22:10:06.412253,69112
22809564,217,Active,3,33,2014-11-04 22:10:06.417316,69112
22809565,218,Active,3,26,2014-11-04 22:10:06.422269,69112
22809566,219,Active,3,30,2014-11-04 22:10:06.427283,69112
22809567,220,Active,32,16,2014-11-04 22:10:06.432467,69112
22809568,221,Active,0,23,2014-11-04 22:10:06.437669,69112
22809569,222,Active,31,18,2014-11-04 22:10:06.442658,69112
22809570,223,Active,12,29,2014-11-04 22:10:06.447938,69112
22809571,224,Active,6,30,2014-11-04 22:10:06.474449,69112
22809572,225,Active,10,17,2014-11-04 22:10:06.480052,69112
22809573,226,Active,2,28,2014-11-04 22:10:06.487044,69112
22809574,227,Active,0,31,2014-11-04 22:10:06.491902,69112
22809575,228,Active,4,53,2014-11-04 22:10:06.496762,69112
22809576,229,Active,16,22,2014-11-04 22:10:06.501906,69112
22809577,230,Active,4,30,2014-11-04 22:10:06.506718,69112
22809578,231,Active,15,22,2014-11-04 22:10:06.511934,69112
22809579,232,Active,14,21,2014-11-04 22:10:06.516856,69112
22809580,233,Active,9,28,2014-11-04 22:10:06.521861,69112
22809581,234,Active,2,27,2014-11-04 22:10:06.526733,69112
22809582,235,Active,0,48,2014-11-04 22:10:06.531685,69112
22809583,236,Active,1,20,2014-11-04 22:10:06.536561,69112
22809584,237,Active,1,37,2014-11-04 22:10:06.54141,69112
22809585,238,Active,32,12,2014-11-04 22:10:06.546493,69112
22809586,239,Active,4,12,2014-11-04 22:10:06.551428,69112
22809587,240,Active,36,22,2014-11-04 22:10:06.556709,69112
22809588,241,Active,25,14,2014-11-04 22:10:06.562022,69112
22809589,242,Active,19,13,2014-11-04 22:10:06.566877,69112
22809590,243,Active,15,16,2014-11-04 22:10:06.571807,69112
22809591,244,Active,1,55,2014-11-04 22:10:06.576448,69112
22809592,245,Active,31,25,2014-11-04 22:10:06.581603,69112
22809593,246,Active,2,31,2014-11-04 22:10:06.586615,69112
22809594,247,Active,3,26,2014-11-04 22:10:06.591358,69112
22809595,248,Active,13,26,2014-11-04 22:10:06.599266,69112
22809596,249,Active,2,37,2014-11-04 22:10:06.604453,69112
22809597,250,Active,26,18,2014-11-04 22:10:06.609527,69112
22809598,251,Active,17,20,2014-11-04 22:10:06.615582,69112
22809599,252,Active,13,30,2014-11-04 22:10:06.620604,69112
22809600,253,Active,28,28,2014-11-04 22:10:06.625698,69112
22809601,254,Active,5,21,2014-11-04 22:10:06.630681,69112
22809602,255,Active,5,23,2014-11-04 22:10:06.635555,69112
22809603,256,Active,6,18,2014-11-04 22:10:06.640599,69112
22809604,257,Active,1,23,2014-11-04 22:10:06.645605,69112
22809605,258,Active,16,22,2014-11-04 22:10:06.650704,69112
22809606,259,Active,13,21,2014-11-04 22:10:06.655695,69112
22809607,260,Active,8,35,2014-11-04 22:10:06.660758,69112
22809608,261,Active,10,28,2014-11-04 22:10:06.665798,69112
22809609,262,Active,20,16,2014-11-04 22:10:06.670781,69112
22809610,263,Active,8,26,2014-11-04 22:10:06.675825,69112
22809611,264,Active,19,22,2014-11-04 22:10:06.68099,69112
22809612,265,Active,22,11,2014-11-04 22:10:06.685981,69112
22809613,266,Active,17,41,2014-11-04 22:10:06.690825,69112
22809614,267,Active,22,31,2014-11-04 22:10:06.695822,69112
22809615,268,Active,29,20,2014-11-04 22:10:06.7012,69112
22809616,269,Active,14,19,2014-11-04 22:10:06.706239,69112
22809617,270,Active,16,16,2014-11-04 22:10:06.713812,69112
22809618,271,Active,4,21,2014-11-04 22:10:06.719017,69112
22809619,272,Active,34,11,2014-11-04 22:10:06.72417,69112
22809620,273,Active,17,41,2014-11-04 22:10:06.729006,69112
22809621,274,Active,14,11,2014-11-04 22:10:06.734069,69112
22809622,275,Active,18,17,2014-11-04 22:10:06.739183,69112
22809623,276,Active,24,21,2014-11-04 22:10:06.744188,69112
22809624,277,Active,15,27,2014-11-04 22:10:06.749308,69112
22809625,330,Active,5,25,2014-11-04 22:10:06.754638,69112
22809626,278,Active,14,11,2014-11-04 22:10:06.759484,69112
22809627,279,Active,16,26,2014-11-04 22:10:06.786884,69112
22809628,280,Active,33,2,2014-11-04 22:10:06.794142,69112
22809629,281,Active,1,46,2014-11-04 22:10:06.799783,69112
22809630,282,Active,4,19,2014-11-04 22:10:06.80481,69112
22809631,283,Active,10,22,2014-11-04 22:10:06.809879,69112
22809632,284,Active,24,27,2014-11-04 22:10:06.814905,69112
22809633,285,Active,2,30,2014-11-04 22:10:06.820006,69112
22809634,286,Active,8,17,2014-11-04 22:10:06.825398,69112
22809635,287,Active,3,22,2014-11-04 22:10:06.830553,69112
22809636,288,Active,11,37,2014-11-04 22:10:06.835524,69112
22809637,289,Active,22,9,2014-11-04 22:10:06.84076,69112
22809638,290,Active,14,15,2014-11-04 22:10:06.845755,69112
22809639,291,Active,2,50,2014-11-04 22:10:06.851071,69112
22809640,292,Active,13,24,2014-11-04 22:10:06.857534,69112
22809641,293,Active,11,46,2014-11-04 22:10:06.863046,69112
22809642,294,Active,1,38,2014-11-04 22:10:06.868155,69112
22809643,295,Active,43,24,2014-11-04 22:10:06.873138,69112
22809644,296,Active,30,20,2014-11-04 22:10:06.878041,69112
22809645,297,Active,25,20,2014-11-04 22:10:06.882794,69112
22809646,298,Active,20,37,2014-11-04 22:10:06.889328,69112
22809647,299,Active,0,37,2014-11-04 22:10:06.894373,69112
22809648,300,Active,5,33,2014-11-04 22:10:06.899496,69112
22809649,301,Inactive,0,31,2014-11-04 22:10:06.904693,69112
22809650,302,Active,4,32,2014-11-04 22:10:06.910087,69112
22809651,303,Active,2,39,2014-11-04 22:10:06.915663,69112
22809652,304,Active,0,36,2014-11-04 22:10:06.920438,69112
22809653,305,Active,5,30,2014-11-04 22:10:06.925485,69112
22809654,306,Active,4,35,2014-11-04 22:10:06.930596,69112
22809655,307,Active,2,47,2014-11-04 22:10:06.935422,69112
22809656,308,Active,8,19,2014-11-04 22:10:06.940423,69112
22809657,309,Active,2,26,2014-11-04 22:10:06.945321,69112
22809658,310,Active,4,31,2014-11-04 22:10:06.950213,69112
22809659,311,Inactive,0,11,2014-11-04 22:10:06.955114,69112
22809660,312,Active,24,4,2014-11-04 22:10:06.959941,69112
22809661,313,Active,9,29,2014-11-04 22:10:06.964851,69112
22809662,314,Active,2,14,2014-11-04 22:10:06.9713,69112
22809663,315,Active,10,27,2014-11-04 22:10:06.976324,69112
22809664,316,Active,18,9,2014-11-04 22:10:06.981262,69112
22809665,317,Active,12,1,2014-11-04 22:10:06.98629,69112
22809666,318,Active,10,14,2014-11-04 22:10:06.991185,69112
22809667,319,Inactive,0,0,2014-11-04 22:10:06.996247,69112
22809668,320,Active,15,21,2014-11-04 22:10:07.001564,69112
22809669,321,Active,5,4,2014-11-04 22:10:07.008276,69112
22809670,322,Active,42,4,2014-11-04 22:10:07.013523,69112
22809671,332,Active,1,22,2014-11-04 22:10:07.018521,69112
22809672,327,Active,13,21,2014-11-04 22:10:07.023432,69112
22809673,328,Active,15,23,2014-11-04 22:10:07.02867,69112
22809674,331,Active,0,33,2014-11-04 22:10:07.034515,69112
22809675,323,Active,0,37,2014-11-04 22:10:07.039452,69112
22809676,324,Active,22,19,2014-11-04 22:10:07.044578,69112
22809677,329,Active,11,20,2014-11-04 22:10:07.050475,69112
22809678,325,Active,12,20,2014-11-04 22:10:07.05514,69112
22809679,326,Active,3,20,2014-11-04 22:10:07.060312,69112
22809680,1,Active,2,34,2014-11-04 22:20:04.886143,69113
22809681,2,Active,8,22,2014-11-04 22:20:04.894761,69113
22809682,3,Active,1,24,2014-11-04 22:20:04.89901,69113
22809683,4,Active,11,49,2014-11-04 22:20:04.903091,69113
22809684,5,Active,11,21,2014-11-04 22:20:04.907331,69113
22809685,6,Active,3,15,2014-11-04 22:20:04.91161,69113
22809686,7,Active,1,16,2014-11-04 22:20:04.915956,69113
22809687,8,Active,10,18,2014-11-04 22:20:04.920107,69113
22809688,9,Active,18,12,2014-11-04 22:20:04.924453,69113
22809689,10,Active,2,44,2014-11-04 22:20:04.928615,69113
22809690,11,Active,1,21,2014-11-04 22:20:04.932658,69113
22809691,12,Active,3,16,2014-11-04 22:20:04.936901,69113
22809692,13,Active,19,20,2014-11-04 22:20:04.941218,69113
22809693,14,Active,20,12,2014-11-04 22:20:04.945338,69113
22809694,15,Active,4,26,2014-11-04 22:20:04.952685,69113
22809695,16,Active,0,27,2014-11-04 22:20:04.956769,69113
22809696,17,Active,24,2,2014-11-04 22:20:04.960868,69113
22809697,18,Active,0,49,2014-11-04 22:20:04.965065,69113
22809698,19,Active,5,17,2014-11-04 22:20:04.969419,69113
22809699,20,Active,6,19,2014-11-04 22:20:04.97351,69113
22809700,21,Active,24,10,2014-11-04 22:20:04.977835,69113
22809701,22,Active,22,18,2014-11-04 22:20:04.982193,69113
22809702,23,Active,5,37,2014-11-04 22:20:04.986372,69113
22809703,24,Active,35,10,2014-11-04 22:20:04.99168,69113
22809704,25,Active,20,22,2014-11-04 22:20:04.999289,69113
22809705,26,Active,0,29,2014-11-04 22:20:05.006659,69113
22809706,27,Active,16,28,2014-11-04 22:20:05.014413,69113
22809707,28,Active,21,5,2014-11-04 22:20:05.019096,69113
22809708,29,Active,0,22,2014-11-04 22:20:05.023876,69113
22809709,30,Active,36,1,2014-11-04 22:20:05.03454,69113
22809710,31,Active,4,31,2014-11-04 22:20:05.038825,69113
22809711,32,Active,18,14,2014-11-04 22:20:05.042879,69113
22809712,33,Active,11,19,2014-11-04 22:20:05.047499,69113
22809713,34,Active,25,9,2014-11-04 22:20:05.051605,69113
22809714,35,Active,37,16,2014-11-04 22:20:05.05571,69113
22809715,36,Active,18,8,2014-11-04 22:20:05.059985,69113
22809716,37,Active,0,22,2014-11-04 22:20:05.063984,69113
22809717,38,Active,0,38,2014-11-04 22:20:05.067983,69113
22809718,39,Active,1,35,2014-11-04 22:20:05.072048,69113
22809719,40,Active,4,34,2014-11-04 22:20:05.076324,69113
22809720,41,Active,11,20,2014-11-04 22:20:05.080362,69113
22809721,42,Active,9,21,2014-11-04 22:20:05.084475,69113
22809722,43,Active,0,21,2014-11-04 22:20:05.088567,69113
22809723,44,Active,3,18,2014-11-04 22:20:05.092818,69113
22809724,45,Active,19,11,2014-11-04 22:20:05.097099,69113
22809725,46,Active,0,29,2014-11-04 22:20:05.101837,69113
22809726,47,Active,14,9,2014-11-04 22:20:05.108813,69113
22809727,48,Active,13,3,2014-11-04 22:20:05.113367,69113
22809728,49,Active,18,4,2014-11-04 22:20:05.117681,69113
22809729,50,Active,18,8,2014-11-04 22:20:05.121768,69113
22809730,51,Active,17,20,2014-11-04 22:20:05.125812,69113
22809731,52,Active,20,6,2014-11-04 22:20:05.129924,69113
22809732,53,Active,21,10,2014-11-04 22:20:05.133952,69113
22809733,54,Inactive,0,3,2014-11-04 22:20:05.138058,69113
22809734,55,Active,8,20,2014-11-04 22:20:05.144815,69113
22809735,56,Active,30,5,2014-11-04 22:20:05.171774,69113
22809736,57,Active,1,21,2014-11-04 22:20:05.177812,69113
22809737,58,Active,5,31,2014-11-04 22:20:05.182915,69113
22809738,59,Active,25,10,2014-11-04 22:20:05.187716,69113
22809739,60,Active,3,23,2014-11-04 22:20:05.192499,69113
22809740,61,Active,7,14,2014-11-04 22:20:05.197268,69113
22809741,62,Active,2,27,2014-11-04 22:20:05.202039,69113
22809742,63,Active,16,9,2014-11-04 22:20:05.207908,69113
22809743,64,Active,5,30,2014-11-04 22:20:05.212758,69113
22809744,65,Active,0,24,2014-11-04 22:20:05.217983,69113
22809745,66,Active,6,49,2014-11-04 22:20:05.222974,69113
22809746,67,Active,23,4,2014-11-04 22:20:05.227751,69113
22809747,68,Active,4,16,2014-11-04 22:20:05.232675,69113
22809748,69,Active,4,22,2014-11-04 22:20:05.23777,69113
22809749,70,Active,0,29,2014-11-04 22:20:05.242707,69113
22809750,71,Active,2,16,2014-11-04 22:20:05.247612,69113
22809751,72,Active,11,11,2014-11-04 22:20:05.252544,69113
22809752,73,Active,0,18,2014-11-04 22:20:05.261713,69113
22809753,74,Active,21,14,2014-11-04 22:20:05.26723,69113
22809754,75,Active,16,13,2014-11-04 22:20:05.27212,69113
22809755,76,Active,53,4,2014-11-04 22:20:05.276831,69113
22809756,77,Active,2,25,2014-11-04 22:20:05.282476,69113
22809757,78,Active,14,28,2014-11-04 22:20:05.287865,69113
22809758,79,Active,22,18,2014-11-04 22:20:05.293343,69113
22809759,80,Active,3,15,2014-11-04 22:20:05.297993,69113
22809760,81,Active,1,28,2014-11-04 22:20:05.303882,69113
22809761,82,Active,7,13,2014-11-04 22:20:05.308699,69113
22809762,83,Active,34,18,2014-11-04 22:20:05.31358,69113
22809763,84,Active,8,19,2014-11-04 22:20:05.318521,69113
22809764,85,Active,2,22,2014-11-04 22:20:05.323315,69113
22809765,86,Active,8,27,2014-11-04 22:20:05.328629,69113
22809766,87,Active,10,15,2014-11-04 22:20:05.333759,69113
22809767,88,Active,0,35,2014-11-04 22:20:05.338728,69113
22809768,89,Active,30,23,2014-11-04 22:20:05.343595,69113
22809769,90,Active,10,6,2014-11-04 22:20:05.348709,69113
22809770,91,Active,3,20,2014-11-04 22:20:05.353861,69113
22809771,92,Active,28,2,2014-11-04 22:20:05.358922,69113
22809772,93,Active,13,22,2014-11-04 22:20:05.363803,69113
22809773,94,Active,14,19,2014-11-04 22:20:05.368642,69113
22809774,95,Active,16,19,2014-11-04 22:20:05.373462,69113
22809775,96,Active,13,18,2014-11-04 22:20:05.381257,69113
22809776,97,Active,6,19,2014-11-04 22:20:05.386116,69113
22809777,98,Active,29,12,2014-11-04 22:20:05.390898,69113
22809778,99,Active,2,32,2014-11-04 22:20:05.395769,69113
22809779,100,Active,8,21,2014-11-04 22:20:05.400891,69113
22809780,101,Active,3,25,2014-11-04 22:20:05.405744,69113
22809781,102,Active,6,14,2014-11-04 22:20:05.410649,69113
22809782,103,Active,0,37,2014-11-04 22:20:05.415591,69113
22809783,104,Active,22,6,2014-11-04 22:20:05.42039,69113
22809784,105,Active,20,23,2014-11-04 22:20:05.425255,69113
22809785,106,Active,11,16,2014-11-04 22:20:05.430272,69113
22809786,107,Active,2,27,2014-11-04 22:20:05.43513,69113
22809787,108,Inactive,0,3,2014-11-04 22:20:05.440293,69113
22809788,109,Inactive,0,5,2014-11-04 22:20:05.445644,69113
22809789,110,Active,1,24,2014-11-04 22:20:05.450675,69113
22809790,111,Active,0,31,2014-11-04 22:20:05.455144,69113
22809791,112,Active,16,20,2014-11-04 22:20:05.482116,69113
22809792,113,Active,17,33,2014-11-04 22:20:05.488079,69113
22809793,114,Active,3,32,2014-11-04 22:20:05.492937,69113
22809794,115,Active,3,23,2014-11-04 22:20:05.497861,69113
22809795,116,Active,8,28,2014-11-04 22:20:05.502771,69113
22809796,117,Active,10,12,2014-11-04 22:20:05.507588,69113
22809797,118,Active,0,28,2014-11-04 22:20:05.513182,69113
22809798,119,Active,20,18,2014-11-04 22:20:05.518157,69113
22809799,120,Active,2,24,2014-11-04 22:20:05.523071,69113
22809800,121,Active,10,14,2014-11-04 22:20:05.528072,69113
22809801,122,Active,6,23,2014-11-04 22:20:05.533018,69113
22809802,123,Active,12,14,2014-11-04 22:20:05.53807,69113
22809803,124,Active,32,2,2014-11-04 22:20:05.542988,69113
22809804,125,Active,1,36,2014-11-04 22:20:05.548021,69113
22809805,126,Active,3,20,2014-11-04 22:20:05.55269,69113
22809806,127,Active,2,23,2014-11-04 22:20:05.557614,69113
22809807,128,Active,3,15,2014-11-04 22:20:05.562292,69113
22809808,129,Active,4,25,2014-11-04 22:20:05.567124,69113
22809809,130,Active,13,10,2014-11-04 22:20:05.572134,69113
22809810,131,Active,7,15,2014-11-04 22:20:05.577027,69113
22809811,132,Active,24,10,2014-11-04 22:20:05.582164,69113
22809812,133,Active,8,17,2014-11-04 22:20:05.586714,69113
22809813,134,Active,3,31,2014-11-04 22:20:05.591629,69113
22809814,135,Active,35,3,2014-11-04 22:20:05.596576,69113
22809815,136,Active,1,20,2014-11-04 22:20:05.601285,69113
22809816,137,Active,7,20,2014-11-04 22:20:05.60627,69113
22809817,138,Active,18,20,2014-11-04 22:20:05.611509,69113
22809818,139,Active,20,16,2014-11-04 22:20:05.616096,69113
22809819,140,Active,3,22,2014-11-04 22:20:05.622537,69113
22809820,141,Active,1,29,2014-11-04 22:20:05.627496,69113
22809821,142,Active,30,10,2014-11-04 22:20:05.632248,69113
22809822,143,Active,2,21,2014-11-04 22:20:05.637408,69113
22809823,144,Active,9,16,2014-11-04 22:20:05.642701,69113
22809824,145,Active,12,22,2014-11-04 22:20:05.647613,69113
22809825,146,Active,12,42,2014-11-04 22:20:05.652591,69113
22809826,147,Active,23,16,2014-11-04 22:20:05.65725,69113
22809827,148,Active,3,40,2014-11-04 22:20:05.662337,69113
22809828,149,Active,10,45,2014-11-04 22:20:05.667332,69113
22809829,150,Active,7,40,2014-11-04 22:20:05.672366,69113
22809830,151,Active,3,22,2014-11-04 22:20:05.677219,69113
22809831,152,Active,2,27,2014-11-04 22:20:05.682732,69113
22809832,153,Active,12,21,2014-11-04 22:20:05.687664,69113
22809833,154,Active,16,17,2014-11-04 22:20:05.692455,69113
22809834,155,Active,13,21,2014-11-04 22:20:05.698024,69113
22809835,156,Active,13,19,2014-11-04 22:20:05.703214,69113
22809836,157,Active,2,24,2014-11-04 22:20:05.708132,69113
22809837,158,Active,10,8,2014-11-04 22:20:05.71322,69113
22809838,159,Active,22,6,2014-11-04 22:20:05.718464,69113
22809839,160,Active,4,39,2014-11-04 22:20:05.723444,69113
22809840,161,Active,40,6,2014-11-04 22:20:05.728304,69113
22809841,162,Active,1,39,2014-11-04 22:20:05.733253,69113
22809842,163,Active,20,18,2014-11-04 22:20:05.741099,69113
22809843,164,Active,28,4,2014-11-04 22:20:05.745924,69113
22809844,165,Active,11,27,2014-11-04 22:20:05.750728,69113
22809845,166,Active,7,23,2014-11-04 22:20:05.755585,69113
22809846,167,Active,8,19,2014-11-04 22:20:05.760639,69113
22809847,168,Active,15,26,2014-11-04 22:20:05.786427,69113
22809848,169,Active,5,31,2014-11-04 22:20:05.793715,69113
22809849,170,Active,16,10,2014-11-04 22:20:05.798727,69113
22809850,171,Active,1,26,2014-11-04 22:20:05.803529,69113
22809851,172,Active,12,19,2014-11-04 22:20:05.808405,69113
22809852,173,Active,1,30,2014-11-04 22:20:05.813209,69113
22809853,174,Active,19,11,2014-11-04 22:20:05.818008,69113
22809854,175,Active,7,23,2014-11-04 22:20:05.822756,69113
22809855,176,Active,12,19,2014-11-04 22:20:05.827651,69113
22809856,177,Active,3,27,2014-11-04 22:20:05.832418,69113
22809857,178,Active,0,23,2014-11-04 22:20:05.837091,69113
22809858,179,Active,4,23,2014-11-04 22:20:05.841897,69113
22809859,180,Active,1,30,2014-11-04 22:20:05.846711,69113
22809860,181,Active,1,26,2014-11-04 22:20:05.851558,69113
22809861,182,Active,1,13,2014-11-04 22:20:05.856383,69113
22809862,183,Active,6,36,2014-11-04 22:20:05.861224,69113
22809863,184,Active,21,17,2014-11-04 22:20:05.86603,69113
22809864,185,Active,10,19,2014-11-04 22:20:05.873394,69113
22809865,186,Active,30,8,2014-11-04 22:20:05.877997,69113
22809866,187,Active,20,20,2014-11-04 22:20:05.88293,69113
22809867,188,Active,2,32,2014-11-04 22:20:05.888104,69113
22809868,189,Active,4,38,2014-11-04 22:20:05.892916,69113
22809869,190,Active,1,22,2014-11-04 22:20:05.897569,69113
22809870,191,Active,1,18,2014-11-04 22:20:05.902501,69113
22809871,192,Active,4,30,2014-11-04 22:20:05.907727,69113
22809872,193,Active,6,16,2014-11-04 22:20:05.912266,69113
22809873,194,Active,0,27,2014-11-04 22:20:05.917121,69113
22809874,195,Active,20,4,2014-11-04 22:20:05.922132,69113
22809875,196,Active,20,17,2014-11-04 22:20:05.926775,69113
22809876,197,Active,3,28,2014-11-04 22:20:05.93161,69113
22809877,198,Active,16,4,2014-11-04 22:20:05.936303,69113
22809878,199,Active,6,17,2014-11-04 22:20:05.940942,69113
22809879,200,Active,2,21,2014-11-04 22:20:05.945941,69113
22809880,201,Active,6,15,2014-11-04 22:20:05.950774,69113
22809881,202,Active,2,15,2014-11-04 22:20:05.955565,69113
22809882,203,Active,3,52,2014-11-04 22:20:05.960395,69113
22809883,204,Active,1,37,2014-11-04 22:20:05.965255,69113
22809884,205,Active,21,5,2014-11-04 22:20:05.970417,69113
22809885,206,Active,45,2,2014-11-04 22:20:05.975252,69113
22809886,207,Active,11,19,2014-11-04 22:20:05.982044,69113
22809887,208,Active,20,6,2014-11-04 22:20:05.986886,69113
22809888,209,Active,2,28,2014-11-04 22:20:05.9918,69113
22809889,210,Active,11,20,2014-11-04 22:20:05.996568,69113
22809890,211,Active,11,28,2014-11-04 22:20:06.001702,69113
22809891,212,Active,19,2,2014-11-04 22:20:06.006384,69113
22809892,213,Active,27,17,2014-11-04 22:20:06.01124,69113
22809893,214,Active,0,26,2014-11-04 22:20:06.016168,69113
22809894,215,Active,1,22,2014-11-04 22:20:06.025428,69113
22809895,216,Active,4,17,2014-11-04 22:20:06.030812,69113
22809896,217,Active,3,33,2014-11-04 22:20:06.035676,69113
22809897,218,Active,3,26,2014-11-04 22:20:06.040656,69113
22809898,219,Active,6,27,2014-11-04 22:20:06.045778,69113
22809899,220,Active,30,18,2014-11-04 22:20:06.050961,69113
22809900,221,Active,0,23,2014-11-04 22:20:06.055893,69113
22809901,222,Active,31,18,2014-11-04 22:20:06.060861,69113
22809902,223,Active,15,26,2014-11-04 22:20:06.065852,69113
22809903,224,Active,5,31,2014-11-04 22:20:06.093268,69113
22809904,225,Active,10,17,2014-11-04 22:20:06.101813,69113
22809905,226,Active,3,27,2014-11-04 22:20:06.106627,69113
22809906,227,Active,2,29,2014-11-04 22:20:06.111528,69113
22809907,228,Active,4,53,2014-11-04 22:20:06.11658,69113
22809908,229,Active,16,22,2014-11-04 22:20:06.121534,69113
22809909,230,Active,4,30,2014-11-04 22:20:06.126477,69113
22809910,231,Active,10,27,2014-11-04 22:20:06.131264,69113
22809911,232,Active,8,27,2014-11-04 22:20:06.136529,69113
22809912,233,Active,7,29,2014-11-04 22:20:06.141387,69113
22809913,234,Active,1,28,2014-11-04 22:20:06.146121,69113
22809914,235,Active,44,4,2014-11-04 22:20:06.153766,69113
22809915,236,Active,1,20,2014-11-04 22:20:06.158539,69113
22809916,237,Active,3,35,2014-11-04 22:20:06.163378,69113
22809917,238,Active,31,13,2014-11-04 22:20:06.168167,69113
22809918,239,Active,2,14,2014-11-04 22:20:06.173193,69113
22809919,240,Active,34,24,2014-11-04 22:20:06.178001,69113
22809920,241,Active,29,10,2014-11-04 22:20:06.183156,69113
22809921,242,Active,16,16,2014-11-04 22:20:06.18809,69113
22809922,243,Active,16,15,2014-11-04 22:20:06.193023,69113
22809923,244,Active,0,56,2014-11-04 22:20:06.197919,69113
22809924,245,Active,21,35,2014-11-04 22:20:06.202892,69113
22809925,246,Active,2,31,2014-11-04 22:20:06.207595,69113
22809926,247,Active,2,27,2014-11-04 22:20:06.212442,69113
22809927,248,Active,13,26,2014-11-04 22:20:06.219963,69113
22809928,249,Active,2,37,2014-11-04 22:20:06.224897,69113
22809929,250,Active,25,19,2014-11-04 22:20:06.229851,69113
22809930,251,Active,15,22,2014-11-04 22:20:06.234588,69113
22809931,252,Active,10,33,2014-11-04 22:20:06.239424,69113
22809932,253,Active,30,26,2014-11-04 22:20:06.24424,69113
22809933,254,Active,7,19,2014-11-04 22:20:06.249067,69113
22809934,255,Active,9,19,2014-11-04 22:20:06.253753,69113
22809935,256,Active,5,19,2014-11-04 22:20:06.258593,69113
22809936,257,Active,1,23,2014-11-04 22:20:06.263312,69113
22809937,258,Active,20,18,2014-11-04 22:20:06.268172,69113
22809938,259,Active,13,21,2014-11-04 22:20:06.277451,69113
22809939,260,Active,4,39,2014-11-04 22:20:06.282334,69113
22809940,261,Active,7,31,2014-11-04 22:20:06.287174,69113
22809941,262,Active,22,14,2014-11-04 22:20:06.292057,69113
22809942,263,Active,6,28,2014-11-04 22:20:06.296924,69113
22809943,264,Active,24,17,2014-11-04 22:20:06.301802,69113
22809944,265,Active,22,11,2014-11-04 22:20:06.306902,69113
22809945,266,Active,18,40,2014-11-04 22:20:06.311827,69113
22809946,267,Active,20,33,2014-11-04 22:20:06.316691,69113
22809947,268,Active,31,18,2014-11-04 22:20:06.321575,69113
22809948,269,Active,5,28,2014-11-04 22:20:06.326652,69113
22809949,270,Active,19,13,2014-11-04 22:20:06.331416,69113
22809950,271,Active,5,20,2014-11-04 22:20:06.336804,69113
22809951,272,Active,31,14,2014-11-04 22:20:06.341616,69113
22809952,273,Active,18,40,2014-11-04 22:20:06.346601,69113
22809953,274,Active,17,8,2014-11-04 22:20:06.351557,69113
22809954,275,Active,18,17,2014-11-04 22:20:06.356797,69113
22809955,276,Active,21,24,2014-11-04 22:20:06.361961,69113
22809956,277,Active,17,25,2014-11-04 22:20:06.36697,69113
22809957,330,Active,6,24,2014-11-04 22:20:06.371954,69113
22809958,278,Active,12,14,2014-11-04 22:20:06.377417,69113
22809959,279,Active,18,24,2014-11-04 22:20:06.404121,69113
22809960,280,Active,27,8,2014-11-04 22:20:06.409896,69113
22809961,281,Active,6,40,2014-11-04 22:20:06.414698,69113
22809962,282,Active,4,19,2014-11-04 22:20:06.419527,69113
22809963,283,Active,6,25,2014-11-04 22:20:06.424181,69113
22809964,284,Active,9,42,2014-11-04 22:20:06.429223,69113
22809965,285,Active,5,27,2014-11-04 22:20:06.434198,69113
22809966,286,Active,9,16,2014-11-04 22:20:06.439098,69113
22809967,287,Active,1,24,2014-11-04 22:20:06.444097,69113
22809968,288,Active,12,35,2014-11-04 22:20:06.44901,69113
22809969,289,Active,23,8,2014-11-04 22:20:06.45398,69113
22809970,290,Active,14,15,2014-11-04 22:20:06.458897,69113
22809971,291,Active,2,50,2014-11-04 22:20:06.463863,69113
22809972,292,Active,9,28,2014-11-04 22:20:06.468637,69113
22809973,293,Active,17,40,2014-11-04 22:20:06.473454,69113
22809974,294,Active,0,39,2014-11-04 22:20:06.478449,69113
22809975,295,Active,53,14,2014-11-04 22:20:06.483307,69113
22809976,296,Active,30,20,2014-11-04 22:20:06.488343,69113
22809977,297,Active,29,16,2014-11-04 22:20:06.493122,69113
22809978,298,Active,19,38,2014-11-04 22:20:06.498037,69113
22809979,299,Active,0,37,2014-11-04 22:20:06.502991,69113
22809980,300,Active,5,33,2014-11-04 22:20:06.509585,69113
22809981,301,Inactive,0,31,2014-11-04 22:20:06.514741,69113
22809982,302,Active,0,36,2014-11-04 22:20:06.519596,69113
22809983,303,Active,6,35,2014-11-04 22:20:06.524456,69113
22809984,304,Active,1,35,2014-11-04 22:20:06.529396,69113
22809985,305,Active,4,31,2014-11-04 22:20:06.534259,69113
22809986,306,Active,4,35,2014-11-04 22:20:06.539046,69113
22809987,307,Active,0,49,2014-11-04 22:20:06.543886,69113
22809988,308,Active,2,25,2014-11-04 22:20:06.548651,69113
22809989,309,Active,0,28,2014-11-04 22:20:06.553814,69113
22809990,310,Active,2,33,2014-11-04 22:20:06.558634,69113
22809991,311,Inactive,0,11,2014-11-04 22:20:06.563358,69113
22809992,312,Active,23,5,2014-11-04 22:20:06.568459,69113
22809993,313,Active,10,28,2014-11-04 22:20:06.573367,69113
22809994,314,Active,0,16,2014-11-04 22:20:06.578172,69113
22809995,315,Active,8,29,2014-11-04 22:20:06.583208,69113
22809996,316,Active,20,7,2014-11-04 22:20:06.588534,69113
22809997,317,Active,12,1,2014-11-04 22:20:06.593401,69113
22809998,318,Active,10,14,2014-11-04 22:20:06.59825,69113
22809999,319,Inactive,0,0,2014-11-04 22:20:06.603252,69113
22810000,320,Active,12,24,2014-11-04 22:20:06.608161,69113
22810001,321,Active,5,4,2014-11-04 22:20:06.613194,69113
22810002,322,Active,43,3,2014-11-04 22:20:06.618294,69113
22810003,332,Active,0,23,2014-11-04 22:20:06.62528,69113
22810004,327,Active,12,22,2014-11-04 22:20:06.630272,69113
22810005,328,Active,13,25,2014-11-04 22:20:06.635058,69113
22810006,331,Active,0,33,2014-11-04 22:20:06.639995,69113
22810007,323,Active,0,37,2014-11-04 22:20:06.645012,69113
22810008,324,Active,20,21,2014-11-04 22:20:06.649993,69113
22810009,329,Active,10,21,2014-11-04 22:20:06.655035,69113
22810010,325,Active,12,20,2014-11-04 22:20:06.659903,69113
22810011,326,Active,5,18,2014-11-04 22:20:06.664775,69113
22810012,1,Active,3,33,2014-11-04 22:30:05.154475,69114
22810013,2,Active,8,22,2014-11-04 22:30:05.163458,69114
22810014,3,Active,1,24,2014-11-04 22:30:05.169285,69114
22810015,4,Active,9,51,2014-11-04 22:30:05.174354,69114
22810016,5,Active,12,20,2014-11-04 22:30:05.178642,69114
22810017,6,Active,3,15,2014-11-04 22:30:05.18318,69114
22810018,7,Active,1,16,2014-11-04 22:30:05.188034,69114
22810019,8,Active,8,20,2014-11-04 22:30:05.192443,69114
22810020,9,Active,17,13,2014-11-04 22:30:05.19676,69114
22810021,10,Active,1,45,2014-11-04 22:30:05.201049,69114
22810022,11,Active,2,20,2014-11-04 22:30:05.205373,69114
22810023,12,Active,4,15,2014-11-04 22:30:05.210094,69114
22810024,13,Active,20,19,2014-11-04 22:30:05.214572,69114
22810025,14,Active,22,10,2014-11-04 22:30:05.218786,69114
22810026,15,Active,3,27,2014-11-04 22:30:05.223381,69114
22810027,16,Active,1,26,2014-11-04 22:30:05.227825,69114
22810028,17,Active,23,3,2014-11-04 22:30:05.232806,69114
22810029,18,Active,0,49,2014-11-04 22:30:05.237168,69114
22810030,19,Active,5,17,2014-11-04 22:30:05.241742,69114
22810031,20,Active,8,17,2014-11-04 22:30:05.245926,69114
22810032,21,Active,28,6,2014-11-04 22:30:05.250433,69114
22810033,22,Active,19,21,2014-11-04 22:30:05.254706,69114
22810034,23,Active,3,39,2014-11-04 22:30:05.259092,69114
22810035,24,Active,34,11,2014-11-04 22:30:05.267322,69114
22810036,25,Active,15,27,2014-11-04 22:30:05.271414,69114
22810037,26,Active,0,29,2014-11-04 22:30:05.27648,69114
22810038,27,Active,5,39,2014-11-04 22:30:05.281152,69114
22810039,28,Active,22,4,2014-11-04 22:30:05.285436,69114
22810040,29,Active,0,22,2014-11-04 22:30:05.290008,69114
22810041,30,Active,36,1,2014-11-04 22:30:05.294305,69114
22810042,31,Active,3,32,2014-11-04 22:30:05.298431,69114
22810043,32,Active,18,14,2014-11-04 22:30:05.302516,69114
22810044,33,Active,14,16,2014-11-04 22:30:05.30706,69114
22810045,34,Active,24,10,2014-11-04 22:30:05.31141,69114
22810046,35,Active,35,18,2014-11-04 22:30:05.331432,69114
22810047,36,Active,21,5,2014-11-04 22:30:05.335766,69114
22810048,37,Active,0,22,2014-11-04 22:30:05.340266,69114
22810049,38,Active,0,38,2014-11-04 22:30:05.344651,69114
22810050,39,Active,2,34,2014-11-04 22:30:05.348962,69114
22810051,40,Active,7,31,2014-11-04 22:30:05.353203,69114
22810052,41,Active,12,19,2014-11-04 22:30:05.357431,69114
22810053,42,Active,8,22,2014-11-04 22:30:05.36167,69114
22810054,43,Active,0,21,2014-11-04 22:30:05.365755,69114
22810055,44,Active,3,18,2014-11-04 22:30:05.370039,69114
22810056,45,Active,18,12,2014-11-04 22:30:05.37435,69114
22810057,46,Active,1,28,2014-11-04 22:30:05.379368,69114
22810058,47,Active,14,9,2014-11-04 22:30:05.383888,69114
22810059,48,Active,14,2,2014-11-04 22:30:05.388847,69114
22810060,49,Active,18,4,2014-11-04 22:30:05.393645,69114
22810061,50,Active,17,9,2014-11-04 22:30:05.398456,69114
22810062,51,Active,11,26,2014-11-04 22:30:05.403065,69114
22810063,52,Active,21,5,2014-11-04 22:30:05.407374,69114
22810064,53,Active,20,11,2014-11-04 22:30:05.411762,69114
22810065,54,Inactive,0,3,2014-11-04 22:30:05.41613,69114
22810066,55,Active,9,19,2014-11-04 22:30:05.423383,69114
22810067,56,Active,32,3,2014-11-04 22:30:05.45284,69114
22810068,57,Active,1,21,2014-11-04 22:30:05.458904,69114
22810069,58,Active,5,31,2014-11-04 22:30:05.465171,69114
22810070,59,Active,24,11,2014-11-04 22:30:05.470909,69114
22810071,60,Active,2,24,2014-11-04 22:30:05.475857,69114
22810072,61,Active,8,13,2014-11-04 22:30:05.480914,69114
22810073,62,Active,2,27,2014-11-04 22:30:05.486236,69114
22810074,63,Active,14,11,2014-11-04 22:30:05.491913,69114
22810075,64,Active,4,31,2014-11-04 22:30:05.496941,69114
22810076,65,Active,0,24,2014-11-04 22:30:05.501959,69114
22810077,66,Active,4,51,2014-11-04 22:30:05.506922,69114
22810078,67,Active,20,7,2014-11-04 22:30:05.512454,69114
22810079,68,Active,4,16,2014-11-04 22:30:05.517604,69114
22810080,69,Active,8,18,2014-11-04 22:30:05.524177,69114
22810081,70,Active,0,29,2014-11-04 22:30:05.530163,69114
22810082,71,Active,2,16,2014-11-04 22:30:05.535521,69114
22810083,72,Active,10,12,2014-11-04 22:30:05.540496,69114
22810084,73,Active,0,18,2014-11-04 22:30:05.545474,69114
22810085,74,Active,21,14,2014-11-04 22:30:05.550802,69114
22810086,75,Active,18,11,2014-11-04 22:30:05.556207,69114
22810087,76,Active,51,6,2014-11-04 22:30:05.561507,69114
22810088,77,Active,2,25,2014-11-04 22:30:05.566531,69114
22810089,78,Active,11,31,2014-11-04 22:30:05.571343,69114
22810090,79,Active,19,21,2014-11-04 22:30:05.576474,69114
22810091,80,Active,3,15,2014-11-04 22:30:05.581628,69114
22810092,81,Active,2,27,2014-11-04 22:30:05.586661,69114
22810093,82,Active,7,13,2014-11-04 22:30:05.591928,69114
22810094,83,Active,32,20,2014-11-04 22:30:05.597443,69114
22810095,84,Active,4,23,2014-11-04 22:30:05.602926,69114
22810096,85,Active,5,19,2014-11-04 22:30:05.608113,69114
22810097,86,Active,7,28,2014-11-04 22:30:05.613222,69114
22810098,87,Active,10,15,2014-11-04 22:30:05.618267,69114
22810099,88,Active,0,35,2014-11-04 22:30:05.62352,69114
22810100,89,Active,30,23,2014-11-04 22:30:05.628351,69114
22810101,90,Active,11,5,2014-11-04 22:30:05.633407,69114
22810102,91,Active,4,19,2014-11-04 22:30:05.638521,69114
22810103,92,Active,28,2,2014-11-04 22:30:05.647897,69114
22810104,93,Active,9,26,2014-11-04 22:30:05.652944,69114
22810105,94,Active,10,23,2014-11-04 22:30:05.657968,69114
22810106,95,Active,15,20,2014-11-04 22:30:05.663431,69114
22810107,96,Active,18,13,2014-11-04 22:30:05.66883,69114
22810108,97,Active,6,19,2014-11-04 22:30:05.673943,69114
22810109,98,Active,26,15,2014-11-04 22:30:05.678905,69114
22810110,99,Active,2,32,2014-11-04 22:30:05.683959,69114
22810111,100,Active,9,20,2014-11-04 22:30:05.688928,69114
22810112,101,Active,6,22,2014-11-04 22:30:05.694525,69114
22810113,102,Active,6,14,2014-11-04 22:30:05.699514,69114
22810114,103,Active,0,38,2014-11-04 22:30:05.70474,69114
22810115,104,Active,19,9,2014-11-04 22:30:05.709952,69114
22810116,105,Active,22,21,2014-11-04 22:30:05.715144,69114
22810117,106,Active,11,16,2014-11-04 22:30:05.720771,69114
22810118,107,Active,4,25,2014-11-04 22:30:05.726105,69114
22810119,108,Inactive,0,3,2014-11-04 22:30:05.731828,69114
22810120,109,Inactive,0,5,2014-11-04 22:30:05.737204,69114
22810121,110,Active,1,24,2014-11-04 22:30:05.742562,69114
22810122,111,Active,0,31,2014-11-04 22:30:05.746894,69114
22810123,112,Active,15,21,2014-11-04 22:30:05.773385,69114
22810124,113,Active,17,33,2014-11-04 22:30:05.780162,69114
22810125,114,Active,4,31,2014-11-04 22:30:05.787839,69114
22810126,115,Active,3,23,2014-11-04 22:30:05.793061,69114
22810127,116,Active,4,32,2014-11-04 22:30:05.798022,69114
22810128,117,Active,7,15,2014-11-04 22:30:05.803743,69114
22810129,118,Active,0,28,2014-11-04 22:30:05.808918,69114
22810130,119,Active,23,15,2014-11-04 22:30:05.814068,69114
22810131,120,Active,3,23,2014-11-04 22:30:05.819273,69114
22810132,121,Active,10,14,2014-11-04 22:30:05.824235,69114
22810133,122,Active,5,23,2014-11-04 22:30:05.82928,69114
22810134,123,Active,11,15,2014-11-04 22:30:05.834226,69114
22810135,124,Active,29,5,2014-11-04 22:30:05.839078,69114
22810136,125,Active,1,36,2014-11-04 22:30:05.844242,69114
22810137,126,Active,3,20,2014-11-04 22:30:05.849213,69114
22810138,127,Active,2,23,2014-11-04 22:30:05.854179,69114
22810139,128,Active,3,15,2014-11-04 22:30:05.85916,69114
22810140,129,Active,4,25,2014-11-04 22:30:05.864005,69114
22810141,130,Active,10,13,2014-11-04 22:30:05.868996,69114
22810142,131,Active,7,15,2014-11-04 22:30:05.873943,69114
22810143,132,Active,22,12,2014-11-04 22:30:05.879071,69114
22810144,133,Active,8,17,2014-11-04 22:30:05.884003,69114
22810145,134,Active,2,31,2014-11-04 22:30:05.889052,69114
22810146,135,Active,33,5,2014-11-04 22:30:05.894011,69114
22810147,136,Active,1,20,2014-11-04 22:30:05.899721,69114
22810148,137,Active,6,21,2014-11-04 22:30:05.904921,69114
22810149,138,Active,16,22,2014-11-04 22:30:05.909806,69114
22810150,139,Active,18,18,2014-11-04 22:30:05.914704,69114
22810151,140,Active,3,22,2014-11-04 22:30:05.919673,69114
22810152,141,Active,1,29,2014-11-04 22:30:05.924583,69114
22810153,142,Active,27,13,2014-11-04 22:30:05.929406,69114
22810154,143,Active,2,21,2014-11-04 22:30:05.934461,69114
22810155,144,Active,11,14,2014-11-04 22:30:05.939361,69114
22810156,145,Active,20,14,2014-11-04 22:30:05.944548,69114
22810157,146,Active,7,47,2014-11-04 22:30:05.949404,69114
22810158,147,Active,20,19,2014-11-04 22:30:05.954817,69114
22810159,148,Active,2,41,2014-11-04 22:30:05.959676,69114
22810160,149,Active,8,47,2014-11-04 22:30:05.967758,69114
22810161,150,Active,7,40,2014-11-04 22:30:05.972755,69114
22810162,151,Active,3,22,2014-11-04 22:30:05.977522,69114
22810163,152,Active,2,27,2014-11-04 22:30:05.982539,69114
22810164,153,Active,12,21,2014-11-04 22:30:05.9876,69114
22810165,154,Active,12,21,2014-11-04 22:30:05.992496,69114
22810166,155,Active,13,21,2014-11-04 22:30:05.997426,69114
22810167,156,Active,15,16,2014-11-04 22:30:06.0031,69114
22810168,157,Active,2,24,2014-11-04 22:30:06.008099,69114
22810169,158,Active,10,8,2014-11-04 22:30:06.013269,69114
22810170,159,Active,22,6,2014-11-04 22:30:06.01836,69114
22810171,160,Active,1,42,2014-11-04 22:30:06.02342,69114
22810172,161,Active,42,3,2014-11-04 22:30:06.02846,69114
22810173,162,Active,1,39,2014-11-04 22:30:06.033364,69114
22810174,163,Active,22,16,2014-11-04 22:30:06.038377,69114
22810175,164,Active,25,7,2014-11-04 22:30:06.043535,69114
22810176,165,Active,12,26,2014-11-04 22:30:06.048543,69114
22810177,166,Active,7,23,2014-11-04 22:30:06.053439,69114
22810178,167,Active,10,17,2014-11-04 22:30:06.058635,69114
22810179,168,Active,17,24,2014-11-04 22:30:06.085722,69114
22810180,169,Active,8,28,2014-11-04 22:30:06.091716,69114
22810181,170,Active,15,11,2014-11-04 22:30:06.096822,69114
22810182,171,Active,1,26,2014-11-04 22:30:06.101925,69114
22810183,172,Active,8,23,2014-11-04 22:30:06.107027,69114
22810184,173,Active,0,31,2014-11-04 22:30:06.111885,69114
22810185,174,Active,19,11,2014-11-04 22:30:06.116984,69114
22810186,175,Active,8,22,2014-11-04 22:30:06.122154,69114
22810187,176,Active,12,19,2014-11-04 22:30:06.127231,69114
22810188,177,Active,5,25,2014-11-04 22:30:06.132767,69114
22810189,178,Active,0,23,2014-11-04 22:30:06.137856,69114
22810190,179,Active,3,24,2014-11-04 22:30:06.142826,69114
22810191,180,Active,1,30,2014-11-04 22:30:06.147727,69114
22810192,181,Active,1,26,2014-11-04 22:30:06.15272,69114
22810193,182,Active,2,12,2014-11-04 22:30:06.157536,69114
22810194,183,Active,6,36,2014-11-04 22:30:06.162394,69114
22810195,184,Active,26,14,2014-11-04 22:30:06.167409,69114
22810196,185,Active,13,16,2014-11-04 22:30:06.172466,69114
22810197,186,Active,30,8,2014-11-04 22:30:06.177721,69114
22810198,187,Active,20,20,2014-11-04 22:30:06.182689,69114
22810199,188,Active,2,32,2014-11-04 22:30:06.187717,69114
22810200,189,Active,4,38,2014-11-04 22:30:06.192801,69114
22810201,190,Active,2,21,2014-11-04 22:30:06.197616,69114
22810202,191,Active,1,18,2014-11-04 22:30:06.203797,69114
22810203,192,Active,4,30,2014-11-04 22:30:06.209549,69114
22810204,193,Active,5,17,2014-11-04 22:30:06.214615,69114
22810205,194,Active,1,26,2014-11-04 22:30:06.219734,69114
22810206,195,Active,19,5,2014-11-04 22:30:06.224795,69114
22810207,196,Active,20,17,2014-11-04 22:30:06.229608,69114
22810208,197,Active,3,28,2014-11-04 22:30:06.234674,69114
22810209,198,Active,11,9,2014-11-04 22:30:06.239702,69114
22810210,199,Active,5,18,2014-11-04 22:30:06.244743,69114
22810211,200,Active,2,21,2014-11-04 22:30:06.249714,69114
22810212,201,Active,6,15,2014-11-04 22:30:06.254506,69114
22810213,202,Active,4,13,2014-11-04 22:30:06.259524,69114
22810214,203,Active,4,51,2014-11-04 22:30:06.264406,69114
22810215,204,Active,0,38,2014-11-04 22:30:06.26948,69114
22810216,205,Active,18,8,2014-11-04 22:30:06.274736,69114
22810217,206,Active,44,3,2014-11-04 22:30:06.27974,69114
22810218,207,Active,11,19,2014-11-04 22:30:06.284905,69114
22810219,208,Active,19,7,2014-11-04 22:30:06.291734,69114
22810220,209,Active,2,28,2014-11-04 22:30:06.296967,69114
22810221,210,Active,10,21,2014-11-04 22:30:06.302227,69114
22810222,211,Active,12,27,2014-11-04 22:30:06.307269,69114
22810223,212,Active,20,1,2014-11-04 22:30:06.312237,69114
22810224,213,Active,29,15,2014-11-04 22:30:06.319851,69114
22810225,214,Active,0,26,2014-11-04 22:30:06.325767,69114
22810226,215,Active,1,22,2014-11-04 22:30:06.330668,69114
22810227,216,Active,1,20,2014-11-04 22:30:06.335799,69114
22810228,217,Active,3,32,2014-11-04 22:30:06.340641,69114
22810229,218,Active,2,27,2014-11-04 22:30:06.345745,69114
22810230,219,Active,7,26,2014-11-04 22:30:06.350824,69114
22810231,220,Active,32,16,2014-11-04 22:30:06.355688,69114
22810232,221,Active,0,23,2014-11-04 22:30:06.360947,69114
22810233,222,Active,29,20,2014-11-04 22:30:06.365832,69114
22810234,223,Active,18,23,2014-11-04 22:30:06.372003,69114
22810235,224,Active,6,30,2014-11-04 22:30:06.401159,69114
22810236,225,Active,10,17,2014-11-04 22:30:06.407294,69114
22810237,226,Active,3,27,2014-11-04 22:30:06.412274,69114
22810238,227,Active,0,31,2014-11-04 22:30:06.417271,69114
22810239,228,Active,2,55,2014-11-04 22:30:06.422349,69114
22810240,229,Active,17,21,2014-11-04 22:30:06.427267,69114
22810241,230,Active,4,30,2014-11-04 22:30:06.432252,69114
22810242,231,Active,4,33,2014-11-04 22:30:06.437258,69114
22810243,232,Active,3,32,2014-11-04 22:30:06.443265,69114
22810244,233,Active,6,30,2014-11-04 22:30:06.448188,69114
22810245,234,Active,1,28,2014-11-04 22:30:06.453237,69114
22810246,235,Active,43,5,2014-11-04 22:30:06.45821,69114
22810247,236,Active,1,20,2014-11-04 22:30:06.463992,69114
22810248,237,Active,3,35,2014-11-04 22:30:06.469302,69114
22810249,238,Active,28,16,2014-11-04 22:30:06.474405,69114
22810250,239,Active,1,15,2014-11-04 22:30:06.479513,69114
22810251,240,Active,33,25,2014-11-04 22:30:06.484486,69114
22810252,241,Active,30,9,2014-11-04 22:30:06.489437,69114
22810253,242,Active,17,15,2014-11-04 22:30:06.494475,69114
22810254,243,Active,15,16,2014-11-04 22:30:06.499433,69114
22810255,244,Active,0,56,2014-11-04 22:30:06.504324,69114
22810256,245,Active,18,38,2014-11-04 22:30:06.509081,69114
22810257,246,Active,1,32,2014-11-04 22:30:06.51424,69114
22810258,247,Active,2,27,2014-11-04 22:30:06.519254,69114
22810259,248,Active,9,30,2014-11-04 22:30:06.52414,69114
22810260,249,Active,1,38,2014-11-04 22:30:06.529447,69114
22810261,250,Active,22,22,2014-11-04 22:30:06.535823,69114
22810262,251,Active,13,24,2014-11-04 22:30:06.540681,69114
22810263,252,Active,11,32,2014-11-04 22:30:06.545907,69114
22810264,253,Active,30,26,2014-11-04 22:30:06.551499,69114
22810265,254,Active,9,17,2014-11-04 22:30:06.556525,69114
22810266,255,Active,15,13,2014-11-04 22:30:06.561563,69114
22810267,256,Active,5,19,2014-11-04 22:30:06.566593,69114
22810268,257,Active,1,23,2014-11-04 22:30:06.571477,69114
22810269,258,Active,22,16,2014-11-04 22:30:06.576481,69114
22810270,259,Active,15,19,2014-11-04 22:30:06.58154,69114
22810271,260,Active,4,39,2014-11-04 22:30:06.586553,69114
22810272,261,Active,2,36,2014-11-04 22:30:06.591979,69114
22810273,262,Active,26,10,2014-11-04 22:30:06.598,69114
22810274,263,Active,7,27,2014-11-04 22:30:06.603045,69114
22810275,264,Active,29,12,2014-11-04 22:30:06.60839,69114
22810276,265,Active,18,15,2014-11-04 22:30:06.613371,69114
22810277,266,Active,27,31,2014-11-04 22:30:06.618331,69114
22810278,267,Active,13,40,2014-11-04 22:30:06.623079,69114
22810279,268,Active,29,19,2014-11-04 22:30:06.628257,69114
22810280,269,Active,4,29,2014-11-04 22:30:06.636692,69114
22810281,270,Active,19,13,2014-11-04 22:30:06.642215,69114
22810282,271,Active,6,19,2014-11-04 22:30:06.648079,69114
22810283,272,Active,27,18,2014-11-04 22:30:06.653112,69114
22810284,273,Active,18,40,2014-11-04 22:30:06.658175,69114
22810285,274,Active,20,4,2014-11-04 22:30:06.663048,69114
22810286,275,Active,19,16,2014-11-04 22:30:06.669122,69114
22810287,276,Active,18,27,2014-11-04 22:30:06.674141,69114
22810288,277,Active,17,25,2014-11-04 22:30:06.679028,69114
22810289,330,Active,9,21,2014-11-04 22:30:06.684197,69114
22810290,278,Active,13,15,2014-11-04 22:30:06.689376,69114
22810291,279,Active,22,20,2014-11-04 22:30:06.715863,69114
22810292,280,Active,32,3,2014-11-04 22:30:06.721751,69114
22810293,281,Active,2,44,2014-11-04 22:30:06.72695,69114
22810294,282,Active,2,21,2014-11-04 22:30:06.731839,69114
22810295,283,Active,9,22,2014-11-04 22:30:06.736747,69114
22810296,284,Active,4,47,2014-11-04 22:30:06.741738,69114
22810297,285,Active,8,24,2014-11-04 22:30:06.74669,69114
22810298,286,Active,6,19,2014-11-04 22:30:06.751905,69114
22810299,287,Active,3,22,2014-11-04 22:30:06.757036,69114
22810300,288,Active,17,30,2014-11-04 22:30:06.762169,69114
22810301,289,Active,24,7,2014-11-04 22:30:06.767098,69114
22810302,290,Active,13,16,2014-11-04 22:30:06.772137,69114
22810303,291,Active,3,49,2014-11-04 22:30:06.779641,69114
22810304,292,Active,8,29,2014-11-04 22:30:06.785487,69114
22810305,293,Active,19,38,2014-11-04 22:30:06.791166,69114
22810306,294,Active,1,38,2014-11-04 22:30:06.796089,69114
22810307,295,Active,56,11,2014-11-04 22:30:06.801385,69114
22810308,296,Active,25,25,2014-11-04 22:30:06.806569,69114
22810309,297,Active,30,15,2014-11-04 22:30:06.811606,69114
22810310,298,Active,18,39,2014-11-04 22:30:06.816811,69114
22810311,299,Active,0,36,2014-11-04 22:30:06.821852,69114
22810312,300,Active,1,37,2014-11-04 22:30:06.82692,69114
22810313,301,Inactive,0,31,2014-11-04 22:30:06.832014,69114
22810314,302,Active,0,36,2014-11-04 22:30:06.837196,69114
22810315,303,Active,11,30,2014-11-04 22:30:06.841917,69114
22810316,304,Active,3,33,2014-11-04 22:30:06.84687,69114
22810317,305,Active,4,31,2014-11-04 22:30:06.851762,69114
22810318,306,Active,4,35,2014-11-04 22:30:06.856808,69114
22810319,307,Active,0,49,2014-11-04 22:30:06.861937,69114
22810320,308,Active,3,24,2014-11-04 22:30:06.866837,69114
22810321,309,Active,0,28,2014-11-04 22:30:06.872196,69114
22810322,310,Active,2,33,2014-11-04 22:30:06.877421,69114
22810323,311,Inactive,0,11,2014-11-04 22:30:06.883676,69114
22810324,312,Active,25,3,2014-11-04 22:30:06.888904,69114
22810325,313,Active,10,28,2014-11-04 22:30:06.89589,69114
22810326,314,Active,0,17,2014-11-04 22:30:06.901362,69114
22810327,315,Active,8,29,2014-11-04 22:30:06.906437,69114
22810328,316,Active,21,6,2014-11-04 22:30:06.911924,69114
22810329,317,Active,12,1,2014-11-04 22:30:06.91713,69114
22810330,318,Active,9,14,2014-11-04 22:30:06.922108,69114
22810331,319,Inactive,0,0,2014-11-04 22:30:06.926971,69114
22810332,320,Active,12,24,2014-11-04 22:30:06.931968,69114
22810333,321,Active,5,4,2014-11-04 22:30:06.937369,69114
22810334,322,Active,43,3,2014-11-04 22:30:06.94407,69114
22810335,332,Active,1,22,2014-11-04 22:30:06.949235,69114
22810336,327,Active,12,22,2014-11-04 22:30:06.954353,69114
22810337,328,Active,12,26,2014-11-04 22:30:06.959282,69114
22810338,331,Active,1,32,2014-11-04 22:30:06.964659,69114
22810339,323,Active,0,37,2014-11-04 22:30:06.969717,69114
22810340,324,Active,23,18,2014-11-04 22:30:06.974541,69114
22810341,329,Active,9,22,2014-11-04 22:30:06.979549,69114
22810342,325,Active,12,20,2014-11-04 22:30:06.984438,69114
22810343,326,Active,5,18,2014-11-04 22:30:06.989725,69114
22810344,1,Active,4,32,2014-11-04 22:40:04.754955,69115
22810345,2,Active,10,20,2014-11-04 22:40:04.762456,69115
22810346,3,Active,0,25,2014-11-04 22:40:04.766768,69115
22810347,4,Active,9,51,2014-11-04 22:40:04.77093,69115
22810348,5,Active,11,21,2014-11-04 22:40:04.775143,69115
22810349,6,Active,3,15,2014-11-04 22:40:04.779268,69115
22810350,7,Active,2,15,2014-11-04 22:40:04.783248,69115
22810351,8,Active,7,21,2014-11-04 22:40:04.787326,69115
22810352,9,Active,13,17,2014-11-04 22:40:04.791372,69115
22810353,10,Active,1,45,2014-11-04 22:40:04.795508,69115
22810354,11,Active,2,20,2014-11-04 22:40:04.799763,69115
22810355,12,Active,4,15,2014-11-04 22:40:04.804052,69115
22810356,13,Active,20,19,2014-11-04 22:40:04.808199,69115
22810357,14,Active,22,10,2014-11-04 22:40:04.813611,69115
22810358,15,Active,2,28,2014-11-04 22:40:04.817695,69115
22810359,16,Active,3,24,2014-11-04 22:40:04.821723,69115
22810360,17,Active,19,7,2014-11-04 22:40:04.825829,69115
22810361,18,Active,1,48,2014-11-04 22:40:04.829989,69115
22810362,19,Active,5,17,2014-11-04 22:40:04.834502,69115
22810363,20,Active,6,19,2014-11-04 22:40:04.83972,69115
22810364,21,Active,28,6,2014-11-04 22:40:04.844218,69115
22810365,22,Active,16,24,2014-11-04 22:40:04.848427,69115
22810366,23,Active,3,39,2014-11-04 22:40:04.852595,69115
22810367,24,Active,25,20,2014-11-04 22:40:04.856754,69115
22810368,25,Active,15,27,2014-11-04 22:40:04.860862,69115
22810369,26,Active,1,28,2014-11-04 22:40:04.865068,69115
22810370,27,Active,4,40,2014-11-04 22:40:04.869214,69115
22810371,28,Active,23,3,2014-11-04 22:40:04.873354,69115
22810372,29,Active,0,22,2014-11-04 22:40:04.877515,69115
22810373,30,Active,36,1,2014-11-04 22:40:04.881933,69115
22810374,31,Active,1,34,2014-11-04 22:40:04.886157,69115
22810375,32,Active,16,16,2014-11-04 22:40:04.890323,69115
22810376,33,Active,16,14,2014-11-04 22:40:04.894495,69115
22810377,34,Active,22,12,2014-11-04 22:40:04.898559,69115
22810378,35,Active,29,24,2014-11-04 22:40:04.902725,69115
22810379,36,Active,24,2,2014-11-04 22:40:04.909578,69115
22810380,37,Active,0,22,2014-11-04 22:40:04.913626,69115
22810381,38,Active,1,37,2014-11-04 22:40:04.91794,69115
22810382,39,Active,5,30,2014-11-04 22:40:04.922093,69115
22810383,40,Active,8,30,2014-11-04 22:40:04.926682,69115
22810384,41,Active,14,17,2014-11-04 22:40:04.930889,69115
22810385,42,Active,8,22,2014-11-04 22:40:04.935126,69115
22810386,43,Active,0,21,2014-11-04 22:40:04.939363,69115
22810387,44,Active,4,17,2014-11-04 22:40:04.943735,69115
22810388,45,Active,18,12,2014-11-04 22:40:04.947958,69115
22810389,46,Active,1,28,2014-11-04 22:40:04.952215,69115
22810390,47,Active,15,8,2014-11-04 22:40:04.957084,69115
22810391,48,Active,15,1,2014-11-04 22:40:04.961102,69115
22810392,49,Active,18,4,2014-11-04 22:40:04.96543,69115
22810393,50,Active,16,10,2014-11-04 22:40:04.969492,69115
22810394,51,Active,11,26,2014-11-04 22:40:04.973642,69115
22810395,52,Active,24,2,2014-11-04 22:40:04.977892,69115
22810396,53,Active,20,11,2014-11-04 22:40:04.981897,69115
22810397,54,Inactive,0,3,2014-11-04 22:40:04.985942,69115
22810398,55,Active,8,20,2014-11-04 22:40:04.993563,69115
22810399,56,Active,33,2,2014-11-04 22:40:05.041216,69115
22810400,57,Active,1,21,2014-11-04 22:40:05.046846,69115
22810401,58,Active,5,31,2014-11-04 22:40:05.0517,69115
22810402,59,Active,23,12,2014-11-04 22:40:05.05796,69115
22810403,60,Active,2,24,2014-11-04 22:40:05.062935,69115
22810404,61,Active,8,13,2014-11-04 22:40:05.067747,69115
22810405,62,Active,3,26,2014-11-04 22:40:05.072686,69115
22810406,63,Active,13,12,2014-11-04 22:40:05.077639,69115
22810407,64,Active,4,31,2014-11-04 22:40:05.082582,69115
22810408,65,Active,0,24,2014-11-04 22:40:05.087356,69115
22810409,66,Active,5,50,2014-11-04 22:40:05.092746,69115
22810410,67,Active,21,6,2014-11-04 22:40:05.097705,69115
22810411,68,Active,7,13,2014-11-04 22:40:05.102554,69115
22810412,69,Active,8,18,2014-11-04 22:40:05.107312,69115
22810413,70,Active,0,29,2014-11-04 22:40:05.112419,69115
22810414,71,Active,4,14,2014-11-04 22:40:05.11729,69115
22810415,72,Active,12,10,2014-11-04 22:40:05.122319,69115
22810416,73,Active,0,18,2014-11-04 22:40:05.128962,69115
22810417,74,Active,21,14,2014-11-04 22:40:05.134085,69115
22810418,75,Active,25,4,2014-11-04 22:40:05.139077,69115
22810419,76,Active,44,13,2014-11-04 22:40:05.143983,69115
22810420,77,Active,2,25,2014-11-04 22:40:05.149028,69115
22810421,78,Active,13,29,2014-11-04 22:40:05.153904,69115
22810422,79,Active,19,21,2014-11-04 22:40:05.158915,69115
22810423,80,Active,3,15,2014-11-04 22:40:05.163692,69115
22810424,81,Active,3,26,2014-11-04 22:40:05.170122,69115
22810425,82,Active,8,12,2014-11-04 22:40:05.175258,69115
22810426,83,Active,23,29,2014-11-04 22:40:05.180285,69115
22810427,84,Active,4,23,2014-11-04 22:40:05.185191,69115
22810428,85,Active,6,18,2014-11-04 22:40:05.190115,69115
22810429,86,Active,10,25,2014-11-04 22:40:05.195339,69115
22810430,87,Active,12,13,2014-11-04 22:40:05.200419,69115
22810431,88,Active,0,35,2014-11-04 22:40:05.205855,69115
22810432,89,Active,30,23,2014-11-04 22:40:05.210711,69115
22810433,90,Active,12,4,2014-11-04 22:40:05.215643,69115
22810434,91,Active,4,19,2014-11-04 22:40:05.221026,69115
22810435,92,Active,22,8,2014-11-04 22:40:05.226052,69115
22810436,93,Active,9,26,2014-11-04 22:40:05.23099,69115
22810437,94,Active,6,27,2014-11-04 22:40:05.235769,69115
22810438,95,Active,13,22,2014-11-04 22:40:05.240835,69115
22810439,96,Active,17,14,2014-11-04 22:40:05.245763,69115
22810440,97,Active,7,18,2014-11-04 22:40:05.250867,69115
22810441,98,Active,23,18,2014-11-04 22:40:05.255805,69115
22810442,99,Active,2,32,2014-11-04 22:40:05.260864,69115
22810443,100,Active,8,21,2014-11-04 22:40:05.265844,69115
22810444,101,Active,10,18,2014-11-04 22:40:05.270889,69115
22810445,102,Active,7,13,2014-11-04 22:40:05.275658,69115
22810446,103,Active,0,37,2014-11-04 22:40:05.282146,69115
22810447,104,Active,15,13,2014-11-04 22:40:05.287158,69115
22810448,105,Active,20,23,2014-11-04 22:40:05.29207,69115
22810449,106,Active,13,14,2014-11-04 22:40:05.297238,69115
22810450,107,Active,3,25,2014-11-04 22:40:05.302662,69115
22810451,108,Inactive,0,3,2014-11-04 22:40:05.307715,69115
22810452,109,Inactive,0,5,2014-11-04 22:40:05.313476,69115
22810453,110,Active,2,23,2014-11-04 22:40:05.318674,69115
22810454,111,Active,0,31,2014-11-04 22:40:05.323167,69115
22810455,112,Active,14,21,2014-11-04 22:40:05.35109,69115
22810456,113,Active,17,33,2014-11-04 22:40:05.357262,69115
22810457,114,Active,3,32,2014-11-04 22:40:05.362804,69115
22810458,115,Active,8,18,2014-11-04 22:40:05.367871,69115
22810459,116,Active,1,35,2014-11-04 22:40:05.372697,69115
22810460,117,Active,4,18,2014-11-04 22:40:05.377633,69115
22810461,118,Active,0,28,2014-11-04 22:40:05.382471,69115
22810462,119,Active,21,17,2014-11-04 22:40:05.387401,69115
22810463,120,Active,3,23,2014-11-04 22:40:05.392356,69115
22810464,121,Active,10,14,2014-11-04 22:40:05.397334,69115
22810465,122,Active,6,22,2014-11-04 22:40:05.403288,69115
22810466,123,Active,11,15,2014-11-04 22:40:05.408292,69115
22810467,124,Active,27,7,2014-11-04 22:40:05.413175,69115
22810468,125,Active,1,36,2014-11-04 22:40:05.418082,69115
22810469,126,Active,4,19,2014-11-04 22:40:05.425278,69115
22810470,127,Active,1,24,2014-11-04 22:40:05.430162,69115
22810471,128,Active,1,17,2014-11-04 22:40:05.435467,69115
22810472,129,Active,5,24,2014-11-04 22:40:05.440591,69115
22810473,130,Active,10,13,2014-11-04 22:40:05.445691,69115
22810474,131,Active,7,15,2014-11-04 22:40:05.450571,69115
22810475,132,Active,21,13,2014-11-04 22:40:05.455397,69115
22810476,133,Active,10,15,2014-11-04 22:40:05.460266,69115
22810477,134,Active,2,31,2014-11-04 22:40:05.465483,69115
22810478,135,Active,34,4,2014-11-04 22:40:05.470485,69115
22810479,136,Active,2,19,2014-11-04 22:40:05.475239,69115
22810480,137,Active,5,22,2014-11-04 22:40:05.480324,69115
22810481,138,Active,11,27,2014-11-04 22:40:05.486373,69115
22810482,139,Active,15,21,2014-11-04 22:40:05.491691,69115
22810483,140,Active,3,22,2014-11-04 22:40:05.497007,69115
22810484,141,Active,0,30,2014-11-04 22:40:05.502526,69115
22810485,142,Active,31,9,2014-11-04 22:40:05.507476,69115
22810486,143,Active,2,21,2014-11-04 22:40:05.512831,69115
22810487,144,Active,7,18,2014-11-04 22:40:05.51765,69115
22810488,145,Active,21,13,2014-11-04 22:40:05.522453,69115
22810489,146,Active,3,51,2014-11-04 22:40:05.527531,69115
22810490,147,Active,12,27,2014-11-04 22:40:05.533047,69115
22810491,148,Active,3,40,2014-11-04 22:40:05.54213,69115
22810492,149,Active,0,55,2014-11-04 22:40:05.547276,69115
22810493,150,Active,9,38,2014-11-04 22:40:05.552371,69115
22810494,151,Active,3,22,2014-11-04 22:40:05.557814,69115
22810495,152,Active,2,27,2014-11-04 22:40:05.562801,69115
22810496,153,Active,13,20,2014-11-04 22:40:05.567856,69115
22810497,154,Active,8,25,2014-11-04 22:40:05.572872,69115
22810498,155,Active,15,19,2014-11-04 22:40:05.577822,69115
22810499,156,Active,16,15,2014-11-04 22:40:05.582762,69115
22810500,157,Active,2,24,2014-11-04 22:40:05.587681,69115
22810501,158,Active,12,6,2014-11-04 22:40:05.592909,69115
22810502,159,Active,24,4,2014-11-04 22:40:05.598081,69115
22810503,160,Active,0,43,2014-11-04 22:40:05.603232,69115
22810504,161,Active,37,8,2014-11-04 22:40:05.608252,69115
22810505,162,Active,1,39,2014-11-04 22:40:05.613227,69115
22810506,163,Active,23,15,2014-11-04 22:40:05.618192,69115
22810507,164,Active,27,5,2014-11-04 22:40:05.623521,69115
22810508,165,Active,12,26,2014-11-04 22:40:05.628733,69115
22810509,166,Active,8,22,2014-11-04 22:40:05.63428,69115
22810510,167,Active,9,18,2014-11-04 22:40:05.639858,69115
22810511,168,Active,16,25,2014-11-04 22:40:05.667343,69115
22810512,169,Active,0,36,2014-11-04 22:40:05.673428,69115
22810513,170,Active,9,17,2014-11-04 22:40:05.679979,69115
22810514,171,Active,1,26,2014-11-04 22:40:05.685469,69115
22810515,172,Active,6,25,2014-11-04 22:40:05.690623,69115
22810516,173,Active,0,31,2014-11-04 22:40:05.695498,69115
22810517,174,Active,21,9,2014-11-04 22:40:05.700821,69115
22810518,175,Active,12,18,2014-11-04 22:40:05.706438,69115
22810519,176,Active,12,19,2014-11-04 22:40:05.711684,69115
22810520,177,Active,6,24,2014-11-04 22:40:05.716894,69115
22810521,178,Active,0,23,2014-11-04 22:40:05.721639,69115
22810522,179,Active,3,24,2014-11-04 22:40:05.726711,69115
22810523,180,Active,2,29,2014-11-04 22:40:05.731742,69115
22810524,181,Active,1,26,2014-11-04 22:40:05.736482,69115
22810525,182,Active,2,12,2014-11-04 22:40:05.741605,69115
22810526,183,Active,9,33,2014-11-04 22:40:05.74639,69115
22810527,184,Active,25,15,2014-11-04 22:40:05.751205,69115
22810528,185,Active,14,15,2014-11-04 22:40:05.756352,69115
22810529,186,Active,31,7,2014-11-04 22:40:05.762392,69115
22810530,187,Active,19,21,2014-11-04 22:40:05.767504,69115
22810531,188,Active,2,32,2014-11-04 22:40:05.772297,69115
22810532,189,Active,4,38,2014-11-04 22:40:05.77746,69115
22810533,190,Active,3,20,2014-11-04 22:40:05.782291,69115
22810534,191,Active,0,19,2014-11-04 22:40:05.787551,69115
22810535,192,Active,6,28,2014-11-04 22:40:05.792472,69115
22810536,193,Active,8,14,2014-11-04 22:40:05.79795,69115
22810537,194,Active,3,24,2014-11-04 22:40:05.803114,69115
22810538,195,Active,20,4,2014-11-04 22:40:05.808134,69115
22810539,196,Active,10,27,2014-11-04 22:40:05.813019,69115
22810540,197,Active,4,27,2014-11-04 22:40:05.818459,69115
22810541,198,Active,8,12,2014-11-04 22:40:05.824145,69115
22810542,199,Active,5,18,2014-11-04 22:40:05.828843,69115
22810543,200,Active,2,21,2014-11-04 22:40:05.833994,69115
22810544,201,Active,7,14,2014-11-04 22:40:05.838863,69115
22810545,202,Active,4,13,2014-11-04 22:40:05.84395,69115
22810546,203,Active,4,51,2014-11-04 22:40:05.848913,69115
22810547,204,Active,1,37,2014-11-04 22:40:05.854119,69115
22810548,205,Active,21,5,2014-11-04 22:40:05.859055,69115
22810549,206,Active,40,7,2014-11-04 22:40:05.864124,69115
22810550,207,Active,8,22,2014-11-04 22:40:05.869338,69115
22810551,208,Active,20,6,2014-11-04 22:40:05.874267,69115
22810552,209,Active,1,29,2014-11-04 22:40:05.879279,69115
22810553,210,Active,13,17,2014-11-04 22:40:05.886264,69115
22810554,211,Active,14,25,2014-11-04 22:40:05.891201,69115
22810555,212,Active,18,3,2014-11-04 22:40:05.896131,69115
22810556,213,Active,31,14,2014-11-04 22:40:05.901,69115
22810557,214,Active,0,26,2014-11-04 22:40:05.906137,69115
22810558,215,Active,1,22,2014-11-04 22:40:05.911204,69115
22810559,216,Active,3,18,2014-11-04 22:40:05.916319,69115
22810560,217,Active,5,30,2014-11-04 22:40:05.921104,69115
22810561,218,Active,2,27,2014-11-04 22:40:05.926223,69115
22810562,219,Active,9,24,2014-11-04 22:40:05.931253,69115
22810563,220,Active,31,17,2014-11-04 22:40:05.936381,69115
22810564,221,Active,0,23,2014-11-04 22:40:05.941461,69115
22810565,222,Active,27,22,2014-11-04 22:40:05.946467,69115
22810566,223,Active,22,19,2014-11-04 22:40:05.951519,69115
22810567,224,Active,11,25,2014-11-04 22:40:05.978863,69115
22810568,225,Active,7,20,2014-11-04 22:40:05.984849,69115
22810569,226,Active,0,30,2014-11-04 22:40:05.994279,69115
22810570,227,Active,0,31,2014-11-04 22:40:05.999384,69115
22810571,228,Active,2,55,2014-11-04 22:40:06.004399,69115
22810572,229,Active,16,22,2014-11-04 22:40:06.00931,69115
22810573,230,Active,5,29,2014-11-04 22:40:06.014399,69115
22810574,231,Active,1,36,2014-11-04 22:40:06.019357,69115
22810575,232,Active,1,34,2014-11-04 22:40:06.024268,69115
22810576,233,Active,5,31,2014-11-04 22:40:06.029363,69115
22810577,234,Active,1,28,2014-11-04 22:40:06.034391,69115
22810578,235,Active,40,8,2014-11-04 22:40:06.039476,69115
22810579,236,Active,1,20,2014-11-04 22:40:06.044729,69115
22810580,237,Active,5,33,2014-11-04 22:40:06.050055,69115
22810581,238,Active,32,12,2014-11-04 22:40:06.055204,69115
22810582,239,Active,1,15,2014-11-04 22:40:06.0609,69115
22810583,240,Active,31,27,2014-11-04 22:40:06.066124,69115
22810584,241,Active,35,4,2014-11-04 22:40:06.071294,69115
22810585,242,Active,18,14,2014-11-04 22:40:06.076892,69115
22810586,243,Active,14,17,2014-11-04 22:40:06.082268,69115
22810587,244,Active,0,56,2014-11-04 22:40:06.087326,69115
22810588,245,Active,9,46,2014-11-04 22:40:06.092206,69115
22810589,246,Active,1,32,2014-11-04 22:40:06.097067,69115
22810590,247,Active,3,26,2014-11-04 22:40:06.102081,69115
22810591,248,Active,8,31,2014-11-04 22:40:06.110069,69115
22810592,249,Active,1,38,2014-11-04 22:40:06.114849,69115
22810593,250,Active,20,24,2014-11-04 22:40:06.119867,69115
22810594,251,Active,11,26,2014-11-04 22:40:06.124952,69115
22810595,252,Active,9,34,2014-11-04 22:40:06.130025,69115
22810596,253,Active,31,25,2014-11-04 22:40:06.136933,69115
22810597,254,Active,8,18,2014-11-04 22:40:06.143018,69115
22810598,255,Active,14,14,2014-11-04 22:40:06.149038,69115
22810599,256,Active,6,18,2014-11-04 22:40:06.154121,69115
22810600,257,Active,1,23,2014-11-04 22:40:06.159174,69115
22810601,258,Active,21,17,2014-11-04 22:40:06.164339,69115
22810602,259,Active,13,21,2014-11-04 22:40:06.169364,69115
22810603,260,Active,0,43,2014-11-04 22:40:06.174545,69115
22810604,261,Active,2,36,2014-11-04 22:40:06.179706,69115
22810605,262,Active,21,15,2014-11-04 22:40:06.184913,69115
22810606,263,Active,7,27,2014-11-04 22:40:06.189756,69115
22810607,264,Active,28,13,2014-11-04 22:40:06.194791,69115
22810608,265,Active,18,15,2014-11-04 22:40:06.199734,69115
22810609,266,Active,38,20,2014-11-04 22:40:06.204872,69115
22810610,267,Active,5,48,2014-11-04 22:40:06.209752,69115
22810611,268,Active,32,16,2014-11-04 22:40:06.214764,69115
22810612,269,Active,2,31,2014-11-04 22:40:06.219797,69115
22810613,270,Active,22,10,2014-11-04 22:40:06.226239,69115
22810614,271,Active,8,17,2014-11-04 22:40:06.231443,69115
22810615,272,Active,26,19,2014-11-04 22:40:06.236579,69115
22810616,273,Active,22,36,2014-11-04 22:40:06.241783,69115
22810617,274,Active,16,8,2014-11-04 22:40:06.247037,69115
22810618,275,Active,21,14,2014-11-04 22:40:06.25202,69115
22810619,276,Active,16,29,2014-11-04 22:40:06.257514,69115
22810620,277,Active,22,20,2014-11-04 22:40:06.262768,69115
22810621,330,Active,7,22,2014-11-04 22:40:06.267993,69115
22810622,278,Active,10,18,2014-11-04 22:40:06.273117,69115
22810623,279,Active,25,17,2014-11-04 22:40:06.303364,69115
22810624,280,Active,26,9,2014-11-04 22:40:06.309858,69115
22810625,281,Active,1,45,2014-11-04 22:40:06.314776,69115
22810626,282,Active,3,20,2014-11-04 22:40:06.319822,69115
22810627,283,Active,8,23,2014-11-04 22:40:06.326499,69115
22810628,284,Active,1,50,2014-11-04 22:40:06.331527,69115
22810629,285,Active,14,18,2014-11-04 22:40:06.336692,69115
22810630,286,Active,5,20,2014-11-04 22:40:06.342013,69115
22810631,287,Active,2,23,2014-11-04 22:40:06.346982,69115
22810632,288,Active,19,28,2014-11-04 22:40:06.352331,69115
22810633,289,Active,25,6,2014-11-04 22:40:06.357569,69115
22810634,290,Active,12,17,2014-11-04 22:40:06.362516,69115
22810635,291,Active,3,49,2014-11-04 22:40:06.36756,69115
22810636,292,Active,6,31,2014-11-04 22:40:06.372557,69115
22810637,293,Active,25,32,2014-11-04 22:40:06.377396,69115
22810638,294,Active,0,39,2014-11-04 22:40:06.382403,69115
22810639,295,Active,55,12,2014-11-04 22:40:06.387317,69115
22810640,296,Active,20,30,2014-11-04 22:40:06.392545,69115
22810641,297,Active,35,10,2014-11-04 22:40:06.397644,69115
22810642,298,Active,18,39,2014-11-04 22:40:06.402947,69115
22810643,299,Active,1,35,2014-11-04 22:40:06.408083,69115
22810644,300,Active,2,36,2014-11-04 22:40:06.413107,69115
22810645,301,Inactive,0,31,2014-11-04 22:40:06.422267,69115
22810646,302,Active,5,31,2014-11-04 22:40:06.427362,69115
22810647,303,Active,11,29,2014-11-04 22:40:06.432469,69115
22810648,304,Active,4,32,2014-11-04 22:40:06.437608,69115
22810649,305,Active,6,29,2014-11-04 22:40:06.442546,69115
22810650,306,Active,4,35,2014-11-04 22:40:06.447693,69115
22810651,307,Active,0,49,2014-11-04 22:40:06.452695,69115
22810652,308,Active,1,26,2014-11-04 22:40:06.457436,69115
22810653,309,Active,0,28,2014-11-04 22:40:06.462708,69115
22810654,310,Active,5,30,2014-11-04 22:40:06.467638,69115
22810655,311,Inactive,0,11,2014-11-04 22:40:06.47244,69115
22810656,312,Active,25,3,2014-11-04 22:40:06.477343,69115
22810657,313,Active,4,34,2014-11-04 22:40:06.486172,69115
22810658,314,Active,0,17,2014-11-04 22:40:06.491105,69115
22810659,315,Active,5,32,2014-11-04 22:40:06.496023,69115
22810660,316,Active,20,7,2014-11-04 22:40:06.501221,69115
22810661,317,Active,12,1,2014-11-04 22:40:06.506191,69115
22810662,318,Active,10,13,2014-11-04 22:40:06.511385,69115
22810663,319,Inactive,0,0,2014-11-04 22:40:06.516528,69115
22810664,320,Active,12,24,2014-11-04 22:40:06.521999,69115
22810665,321,Active,5,4,2014-11-04 22:40:06.527666,69115
22810666,322,Active,41,4,2014-11-04 22:40:06.532596,69115
22810667,332,Active,1,22,2014-11-04 22:40:06.537503,69115
22810668,327,Active,15,19,2014-11-04 22:40:06.543007,69115
22810669,328,Active,11,27,2014-11-04 22:40:06.549992,69115
22810670,331,Active,3,32,2014-11-04 22:40:06.555075,69115
22810671,323,Active,0,37,2014-11-04 22:40:06.56005,69115
22810672,324,Active,32,9,2014-11-04 22:40:06.565184,69115
22810673,329,Active,10,21,2014-11-04 22:40:06.570182,69115
22810674,325,Active,10,22,2014-11-04 22:40:06.575361,69115
22810675,326,Active,6,17,2014-11-04 22:40:06.580449,69115
22810676,1,Active,7,29,2014-11-04 22:50:05.276278,69116
22810677,2,Active,10,20,2014-11-04 22:50:05.285635,69116
22810678,3,Active,1,24,2014-11-04 22:50:05.290039,69116
22810679,4,Active,9,51,2014-11-04 22:50:05.2945,69116
22810680,5,Active,10,22,2014-11-04 22:50:05.299461,69116
22810681,6,Active,3,15,2014-11-04 22:50:05.303561,69116
22810682,7,Active,2,15,2014-11-04 22:50:05.30763,69116
22810683,8,Active,7,21,2014-11-04 22:50:05.311958,69116
22810684,9,Active,13,17,2014-11-04 22:50:05.316157,69116
22810685,10,Active,1,45,2014-11-04 22:50:05.320423,69116
22810686,11,Active,2,20,2014-11-04 22:50:05.324969,69116
22810687,12,Active,3,16,2014-11-04 22:50:05.329269,69116
22810688,13,Active,20,19,2014-11-04 22:50:05.333583,69116
22810689,14,Active,19,13,2014-11-04 22:50:05.337839,69116
22810690,15,Active,3,27,2014-11-04 22:50:05.34229,69116
22810691,16,Active,5,22,2014-11-04 22:50:05.346365,69116
22810692,17,Active,21,5,2014-11-04 22:50:05.350598,69116
22810693,18,Active,2,47,2014-11-04 22:50:05.355424,69116
22810694,19,Active,7,15,2014-11-04 22:50:05.359534,69116
22810695,20,Active,6,19,2014-11-04 22:50:05.368588,69116
22810696,21,Active,32,2,2014-11-04 22:50:05.373936,69116
22810697,22,Active,17,23,2014-11-04 22:50:05.378428,69116
22810698,23,Active,0,42,2014-11-04 22:50:05.382499,69116
22810699,24,Active,30,15,2014-11-04 22:50:05.386782,69116
22810700,25,Active,10,32,2014-11-04 22:50:05.391078,69116
22810701,26,Active,4,25,2014-11-04 22:50:05.395227,69116
22810702,27,Active,2,42,2014-11-04 22:50:05.399674,69116
22810703,28,Active,22,4,2014-11-04 22:50:05.404228,69116
22810704,29,Active,0,22,2014-11-04 22:50:05.408176,69116
22810705,30,Active,36,1,2014-11-04 22:50:05.412849,69116
22810706,31,Active,1,34,2014-11-04 22:50:05.41704,69116
22810707,32,Active,14,18,2014-11-04 22:50:05.421836,69116
22810708,33,Active,15,15,2014-11-04 22:50:05.426155,69116
22810709,34,Active,21,13,2014-11-04 22:50:05.430357,69116
22810710,35,Active,23,30,2014-11-04 22:50:05.434419,69116
22810711,36,Active,17,9,2014-11-04 22:50:05.439005,69116
22810712,37,Active,0,22,2014-11-04 22:50:05.443134,69116
22810713,38,Active,1,37,2014-11-04 22:50:05.448035,69116
22810714,39,Active,6,29,2014-11-04 22:50:05.452635,69116
22810715,40,Active,10,28,2014-11-04 22:50:05.456682,69116
22810716,41,Active,17,14,2014-11-04 22:50:05.461381,69116
22810717,42,Active,8,22,2014-11-04 22:50:05.468395,69116
22810718,43,Active,0,21,2014-11-04 22:50:05.472657,69116
22810719,44,Active,4,17,2014-11-04 22:50:05.476976,69116
22810720,45,Active,18,12,2014-11-04 22:50:05.481213,69116
22810721,46,Active,3,26,2014-11-04 22:50:05.485371,69116
22810722,47,Active,15,8,2014-11-04 22:50:05.489569,69116
22810723,48,Active,14,2,2014-11-04 22:50:05.49376,69116
22810724,49,Active,17,5,2014-11-04 22:50:05.497983,69116
22810725,50,Active,16,10,2014-11-04 22:50:05.502552,69116
22810726,51,Active,8,29,2014-11-04 22:50:05.50685,69116
22810727,52,Active,21,5,2014-11-04 22:50:05.511444,69116
22810728,53,Active,21,10,2014-11-04 22:50:05.516404,69116
22810729,54,Inactive,0,3,2014-11-04 22:50:05.521627,69116
22810730,55,Active,8,20,2014-11-04 22:50:05.527959,69116
22810731,56,Active,32,3,2014-11-04 22:50:05.556006,69116
22810732,57,Active,1,21,2014-11-04 22:50:05.560942,69116
22810733,58,Active,39,0,2014-11-04 22:50:05.565983,69116
22810734,59,Active,22,13,2014-11-04 22:50:05.570823,69116
22810735,60,Active,3,23,2014-11-04 22:50:05.577003,69116
22810736,61,Active,7,14,2014-11-04 22:50:05.581877,69116
22810737,62,Active,3,26,2014-11-04 22:50:05.587516,69116
22810738,63,Active,13,12,2014-11-04 22:50:05.592456,69116
22810739,64,Active,4,31,2014-11-04 22:50:05.597396,69116
22810740,65,Active,1,23,2014-11-04 22:50:05.604548,69116
22810741,66,Active,10,45,2014-11-04 22:50:05.609711,69116
22810742,67,Active,21,6,2014-11-04 22:50:05.61483,69116
22810743,68,Active,8,12,2014-11-04 22:50:05.619717,69116
22810744,69,Active,7,19,2014-11-04 22:50:05.624626,69116
22810745,70,Active,0,29,2014-11-04 22:50:05.63016,69116
22810746,71,Active,5,13,2014-11-04 22:50:05.635121,69116
22810747,72,Active,14,8,2014-11-04 22:50:05.640857,69116
22810748,73,Active,0,18,2014-11-04 22:50:05.645701,69116
22810749,74,Active,20,15,2014-11-04 22:50:05.65086,69116
22810750,75,Active,23,6,2014-11-04 22:50:05.655941,69116
22810751,76,Active,37,20,2014-11-04 22:50:05.661184,69116
22810752,77,Active,2,25,2014-11-04 22:50:05.66647,69116
22810753,78,Active,12,29,2014-11-04 22:50:05.672472,69116
22810754,79,Active,15,25,2014-11-04 22:50:05.677458,69116
22810755,80,Active,3,15,2014-11-04 22:50:05.68246,69116
22810756,81,Active,1,28,2014-11-04 22:50:05.687347,69116
22810757,82,Active,9,11,2014-11-04 22:50:05.69214,69116
22810758,83,Active,24,28,2014-11-04 22:50:05.696984,69116
22810759,84,Active,6,21,2014-11-04 22:50:05.701923,69116
22810760,85,Active,7,17,2014-11-04 22:50:05.70669,69116
22810761,86,Active,10,25,2014-11-04 22:50:05.711962,69116
22810762,87,Active,13,12,2014-11-04 22:50:05.716884,69116
22810763,88,Active,0,35,2014-11-04 22:50:05.72435,69116
22810764,89,Active,30,23,2014-11-04 22:50:05.732662,69116
22810765,90,Active,11,5,2014-11-04 22:50:05.737615,69116
22810766,91,Active,4,19,2014-11-04 22:50:05.742561,69116
22810767,92,Active,21,9,2014-11-04 22:50:05.748217,69116
22810768,93,Active,6,29,2014-11-04 22:50:05.753098,69116
22810769,94,Active,6,27,2014-11-04 22:50:05.758211,69116
22810770,95,Active,13,22,2014-11-04 22:50:05.762966,69116
22810771,96,Active,17,14,2014-11-04 22:50:05.767684,69116
22810772,97,Active,8,17,2014-11-04 22:50:05.772721,69116
22810773,98,Active,22,19,2014-11-04 22:50:05.778157,69116
22810774,99,Active,3,31,2014-11-04 22:50:05.784119,69116
22810775,100,Active,9,20,2014-11-04 22:50:05.78907,69116
22810776,101,Active,11,17,2014-11-04 22:50:05.793955,69116
22810777,102,Active,6,14,2014-11-04 22:50:05.799289,69116
22810778,103,Active,0,37,2014-11-04 22:50:05.804452,69116
22810779,104,Active,15,13,2014-11-04 22:50:05.809519,69116
22810780,105,Active,21,22,2014-11-04 22:50:05.81653,69116
22810781,106,Active,17,10,2014-11-04 22:50:05.821441,69116
22810782,107,Active,6,22,2014-11-04 22:50:05.826411,69116
22810783,108,Inactive,0,3,2014-11-04 22:50:05.831359,69116
22810784,109,Inactive,0,5,2014-11-04 22:50:05.836557,69116
22810785,110,Active,1,24,2014-11-04 22:50:05.841263,69116
22810786,111,Active,0,31,2014-11-04 22:50:05.845528,69116
22810787,112,Active,14,21,2014-11-04 22:50:05.872642,69116
22810788,113,Active,18,32,2014-11-04 22:50:05.878511,69116
22810789,114,Active,7,28,2014-11-04 22:50:05.883516,69116
22810790,115,Active,9,17,2014-11-04 22:50:05.888262,69116
22810791,116,Active,0,36,2014-11-04 22:50:05.893148,69116
22810792,117,Active,7,15,2014-11-04 22:50:05.898071,69116
22810793,118,Active,1,27,2014-11-04 22:50:05.903176,69116
22810794,119,Active,20,18,2014-11-04 22:50:05.907981,69116
22810795,120,Active,3,23,2014-11-04 22:50:05.913446,69116
22810796,121,Active,11,13,2014-11-04 22:50:05.918471,69116
22810797,122,Active,7,20,2014-11-04 22:50:05.923636,69116
22810798,123,Active,15,11,2014-11-04 22:50:05.92876,69116
22810799,124,Active,27,7,2014-11-04 22:50:05.933524,69116
22810800,125,Active,1,36,2014-11-04 22:50:05.938281,69116
22810801,126,Active,5,18,2014-11-04 22:50:05.943606,69116
22810802,127,Active,1,24,2014-11-04 22:50:05.948362,69116
22810803,128,Active,1,17,2014-11-04 22:50:05.95338,69116
22810804,129,Active,6,23,2014-11-04 22:50:05.95885,69116
22810805,130,Active,10,13,2014-11-04 22:50:05.964194,69116
22810806,131,Active,8,14,2014-11-04 22:50:05.969049,69116
22810807,132,Active,20,14,2014-11-04 22:50:05.973683,69116
22810808,133,Active,13,12,2014-11-04 22:50:05.979181,69116
22810809,134,Active,2,31,2014-11-04 22:50:05.984079,69116
22810810,135,Active,31,7,2014-11-04 22:50:05.988852,69116
22810811,136,Active,3,18,2014-11-04 22:50:05.993433,69116
22810812,137,Active,7,20,2014-11-04 22:50:05.998374,69116
22810813,138,Active,11,27,2014-11-04 22:50:06.003066,69116
22810814,139,Active,11,25,2014-11-04 22:50:06.008205,69116
22810815,140,Active,3,22,2014-11-04 22:50:06.013152,69116
22810816,141,Active,0,30,2014-11-04 22:50:06.017994,69116
22810817,142,Active,30,10,2014-11-04 22:50:06.022798,69116
22810818,143,Active,3,20,2014-11-04 22:50:06.02755,69116
22810819,144,Active,7,18,2014-11-04 22:50:06.03232,69116
22810820,145,Active,19,15,2014-11-04 22:50:06.037389,69116
22810821,146,Active,1,53,2014-11-04 22:50:06.042189,69116
22810822,147,Active,9,30,2014-11-04 22:50:06.046958,69116
22810823,148,Active,3,40,2014-11-04 22:50:06.051644,69116
22810824,149,Active,0,55,2014-11-04 22:50:06.056466,69116
22810825,150,Active,9,38,2014-11-04 22:50:06.061747,69116
22810826,151,Active,2,23,2014-11-04 22:50:06.06659,69116
22810827,152,Active,3,26,2014-11-04 22:50:06.071267,69116
22810828,153,Active,14,19,2014-11-04 22:50:06.07647,69116
22810829,154,Active,5,28,2014-11-04 22:50:06.081384,69116
22810830,155,Active,14,20,2014-11-04 22:50:06.086291,69116
22810831,156,Active,19,12,2014-11-04 22:50:06.091558,69116
22810832,157,Active,2,24,2014-11-04 22:50:06.096257,69116
22810833,158,Active,12,6,2014-11-04 22:50:06.101456,69116
22810834,159,Active,18,10,2014-11-04 22:50:06.106318,69116
22810835,160,Active,1,42,2014-11-04 22:50:06.11115,69116
22810836,161,Active,37,8,2014-11-04 22:50:06.116081,69116
22810837,162,Active,1,39,2014-11-04 22:50:06.120963,69116
22810838,163,Active,22,16,2014-11-04 22:50:06.12574,69116
22810839,164,Active,27,5,2014-11-04 22:50:06.130656,69116
22810840,165,Active,13,25,2014-11-04 22:50:06.135555,69116
22810841,166,Active,8,22,2014-11-04 22:50:06.141091,69116
22810842,167,Active,9,18,2014-11-04 22:50:06.146006,69116
22810843,168,Active,15,26,2014-11-04 22:50:06.172146,69116
22810844,169,Active,1,35,2014-11-04 22:50:06.178048,69116
22810845,170,Active,3,23,2014-11-04 22:50:06.183319,69116
22810846,171,Active,1,26,2014-11-04 22:50:06.190267,69116
22810847,172,Active,5,26,2014-11-04 22:50:06.196596,69116
22810848,173,Active,0,31,2014-11-04 22:50:06.20221,69116
22810849,174,Active,20,10,2014-11-04 22:50:06.206921,69116
22810850,175,Active,13,17,2014-11-04 22:50:06.212015,69116
22810851,176,Active,11,20,2014-11-04 22:50:06.217033,69116
22810852,177,Active,6,24,2014-11-04 22:50:06.221987,69116
22810853,178,Active,0,23,2014-11-04 22:50:06.226862,69116
22810854,179,Active,3,24,2014-11-04 22:50:06.231682,69116
22810855,180,Active,2,29,2014-11-04 22:50:06.236398,69116
22810856,181,Active,1,26,2014-11-04 22:50:06.24109,69116
22810857,182,Active,3,11,2014-11-04 22:50:06.245788,69116
22810858,183,Active,9,33,2014-11-04 22:50:06.250489,69116
22810859,184,Active,19,21,2014-11-04 22:50:06.255343,69116
22810860,185,Active,13,16,2014-11-04 22:50:06.260063,69116
22810861,186,Active,26,12,2014-11-04 22:50:06.265291,69116
22810862,187,Active,22,18,2014-11-04 22:50:06.270172,69116
22810863,188,Active,2,32,2014-11-04 22:50:06.275025,69116
22810864,189,Active,4,38,2014-11-04 22:50:06.279842,69116
22810865,190,Active,3,20,2014-11-04 22:50:06.28483,69116
22810866,191,Active,0,19,2014-11-04 22:50:06.290186,69116
22810867,192,Active,4,30,2014-11-04 22:50:06.295588,69116
22810868,193,Active,7,15,2014-11-04 22:50:06.300455,69116
22810869,194,Active,4,23,2014-11-04 22:50:06.309298,69116
22810870,195,Active,16,8,2014-11-04 22:50:06.314051,69116
22810871,196,Active,9,28,2014-11-04 22:50:06.31934,69116
22810872,197,Active,4,27,2014-11-04 22:50:06.324309,69116
22810873,198,Active,6,14,2014-11-04 22:50:06.329201,69116
22810874,199,Active,4,19,2014-11-04 22:50:06.333945,69116
22810875,200,Active,2,21,2014-11-04 22:50:06.338919,69116
22810876,201,Active,7,14,2014-11-04 22:50:06.343799,69116
22810877,202,Active,4,13,2014-11-04 22:50:06.348693,69116
22810878,203,Active,7,48,2014-11-04 22:50:06.353528,69116
22810879,204,Active,2,36,2014-11-04 22:50:06.358593,69116
22810880,205,Active,11,15,2014-11-04 22:50:06.363313,69116
22810881,206,Active,39,8,2014-11-04 22:50:06.368113,69116
22810882,207,Active,10,20,2014-11-04 22:50:06.373171,69116
22810883,208,Active,21,5,2014-11-04 22:50:06.37831,69116
22810884,209,Active,1,29,2014-11-04 22:50:06.383611,69116
22810885,210,Active,14,16,2014-11-04 22:50:06.389349,69116
22810886,211,Active,17,22,2014-11-04 22:50:06.395172,69116
22810887,212,Active,14,7,2014-11-04 22:50:06.401043,69116
22810888,213,Active,26,19,2014-11-04 22:50:06.406062,69116
22810889,214,Active,0,26,2014-11-04 22:50:06.41101,69116
22810890,215,Active,1,22,2014-11-04 22:50:06.415972,69116
22810891,216,Active,5,16,2014-11-04 22:50:06.421028,69116
22810892,217,Active,6,29,2014-11-04 22:50:06.428972,69116
22810893,218,Active,4,25,2014-11-04 22:50:06.433898,69116
22810894,219,Active,6,27,2014-11-04 22:50:06.438951,69116
22810895,220,Active,27,21,2014-11-04 22:50:06.444098,69116
22810896,221,Active,0,23,2014-11-04 22:50:06.449256,69116
22810897,222,Active,22,30,2014-11-04 22:50:06.454542,69116
22810898,223,Active,17,24,2014-11-04 22:50:06.459704,69116
22810899,224,Active,10,26,2014-11-04 22:50:06.486521,69116
22810900,225,Active,6,21,2014-11-04 22:50:06.491927,69116
22810901,226,Active,2,28,2014-11-04 22:50:06.496904,69116
22810902,227,Active,2,29,2014-11-04 22:50:06.503104,69116
22810903,228,Active,3,54,2014-11-04 22:50:06.510117,69116
22810904,229,Active,20,18,2014-11-04 22:50:06.515232,69116
22810905,230,Active,8,26,2014-11-04 22:50:06.522026,69116
22810906,231,Active,0,37,2014-11-04 22:50:06.526843,69116
22810907,232,Active,0,35,2014-11-04 22:50:06.531844,69116
22810908,233,Active,6,30,2014-11-04 22:50:06.537184,69116
22810909,234,Active,1,28,2014-11-04 22:50:06.542356,69116
22810910,235,Active,39,9,2014-11-04 22:50:06.548316,69116
22810911,236,Active,1,20,2014-11-04 22:50:06.553591,69116
22810912,237,Active,5,33,2014-11-04 22:50:06.558807,69116
22810913,238,Active,31,13,2014-11-04 22:50:06.563631,69116
22810914,239,Active,3,13,2014-11-04 22:50:06.572895,69116
22810915,240,Active,31,27,2014-11-04 22:50:06.578379,69116
22810916,241,Active,33,6,2014-11-04 22:50:06.58334,69116
22810917,242,Active,16,16,2014-11-04 22:50:06.588267,69116
22810918,243,Active,12,19,2014-11-04 22:50:06.593178,69116
22810919,244,Active,0,56,2014-11-04 22:50:06.597834,69116
22810920,245,Active,8,47,2014-11-04 22:50:06.602955,69116
22810921,246,Active,0,33,2014-11-04 22:50:06.607864,69116
22810922,247,Active,4,25,2014-11-04 22:50:06.613064,69116
22810923,248,Active,6,33,2014-11-04 22:50:06.618009,69116
22810924,249,Active,1,38,2014-11-04 22:50:06.62335,69116
22810925,250,Active,19,25,2014-11-04 22:50:06.628174,69116
22810926,251,Active,10,27,2014-11-04 22:50:06.633064,69116
22810927,252,Active,6,37,2014-11-04 22:50:06.638808,69116
22810928,253,Active,27,29,2014-11-04 22:50:06.643797,69116
22810929,254,Active,8,18,2014-11-04 22:50:06.648637,69116
22810930,255,Active,17,11,2014-11-04 22:50:06.65346,69116
22810931,256,Active,5,19,2014-11-04 22:50:06.658216,69116
22810932,257,Active,4,20,2014-11-04 22:50:06.663155,69116
22810933,258,Active,22,16,2014-11-04 22:50:06.668627,69116
22810934,259,Active,12,22,2014-11-04 22:50:06.673814,69116
22810935,260,Active,0,43,2014-11-04 22:50:06.679051,69116
22810936,261,Active,1,37,2014-11-04 22:50:06.68445,69116
22810937,262,Active,17,19,2014-11-04 22:50:06.689487,69116
22810938,263,Active,10,24,2014-11-04 22:50:06.696272,69116
22810939,264,Active,36,5,2014-11-04 22:50:06.701145,69116
22810940,265,Active,15,18,2014-11-04 22:50:06.706067,69116
22810941,266,Active,41,17,2014-11-04 22:50:06.711296,69116
22810942,267,Active,1,52,2014-11-04 22:50:06.716141,69116
22810943,268,Active,43,5,2014-11-04 22:50:06.720884,69116
22810944,269,Active,0,33,2014-11-04 22:50:06.725642,69116
22810945,270,Active,29,3,2014-11-04 22:50:06.730613,69116
22810946,271,Active,6,19,2014-11-04 22:50:06.735444,69116
22810947,272,Active,19,26,2014-11-04 22:50:06.740849,69116
22810948,273,Active,24,34,2014-11-04 22:50:06.745872,69116
22810949,274,Active,16,8,2014-11-04 22:50:06.750829,69116
22810950,275,Active,21,14,2014-11-04 22:50:06.756304,69116
22810951,276,Active,10,35,2014-11-04 22:50:06.761238,69116
22810952,277,Active,29,13,2014-11-04 22:50:06.766083,69116
22810953,330,Active,7,22,2014-11-04 22:50:06.771006,69116
22810954,278,Active,9,19,2014-11-04 22:50:06.776226,69116
22810955,279,Active,28,14,2014-11-04 22:50:06.802635,69116
22810956,280,Active,27,8,2014-11-04 22:50:06.807619,69116
22810957,281,Active,4,42,2014-11-04 22:50:06.814686,69116
22810958,282,Active,0,23,2014-11-04 22:50:06.819544,69116
22810959,283,Active,13,18,2014-11-04 22:50:06.827099,69116
22810960,284,Active,0,51,2014-11-04 22:50:06.831946,69116
22810961,285,Active,17,15,2014-11-04 22:50:06.837959,69116
22810962,286,Active,9,16,2014-11-04 22:50:06.845193,69116
22810963,287,Active,2,23,2014-11-04 22:50:06.850128,69116
22810964,288,Active,23,24,2014-11-04 22:50:06.854971,69116
22810965,289,Active,27,4,2014-11-04 22:50:06.859778,69116
22810966,290,Active,10,19,2014-11-04 22:50:06.864834,69116
22810967,291,Active,19,33,2014-11-04 22:50:06.869839,69116
22810968,292,Active,7,30,2014-11-04 22:50:06.874902,69116
22810969,293,Active,18,39,2014-11-04 22:50:06.879813,69116
22810970,294,Active,1,38,2014-11-04 22:50:06.884777,69116
22810971,295,Active,57,10,2014-11-04 22:50:06.889705,69116
22810972,296,Active,19,31,2014-11-04 22:50:06.8946,69116
22810973,297,Active,31,14,2014-11-04 22:50:06.899578,69116
22810974,298,Active,15,42,2014-11-04 22:50:06.904351,69116
22810975,299,Active,2,34,2014-11-04 22:50:06.909198,69116
22810976,300,Active,1,37,2014-11-04 22:50:06.914118,69116
22810977,301,Inactive,0,31,2014-11-04 22:50:06.918922,69116
22810978,302,Active,2,34,2014-11-04 22:50:06.944463,69116
22810979,303,Active,16,24,2014-11-04 22:50:06.949365,69116
22810980,304,Active,4,32,2014-11-04 22:50:06.95429,69116
22810981,305,Active,7,28,2014-11-04 22:50:06.959744,69116
22810982,306,Active,6,33,2014-11-04 22:50:06.964585,69116
22810983,307,Active,2,47,2014-11-04 22:50:06.96928,69116
22810984,308,Active,2,25,2014-11-04 22:50:06.976401,69116
22810985,309,Active,3,25,2014-11-04 22:50:06.981316,69116
22810986,310,Active,8,27,2014-11-04 22:50:06.986257,69116
22810987,311,Inactive,0,11,2014-11-04 22:50:06.991295,69116
22810988,312,Active,25,3,2014-11-04 22:50:06.996145,69116
22810989,313,Active,5,33,2014-11-04 22:50:07.001216,69116
22810990,314,Active,1,16,2014-11-04 22:50:07.006265,69116
22810991,315,Active,3,34,2014-11-04 22:50:07.011272,69116
22810992,316,Active,18,9,2014-11-04 22:50:07.016164,69116
22810993,317,Active,12,1,2014-11-04 22:50:07.021168,69116
22810994,318,Active,9,14,2014-11-04 22:50:07.028652,69116
22810995,319,Inactive,0,0,2014-11-04 22:50:07.034287,69116
22810996,320,Active,10,26,2014-11-04 22:50:07.039374,69116
22810997,321,Active,5,4,2014-11-04 22:50:07.044567,69116
22810998,322,Active,41,4,2014-11-04 22:50:07.049389,69116
22810999,332,Active,2,21,2014-11-04 22:50:07.05441,69116
22811000,327,Active,16,18,2014-11-04 22:50:07.059394,69116
22811001,328,Active,9,29,2014-11-04 22:50:07.064297,69116
22811002,331,Active,4,31,2014-11-04 22:50:07.069611,69116
22811003,323,Active,0,37,2014-11-04 22:50:07.074418,69116
22811004,324,Active,34,7,2014-11-04 22:50:07.079312,69116
22811005,329,Active,10,21,2014-11-04 22:50:07.084522,69116
22811006,325,Active,11,21,2014-11-04 22:50:07.089526,69116
22811007,326,Active,7,16,2014-11-04 22:50:07.094682,69116
22811008,1,Active,7,29,2014-11-04 23:00:04.969018,69117
22811009,2,Active,11,19,2014-11-04 23:00:04.98937,69117
22811010,3,Active,1,24,2014-11-04 23:00:04.993956,69117
22811011,4,Active,10,50,2014-11-04 23:00:04.998137,69117
22811012,5,Active,12,20,2014-11-04 23:00:05.003325,69117
22811013,6,Active,3,15,2014-11-04 23:00:05.021102,69117
22811014,7,Active,3,14,2014-11-04 23:00:05.029953,69117
22811015,8,Active,10,17,2014-11-04 23:00:05.035354,69117
22811016,9,Active,14,16,2014-11-04 23:00:05.040124,69117
22811017,10,Active,1,45,2014-11-04 23:00:05.04452,69117
22811018,11,Active,3,19,2014-11-04 23:00:05.059485,69117
22811019,12,Active,4,15,2014-11-04 23:00:05.063747,69117
22811020,13,Active,22,17,2014-11-04 23:00:05.071227,69117
22811021,14,Active,21,11,2014-11-04 23:00:05.076271,69117
22811022,15,Active,4,26,2014-11-04 23:00:05.081281,69117
22811023,16,Active,4,23,2014-11-04 23:00:05.095914,69117
22811024,17,Active,21,5,2014-11-04 23:00:05.100254,69117
22811025,18,Active,0,49,2014-11-04 23:00:05.104553,69117
22811026,19,Active,8,14,2014-11-04 23:00:05.133051,69117
22811027,20,Active,4,21,2014-11-04 23:00:05.137516,69117
22811028,21,Active,32,2,2014-11-04 23:00:05.141731,69117
22811029,22,Active,15,25,2014-11-04 23:00:05.14648,69117
22811030,23,Active,1,42,2014-11-04 23:00:05.15079,69117
22811031,24,Active,30,15,2014-11-04 23:00:05.16743,69117
22811032,25,Active,4,38,2014-11-04 23:00:05.171933,69117
22811033,26,Active,6,23,2014-11-04 23:00:05.176194,69117
22811034,27,Active,0,44,2014-11-04 23:00:05.180447,69117
22811035,28,Active,17,9,2014-11-04 23:00:05.184539,69117
22811036,29,Active,0,22,2014-11-04 23:00:05.188818,69117
22811037,30,Active,36,1,2014-11-04 23:00:05.20279,69117
22811038,31,Active,1,34,2014-11-04 23:00:05.206958,69117
22811039,32,Active,16,16,2014-11-04 23:00:05.211491,69117
22811040,33,Active,18,12,2014-11-04 23:00:05.216702,69117
22811041,34,Active,21,13,2014-11-04 23:00:05.222466,69117
22811042,35,Active,23,30,2014-11-04 23:00:05.227997,69117
22811043,36,Active,19,7,2014-11-04 23:00:05.240488,69117
22811044,37,Active,0,22,2014-11-04 23:00:05.246594,69117
22811045,38,Active,2,36,2014-11-04 23:00:05.250728,69117
22811046,39,Active,9,26,2014-11-04 23:00:05.254664,69117
22811047,40,Active,17,21,2014-11-04 23:00:05.258718,69117
22811048,41,Active,16,15,2014-11-04 23:00:05.262655,69117
22811049,42,Active,7,23,2014-11-04 23:00:05.266833,69117
22811050,43,Active,0,21,2014-11-04 23:00:05.270849,69117
22811051,44,Active,4,17,2014-11-04 23:00:05.274905,69117
22811052,45,Active,16,14,2014-11-04 23:00:05.278998,69117
22811053,46,Active,3,26,2014-11-04 23:00:05.283062,69117
22811054,47,Active,15,8,2014-11-04 23:00:05.287197,69117
22811055,48,Active,13,3,2014-11-04 23:00:05.291139,69117
22811056,49,Active,16,6,2014-11-04 23:00:05.295527,69117
22811057,50,Active,16,10,2014-11-04 23:00:05.299765,69117
22811058,51,Active,5,32,2014-11-04 23:00:05.30419,69117
22811059,52,Active,24,2,2014-11-04 23:00:05.308761,69117
22811060,53,Active,22,9,2014-11-04 23:00:05.313818,69117
22811061,54,Inactive,0,3,2014-11-04 23:00:05.318302,69117
22811062,55,Active,11,17,2014-11-04 23:00:05.335164,69117
22811063,56,Active,33,2,2014-11-04 23:00:05.363072,69117
22811064,57,Active,2,20,2014-11-04 23:00:05.369001,69117
22811065,58,Active,34,5,2014-11-04 23:00:05.394523,69117
22811066,59,Active,20,15,2014-11-04 23:00:05.399461,69117
22811067,60,Active,4,22,2014-11-04 23:00:05.404493,69117
22811068,61,Active,6,15,2014-11-04 23:00:05.4096,69117
22811069,62,Active,7,22,2014-11-04 23:00:05.415287,69117
22811070,63,Active,12,13,2014-11-04 23:00:05.423104,69117
22811071,64,Active,4,31,2014-11-04 23:00:05.42826,69117
22811072,65,Active,4,20,2014-11-04 23:00:05.433395,69117
22811073,66,Active,4,51,2014-11-04 23:00:05.438485,69117
22811074,67,Active,21,6,2014-11-04 23:00:05.443415,69117
22811075,68,Active,10,10,2014-11-04 23:00:05.449341,69117
22811076,69,Active,10,16,2014-11-04 23:00:05.454541,69117
22811077,70,Active,0,29,2014-11-04 23:00:05.459462,69117
22811078,71,Active,5,13,2014-11-04 23:00:05.464577,69117
22811079,72,Active,15,7,2014-11-04 23:00:05.469481,69117
22811080,73,Active,0,18,2014-11-04 23:00:05.474453,69117
22811081,74,Active,20,15,2014-11-04 23:00:05.479205,69117
22811082,75,Active,28,1,2014-11-04 23:00:05.484145,69117
22811083,76,Active,31,26,2014-11-04 23:00:05.489043,69117
22811084,77,Active,2,25,2014-11-04 23:00:05.494209,69117
22811085,78,Active,16,25,2014-11-04 23:00:05.499258,69117
22811086,79,Active,13,27,2014-11-04 23:00:05.504498,69117
22811087,80,Active,2,16,2014-11-04 23:00:05.509695,69117
22811088,81,Active,1,28,2014-11-04 23:00:05.514942,69117
22811089,82,Active,9,11,2014-11-04 23:00:05.519939,69117
22811090,83,Active,25,27,2014-11-04 23:00:05.524963,69117
22811091,84,Active,4,23,2014-11-04 23:00:05.529976,69117
22811092,85,Active,7,17,2014-11-04 23:00:05.538911,69117
22811093,86,Active,10,25,2014-11-04 23:00:05.543869,69117
22811094,87,Active,14,11,2014-11-04 23:00:05.548967,69117
22811095,88,Active,1,34,2014-11-04 23:00:05.554016,69117
22811096,89,Active,30,23,2014-11-04 23:00:05.558639,69117
22811097,90,Active,13,3,2014-11-04 23:00:05.563647,69117
22811098,91,Active,6,17,2014-11-04 23:00:05.56878,69117
22811099,92,Active,20,10,2014-11-04 23:00:05.573695,69117
22811100,93,Active,4,31,2014-11-04 23:00:05.5787,69117
22811101,94,Active,9,24,2014-11-04 23:00:05.583541,69117
22811102,95,Active,9,26,2014-11-04 23:00:05.588529,69117
22811103,96,Active,14,17,2014-11-04 23:00:05.593434,69117
22811104,97,Active,6,18,2014-11-04 23:00:05.598754,69117
22811105,98,Active,18,23,2014-11-04 23:00:05.603729,69117
22811106,99,Active,6,28,2014-11-04 23:00:05.608714,69117
22811107,100,Active,8,21,2014-11-04 23:00:05.613936,69117
22811108,101,Active,8,20,2014-11-04 23:00:05.619559,69117
22811109,102,Active,6,14,2014-11-04 23:00:05.624609,69117
22811110,103,Active,0,38,2014-11-04 23:00:05.62957,69117
22811111,104,Active,15,13,2014-11-04 23:00:05.634601,69117
22811112,105,Active,18,25,2014-11-04 23:00:05.639925,69117
22811113,106,Active,20,7,2014-11-04 23:00:05.645427,69117
22811114,107,Active,1,27,2014-11-04 23:00:05.655124,69117
22811115,108,Inactive,0,3,2014-11-04 23:00:05.660618,69117
22811116,109,Inactive,0,5,2014-11-04 23:00:05.665597,69117
22811117,110,Active,1,24,2014-11-04 23:00:05.670825,69117
22811118,111,Active,0,31,2014-11-04 23:00:05.675511,69117
22811119,112,Active,14,21,2014-11-04 23:00:05.702324,69117
22811120,113,Active,19,31,2014-11-04 23:00:05.708328,69117
22811121,114,Active,8,27,2014-11-04 23:00:05.713737,69117
22811122,115,Active,12,14,2014-11-04 23:00:05.721816,69117
22811123,116,Active,0,36,2014-11-04 23:00:05.726821,69117
22811124,117,Active,7,15,2014-11-04 23:00:05.732075,69117
22811125,118,Active,0,28,2014-11-04 23:00:05.738225,69117
22811126,119,Active,18,20,2014-11-04 23:00:05.744573,69117
22811127,120,Active,3,23,2014-11-04 23:00:05.749893,69117
22811128,121,Active,12,12,2014-11-04 23:00:05.754744,69117
22811129,122,Active,9,18,2014-11-04 23:00:05.760528,69117
22811130,123,Active,18,8,2014-11-04 23:00:05.765479,69117
22811131,124,Active,28,6,2014-11-04 23:00:05.81109,69117
22811132,125,Active,2,35,2014-11-04 23:00:05.8164,69117
22811133,126,Active,7,16,2014-11-04 23:00:05.821498,69117
22811134,127,Active,2,23,2014-11-04 23:00:05.82683,69117
22811135,128,Active,1,17,2014-11-04 23:00:05.83248,69117
22811136,129,Active,7,22,2014-11-04 23:00:05.838082,69117
22811137,130,Active,10,13,2014-11-04 23:00:05.843527,69117
22811138,131,Active,7,15,2014-11-04 23:00:05.848673,69117
22811139,132,Active,28,6,2014-11-04 23:00:05.854868,69117
22811140,133,Active,15,10,2014-11-04 23:00:05.862271,69117
22811141,134,Active,3,30,2014-11-04 23:00:05.867472,69117
22811142,135,Active,30,8,2014-11-04 23:00:05.872293,69117
22811143,136,Active,5,16,2014-11-04 23:00:05.877219,69117
22811144,137,Active,10,17,2014-11-04 23:00:05.882195,69117
22811145,138,Active,4,34,2014-11-04 23:00:05.888088,69117
22811146,139,Active,10,26,2014-11-04 23:00:05.893106,69117
22811147,140,Active,3,22,2014-11-04 23:00:05.897853,69117
22811148,141,Active,1,29,2014-11-04 23:00:05.903011,69117
22811149,142,Active,30,10,2014-11-04 23:00:05.907959,69117
22811150,143,Active,2,21,2014-11-04 23:00:05.912869,69117
22811151,144,Active,10,15,2014-11-04 23:00:05.91782,69117
22811152,145,Active,20,14,2014-11-04 23:00:05.922774,69117
22811153,146,Active,2,52,2014-11-04 23:00:05.928634,69117
22811154,147,Active,4,35,2014-11-04 23:00:05.933829,69117
22811155,148,Active,2,41,2014-11-04 23:00:05.938965,69117
22811156,149,Active,1,54,2014-11-04 23:00:05.943968,69117
22811157,150,Active,6,41,2014-11-04 23:00:05.949048,69117
22811158,151,Active,2,23,2014-11-04 23:00:05.954748,69117
22811159,152,Active,2,27,2014-11-04 23:00:05.959496,69117
22811160,153,Active,14,19,2014-11-04 23:00:05.964261,69117
22811161,154,Active,2,31,2014-11-04 23:00:05.971027,69117
22811162,155,Active,15,19,2014-11-04 23:00:05.975774,69117
22811163,156,Active,19,12,2014-11-04 23:00:05.980645,69117
22811164,157,Active,2,24,2014-11-04 23:00:05.985677,69117
22811165,158,Active,13,5,2014-11-04 23:00:05.99048,69117
22811166,159,Active,18,10,2014-11-04 23:00:05.995954,69117
22811167,160,Active,2,41,2014-11-04 23:00:06.001156,69117
22811168,161,Active,34,11,2014-11-04 23:00:06.006202,69117
22811169,162,Active,1,39,2014-11-04 23:00:06.011037,69117
22811170,163,Active,25,13,2014-11-04 23:00:06.01565,69117
22811171,164,Active,26,6,2014-11-04 23:00:06.020711,69117
22811172,165,Active,13,25,2014-11-04 23:00:06.025483,69117
22811173,166,Active,9,21,2014-11-04 23:00:06.031231,69117
22811174,167,Active,9,18,2014-11-04 23:00:06.036581,69117
22811175,168,Active,18,23,2014-11-04 23:00:06.063761,69117
22811176,169,Active,2,34,2014-11-04 23:00:06.06947,69117
22811177,170,Active,1,25,2014-11-04 23:00:06.074409,69117
22811178,171,Active,1,26,2014-11-04 23:00:06.079291,69117
22811179,172,Active,4,27,2014-11-04 23:00:06.084398,69117
22811180,173,Active,0,31,2014-11-04 23:00:06.089694,69117
22811181,174,Active,19,11,2014-11-04 23:00:06.094622,69117
22811182,175,Active,12,18,2014-11-04 23:00:06.099806,69117
22811183,176,Active,10,21,2014-11-04 23:00:06.107258,69117
22811184,177,Active,4,26,2014-11-04 23:00:06.112432,69117
22811185,178,Active,0,23,2014-11-04 23:00:06.117592,69117
22811186,179,Active,3,24,2014-11-04 23:00:06.122805,69117
22811187,180,Active,2,29,2014-11-04 23:00:06.128,69117
22811188,181,Active,1,26,2014-11-04 23:00:06.133046,69117
22811189,182,Active,3,11,2014-11-04 23:00:06.137886,69117
22811190,183,Active,11,31,2014-11-04 23:00:06.142807,69117
22811191,184,Active,14,26,2014-11-04 23:00:06.148009,69117
22811192,185,Active,15,14,2014-11-04 23:00:06.179327,69117
22811193,186,Active,27,11,2014-11-04 23:00:06.1844,69117
22811194,187,Active,24,16,2014-11-04 23:00:06.189301,69117
22811195,188,Active,2,32,2014-11-04 23:00:06.193913,69117
22811196,189,Active,4,38,2014-11-04 23:00:06.198823,69117
22811197,190,Active,2,21,2014-11-04 23:00:06.203696,69117
22811198,191,Active,1,18,2014-11-04 23:00:06.208315,69117
22811199,192,Active,6,28,2014-11-04 23:00:06.213358,69117
22811200,193,Active,6,16,2014-11-04 23:00:06.218303,69117
22811201,194,Active,6,21,2014-11-04 23:00:06.222955,69117
22811202,195,Active,15,9,2014-11-04 23:00:06.227822,69117
22811203,196,Active,7,30,2014-11-04 23:00:06.232797,69117
22811204,197,Active,4,27,2014-11-04 23:00:06.237629,69117
22811205,198,Active,3,17,2014-11-04 23:00:06.242542,69117
22811206,199,Active,5,18,2014-11-04 23:00:06.251121,69117
22811207,200,Active,2,21,2014-11-04 23:00:06.256158,69117
22811208,201,Active,7,14,2014-11-04 23:00:06.260957,69117
22811209,202,Active,3,14,2014-11-04 23:00:06.265813,69117
22811210,203,Active,10,45,2014-11-04 23:00:06.270649,69117
22811211,204,Active,2,36,2014-11-04 23:00:06.275545,69117
22811212,205,Active,0,26,2014-11-04 23:00:06.280719,69117
22811213,206,Active,36,11,2014-11-04 23:00:06.285661,69117
22811214,207,Active,10,20,2014-11-04 23:00:06.290859,69117
22811215,208,Active,20,6,2014-11-04 23:00:06.295701,69117
22811216,209,Active,1,29,2014-11-04 23:00:06.300696,69117
22811217,210,Active,15,15,2014-11-04 23:00:06.305567,69117
22811218,211,Active,14,25,2014-11-04 23:00:06.310488,69117
22811219,212,Active,11,10,2014-11-04 23:00:06.315365,69117
22811220,213,Active,28,17,2014-11-04 23:00:06.320242,69117
22811221,214,Active,0,26,2014-11-04 23:00:06.325371,69117
22811222,215,Active,1,22,2014-11-04 23:00:06.330427,69117
22811223,216,Active,10,11,2014-11-04 23:00:06.335387,69117
22811224,217,Active,6,29,2014-11-04 23:00:06.340235,69117
22811225,218,Active,2,27,2014-11-04 23:00:06.345109,69117
22811226,219,Active,7,26,2014-11-04 23:00:06.349931,69117
22811227,220,Active,27,21,2014-11-04 23:00:06.354823,69117
22811228,221,Active,0,23,2014-11-04 23:00:06.362285,69117
22811229,222,Active,18,34,2014-11-04 23:00:06.367202,69117
22811230,223,Active,20,21,2014-11-04 23:00:06.371867,69117
22811231,224,Active,8,28,2014-11-04 23:00:06.399037,69117
22811232,225,Active,7,20,2014-11-04 23:00:06.405434,69117
22811233,226,Active,2,28,2014-11-04 23:00:06.411906,69117
22811234,227,Active,4,27,2014-11-04 23:00:06.418537,69117
22811235,228,Active,2,55,2014-11-04 23:00:06.423703,69117
22811236,229,Active,21,17,2014-11-04 23:00:06.429267,69117
22811237,230,Active,9,25,2014-11-04 23:00:06.434659,69117
22811238,231,Active,0,37,2014-11-04 23:00:06.43971,69117
22811239,232,Active,0,35,2014-11-04 23:00:06.445495,69117
22811240,233,Active,9,27,2014-11-04 23:00:06.45057,69117
22811241,234,Active,1,28,2014-11-04 23:00:06.455947,69117
22811242,235,Active,37,11,2014-11-04 23:00:06.461127,69117
22811243,236,Active,1,20,2014-11-04 23:00:06.46637,69117
22811244,237,Active,8,30,2014-11-04 23:00:06.471619,69117
22811245,238,Active,31,13,2014-11-04 23:00:06.477069,69117
22811246,239,Active,1,15,2014-11-04 23:00:06.51285,69117
22811247,240,Active,33,25,2014-11-04 23:00:06.518132,69117
22811248,241,Active,33,6,2014-11-04 23:00:06.52316,69117
22811249,242,Active,17,15,2014-11-04 23:00:06.528348,69117
22811250,243,Active,13,18,2014-11-04 23:00:06.534858,69117
22811251,244,Active,1,55,2014-11-04 23:00:06.540009,69117
22811252,245,Active,7,48,2014-11-04 23:00:06.545068,69117
22811253,246,Active,4,29,2014-11-04 23:00:06.550254,69117
22811254,247,Active,4,25,2014-11-04 23:00:06.554973,69117
22811255,248,Active,5,34,2014-11-04 23:00:06.559777,69117
22811256,249,Active,2,37,2014-11-04 23:00:06.564551,69117
22811257,250,Active,17,27,2014-11-04 23:00:06.569467,69117
22811258,251,Active,12,25,2014-11-04 23:00:06.57469,69117
22811259,252,Active,6,37,2014-11-04 23:00:06.579452,69117
22811260,253,Active,22,34,2014-11-04 23:00:06.584647,69117
22811261,254,Active,10,16,2014-11-04 23:00:06.589696,69117
22811262,255,Active,17,11,2014-11-04 23:00:06.595023,69117
22811263,256,Active,10,14,2014-11-04 23:00:06.599816,69117
22811264,257,Active,5,19,2014-11-04 23:00:06.604937,69117
22811265,258,Active,24,14,2014-11-04 23:00:06.609783,69117
22811266,259,Active,12,22,2014-11-04 23:00:06.614922,69117
22811267,260,Active,1,42,2014-11-04 23:00:06.620249,69117
22811268,261,Active,3,35,2014-11-04 23:00:06.626796,69117
22811269,262,Active,14,22,2014-11-04 23:00:06.631782,69117
22811270,263,Active,12,22,2014-11-04 23:00:06.636891,69117
22811271,264,Active,36,5,2014-11-04 23:00:06.641785,69117
22811272,265,Active,14,19,2014-11-04 23:00:06.646792,69117
22811273,266,Active,41,17,2014-11-04 23:00:06.65519,69117
22811274,267,Active,0,52,2014-11-04 23:00:06.660326,69117
22811275,268,Active,47,1,2014-11-04 23:00:06.665338,69117
22811276,269,Active,0,33,2014-11-04 23:00:06.67018,69117
22811277,270,Active,28,4,2014-11-04 23:00:06.675162,69117
22811278,271,Active,8,17,2014-11-04 23:00:06.680209,69117
22811279,272,Active,23,22,2014-11-04 23:00:06.685224,69117
22811280,273,Active,20,38,2014-11-04 23:00:06.690414,69117
22811281,274,Active,14,10,2014-11-04 23:00:06.695566,69117
22811282,275,Active,27,8,2014-11-04 23:00:06.700681,69117
22811283,276,Active,4,41,2014-11-04 23:00:06.705653,69117
22811284,277,Active,31,11,2014-11-04 23:00:06.710864,69117
22811285,330,Active,8,21,2014-11-04 23:00:06.715829,69117
22811286,278,Active,7,21,2014-11-04 23:00:06.720958,69117
22811287,279,Active,29,13,2014-11-04 23:00:06.749497,69117
22811288,280,Active,27,8,2014-11-04 23:00:06.754784,69117
22811289,281,Active,4,42,2014-11-04 23:00:06.759807,69117
22811290,282,Active,1,22,2014-11-04 23:00:06.765053,69117
22811291,283,Active,15,16,2014-11-04 23:00:06.770303,69117
22811292,284,Active,1,50,2014-11-04 23:00:06.775246,69117
22811293,285,Active,18,14,2014-11-04 23:00:06.780482,69117
22811294,286,Active,14,11,2014-11-04 23:00:06.78574,69117
22811295,287,Active,4,21,2014-11-04 23:00:06.791324,69117
22811296,288,Active,22,25,2014-11-04 23:00:06.79631,69117
22811297,289,Active,27,4,2014-11-04 23:00:06.80167,69117
22811298,290,Active,7,22,2014-11-04 23:00:06.806753,69117
22811299,291,Active,32,20,2014-11-04 23:00:06.811667,69117
22811300,292,Active,4,34,2014-11-04 23:00:06.816628,69117
22811301,293,Active,21,36,2014-11-04 23:00:06.821658,69117
22811302,294,Active,0,39,2014-11-04 23:00:06.846125,69117
22811303,295,Active,55,12,2014-11-04 23:00:06.85223,69117
22811304,296,Active,14,36,2014-11-04 23:00:06.857339,69117
22811305,297,Active,31,14,2014-11-04 23:00:06.8671,69117
22811306,298,Active,13,44,2014-11-04 23:00:06.872004,69117
22811307,299,Active,2,34,2014-11-04 23:00:06.876787,69117
22811308,300,Active,4,34,2014-11-04 23:00:06.881877,69117
22811309,301,Inactive,0,31,2014-11-04 23:00:06.886839,69117
22811310,302,Active,9,27,2014-11-04 23:00:06.89178,69117
22811311,303,Active,17,23,2014-11-04 23:00:06.896744,69117
22811312,304,Active,4,32,2014-11-04 23:00:06.901861,69117
22811313,305,Active,4,31,2014-11-04 23:00:06.906609,69117
22811314,306,Active,7,32,2014-11-04 23:00:06.911368,69117
22811315,307,Active,1,48,2014-11-04 23:00:06.916294,69117
22811316,308,Active,1,26,2014-11-04 23:00:06.921006,69117
22811317,309,Active,4,24,2014-11-04 23:00:06.926996,69117
22811318,310,Active,10,25,2014-11-04 23:00:06.931871,69117
22811319,311,Inactive,0,11,2014-11-04 23:00:06.936538,69117
22811320,312,Active,25,3,2014-11-04 23:00:06.941448,69117
22811321,313,Active,4,34,2014-11-04 23:00:06.946057,69117
22811322,314,Active,3,14,2014-11-04 23:00:06.950844,69117
22811323,315,Active,3,34,2014-11-04 23:00:06.956218,69117
22811324,316,Active,17,10,2014-11-04 23:00:06.961084,69117
22811325,317,Active,12,1,2014-11-04 23:00:06.965887,69117
22811326,318,Active,9,14,2014-11-04 23:00:06.970781,69117
22811327,319,Inactive,0,0,2014-11-04 23:00:06.975451,69117
22811328,320,Active,9,27,2014-11-04 23:00:06.980502,69117
22811329,321,Active,5,4,2014-11-04 23:00:06.985544,69117
22811330,322,Active,41,4,2014-11-04 23:00:06.990354,69117
22811331,332,Active,4,19,2014-11-04 23:00:06.995987,69117
22811332,327,Active,15,19,2014-11-04 23:00:07.000881,69117
22811333,328,Active,10,28,2014-11-04 23:00:07.006197,69117
22811334,331,Active,5,30,2014-11-04 23:00:07.011227,69117
22811335,323,Active,0,37,2014-11-04 23:00:07.016383,69117
22811336,324,Active,31,10,2014-11-04 23:00:07.021451,69117
22811337,329,Active,13,18,2014-11-04 23:00:07.026376,69117
22811338,325,Active,6,25,2014-11-04 23:00:07.031277,69117
22811339,326,Active,7,16,2014-11-04 23:00:07.037098,69117
22811340,1,Active,9,27,2014-11-04 23:10:04.759907,69118
22811341,2,Active,10,20,2014-11-04 23:10:04.771071,69118
22811342,3,Active,0,25,2014-11-04 23:10:04.775267,69118
22811343,4,Active,9,51,2014-11-04 23:10:04.779544,69118
22811344,5,Active,13,19,2014-11-04 23:10:04.783691,69118
22811345,6,Active,3,15,2014-11-04 23:10:04.788502,69118
22811346,7,Active,4,13,2014-11-04 23:10:04.792596,69118
22811347,8,Active,2,25,2014-11-04 23:10:04.797054,69118
22811348,9,Active,13,17,2014-11-04 23:10:04.801173,69118
22811349,10,Active,1,45,2014-11-04 23:10:04.809662,69118
22811350,11,Active,3,19,2014-11-04 23:10:04.813855,69118
22811351,12,Active,5,14,2014-11-04 23:10:04.81809,69118
22811352,13,Active,21,18,2014-11-04 23:10:04.822507,69118
22811353,14,Active,20,12,2014-11-04 23:10:04.826634,69118
22811354,15,Active,9,21,2014-11-04 23:10:04.830721,69118
22811355,16,Active,0,27,2014-11-04 23:10:04.834807,69118
22811356,17,Active,21,5,2014-11-04 23:10:04.8389,69118
22811357,18,Active,0,49,2014-11-04 23:10:04.842975,69118
22811358,19,Active,10,12,2014-11-04 23:10:04.847182,69118
22811359,20,Active,5,20,2014-11-04 23:10:04.853384,69118
22811360,21,Active,32,2,2014-11-04 23:10:04.857687,69118
22811361,22,Active,10,30,2014-11-04 23:10:04.862329,69118
22811362,23,Active,1,44,2014-11-04 23:10:04.866375,69118
22811363,24,Active,24,20,2014-11-04 23:10:04.871305,69118
22811364,25,Active,1,41,2014-11-04 23:10:04.875824,69118
22811365,26,Active,7,22,2014-11-04 23:10:04.880049,69118
22811366,27,Active,1,43,2014-11-04 23:10:04.884226,69118
22811367,28,Active,16,10,2014-11-04 23:10:04.888485,69118
22811368,29,Active,0,22,2014-11-04 23:10:04.893274,69118
22811369,30,Active,36,1,2014-11-04 23:10:04.897413,69118
22811370,31,Active,1,34,2014-11-04 23:10:04.902399,69118
22811371,32,Active,17,15,2014-11-04 23:10:04.906599,69118
22811372,33,Active,19,11,2014-11-04 23:10:04.911121,69118
22811373,34,Active,20,14,2014-11-04 23:10:04.915261,69118
22811374,35,Active,19,34,2014-11-04 23:10:04.919741,69118
22811375,36,Active,13,12,2014-11-04 23:10:04.924074,69118
22811376,37,Active,0,22,2014-11-04 23:10:04.92828,69118
22811377,38,Active,2,36,2014-11-04 23:10:04.93264,69118
22811378,39,Active,10,25,2014-11-04 23:10:04.937193,69118
22811379,40,Active,18,20,2014-11-04 23:10:04.941561,69118
22811380,41,Active,17,14,2014-11-04 23:10:04.946113,69118
22811381,42,Active,5,25,2014-11-04 23:10:04.953063,69118
22811382,43,Active,1,20,2014-11-04 23:10:04.95733,69118
22811383,44,Active,4,17,2014-11-04 23:10:04.961524,69118
22811384,45,Active,17,13,2014-11-04 23:10:04.966356,69118
22811385,46,Active,4,25,2014-11-04 23:10:04.9708,69118
22811386,47,Active,14,9,2014-11-04 23:10:04.97633,69118
22811387,48,Active,15,1,2014-11-04 23:10:04.980563,69118
22811388,49,Active,16,6,2014-11-04 23:10:04.984812,69118
22811389,50,Active,12,14,2014-11-04 23:10:04.988902,69118
22811390,51,Active,1,36,2014-11-04 23:10:04.993125,69118
22811391,52,Active,22,4,2014-11-04 23:10:04.997265,69118
22811392,53,Active,22,9,2014-11-04 23:10:05.002944,69118
22811393,54,Inactive,0,3,2014-11-04 23:10:05.007702,69118
22811394,55,Active,13,15,2014-11-04 23:10:05.013293,69118
22811395,56,Active,29,5,2014-11-04 23:10:05.055072,69118
22811396,57,Active,2,20,2014-11-04 23:10:05.061036,69118
22811397,58,Active,27,12,2014-11-04 23:10:05.066405,69118
22811398,59,Active,20,15,2014-11-04 23:10:05.071335,69118
22811399,60,Active,4,22,2014-11-04 23:10:05.076422,69118
22811400,61,Active,6,15,2014-11-04 23:10:05.081568,69118
22811401,62,Active,7,22,2014-11-04 23:10:05.086469,69118
22811402,63,Active,11,14,2014-11-04 23:10:05.091548,69118
22811403,64,Active,4,31,2014-11-04 23:10:05.096676,69118
22811404,65,Active,4,20,2014-11-04 23:10:05.101724,69118
22811405,66,Active,2,53,2014-11-04 23:10:05.107064,69118
22811406,67,Active,20,7,2014-11-04 23:10:05.113634,69118
22811407,68,Active,15,5,2014-11-04 23:10:05.119157,69118
22811408,69,Active,12,14,2014-11-04 23:10:05.1256,69118
22811409,70,Active,0,29,2014-11-04 23:10:05.130698,69118
22811410,71,Active,5,13,2014-11-04 23:10:05.135591,69118
22811411,72,Active,12,10,2014-11-04 23:10:05.140664,69118
22811412,73,Active,1,17,2014-11-04 23:10:05.14576,69118
22811413,74,Active,20,15,2014-11-04 23:10:05.150583,69118
22811414,75,Active,28,1,2014-11-04 23:10:05.155352,69118
22811415,76,Active,31,26,2014-11-04 23:10:05.160222,69118
22811416,77,Active,2,25,2014-11-04 23:10:05.165228,69118
22811417,78,Active,14,27,2014-11-04 23:10:05.170377,69118
22811418,79,Active,8,32,2014-11-04 23:10:05.176003,69118
22811419,80,Active,3,15,2014-11-04 23:10:05.180864,69118
22811420,81,Active,1,28,2014-11-04 23:10:05.187036,69118
22811421,82,Active,10,10,2014-11-04 23:10:05.192686,69118
22811422,83,Active,24,28,2014-11-04 23:10:05.197923,69118
22811423,84,Active,1,26,2014-11-04 23:10:05.202927,69118
22811424,85,Active,9,15,2014-11-04 23:10:05.207756,69118
22811425,86,Active,11,24,2014-11-04 23:10:05.212769,69118
22811426,87,Active,14,11,2014-11-04 23:10:05.217771,69118
22811427,88,Active,1,34,2014-11-04 23:10:05.222815,69118
22811428,89,Active,30,23,2014-11-04 23:10:05.22765,69118
22811429,90,Active,12,4,2014-11-04 23:10:05.232645,69118
22811430,91,Active,6,17,2014-11-04 23:10:05.242182,69118
22811431,92,Active,22,8,2014-11-04 23:10:05.247404,69118
22811432,93,Active,3,32,2014-11-04 23:10:05.253932,69118
22811433,94,Active,5,27,2014-11-04 23:10:05.260425,69118
22811434,95,Active,6,29,2014-11-04 23:10:05.266524,69118
22811435,96,Active,10,21,2014-11-04 23:10:05.27154,69118
22811436,97,Active,8,16,2014-11-04 23:10:05.276851,69118
22811437,98,Active,16,25,2014-11-04 23:10:05.282676,69118
22811438,99,Active,9,25,2014-11-04 23:10:05.287631,69118
22811439,100,Active,8,21,2014-11-04 23:10:05.292705,69118
22811440,101,Active,9,19,2014-11-04 23:10:05.297808,69118
22811441,102,Active,6,14,2014-11-04 23:10:05.30291,69118
22811442,103,Active,0,38,2014-11-04 23:10:05.308066,69118
22811443,104,Active,16,12,2014-11-04 23:10:05.313112,69118
22811444,105,Active,19,24,2014-11-04 23:10:05.318394,69118
22811445,106,Active,18,9,2014-11-04 23:10:05.323356,69118
22811446,107,Active,3,25,2014-11-04 23:10:05.330176,69118
22811447,108,Inactive,0,3,2014-11-04 23:10:05.335628,69118
22811448,109,Inactive,0,5,2014-11-04 23:10:05.340713,69118
22811449,110,Active,1,24,2014-11-04 23:10:05.345748,69118
22811450,111,Active,0,31,2014-11-04 23:10:05.350398,69118
22811451,112,Active,15,20,2014-11-04 23:10:05.377887,69118
22811452,113,Active,18,32,2014-11-04 23:10:05.38612,69118
22811453,114,Active,10,25,2014-11-04 23:10:05.391423,69118
22811454,115,Active,13,13,2014-11-04 23:10:05.396795,69118
22811455,116,Active,4,32,2014-11-04 23:10:05.402506,69118
22811456,117,Active,4,18,2014-11-04 23:10:05.407993,69118
22811457,118,Active,2,26,2014-11-04 23:10:05.413259,69118
22811458,119,Active,18,20,2014-11-04 23:10:05.418349,69118
22811459,120,Active,5,21,2014-11-04 23:10:05.423439,69118
22811460,121,Active,15,9,2014-11-04 23:10:05.42848,69118
22811461,122,Active,13,14,2014-11-04 23:10:05.433697,69118
22811462,123,Active,18,8,2014-11-04 23:10:05.438655,69118
22811463,124,Active,32,2,2014-11-04 23:10:05.443503,69118
22811464,125,Active,2,35,2014-11-04 23:10:05.448627,69118
22811465,126,Active,8,15,2014-11-04 23:10:05.453524,69118
22811466,127,Active,4,21,2014-11-04 23:10:05.458488,69118
22811467,128,Active,1,17,2014-11-04 23:10:05.463565,69118
22811468,129,Active,8,21,2014-11-04 23:10:05.468687,69118
22811469,130,Active,10,13,2014-11-04 23:10:05.47447,69118
22811470,131,Active,7,15,2014-11-04 23:10:05.479991,69118
22811471,132,Active,25,9,2014-11-04 23:10:05.48524,69118
22811472,133,Active,14,11,2014-11-04 23:10:05.490685,69118
22811473,134,Active,1,32,2014-11-04 23:10:05.49579,69118
22811474,135,Active,32,6,2014-11-04 23:10:05.501295,69118
22811475,136,Active,6,15,2014-11-04 23:10:05.506004,69118
22811476,137,Active,11,16,2014-11-04 23:10:05.511416,69118
22811477,138,Active,3,35,2014-11-04 23:10:05.516333,69118
22811478,139,Active,6,30,2014-11-04 23:10:05.521712,69118
22811479,140,Active,4,21,2014-11-04 23:10:05.527162,69118
22811480,141,Active,2,28,2014-11-04 23:10:05.531913,69118
22811481,142,Active,31,9,2014-11-04 23:10:05.537065,69118
22811482,143,Active,2,21,2014-11-04 23:10:05.542422,69118
22811483,144,Active,12,13,2014-11-04 23:10:05.547208,69118
22811484,145,Active,20,13,2014-11-04 23:10:05.552254,69118
22811485,146,Active,1,53,2014-11-04 23:10:05.557151,69118
22811486,147,Active,2,37,2014-11-04 23:10:05.562317,69118
22811487,148,Active,5,38,2014-11-04 23:10:05.568636,69118
22811488,149,Active,1,54,2014-11-04 23:10:05.574779,69118
22811489,150,Active,6,41,2014-11-04 23:10:05.579694,69118
22811490,151,Active,2,23,2014-11-04 23:10:05.584856,69118
22811491,152,Active,2,27,2014-11-04 23:10:05.590554,69118
22811492,153,Active,12,21,2014-11-04 23:10:05.595545,69118
22811493,154,Active,0,33,2014-11-04 23:10:05.600732,69118
22811494,155,Active,17,16,2014-11-04 23:10:05.606537,69118
22811495,156,Active,19,12,2014-11-04 23:10:05.611196,69118
22811496,157,Active,2,24,2014-11-04 23:10:05.616678,69118
22811497,158,Active,12,6,2014-11-04 23:10:05.621576,69118
22811498,159,Active,18,10,2014-11-04 23:10:05.627301,69118
22811499,160,Active,3,40,2014-11-04 23:10:05.632072,69118
22811500,161,Active,33,12,2014-11-04 23:10:05.637696,69118
22811501,162,Active,37,3,2014-11-04 23:10:05.642686,69118
22811502,163,Active,23,15,2014-11-04 23:10:05.647503,69118
22811503,164,Active,26,6,2014-11-04 23:10:05.652551,69118
22811504,165,Active,15,23,2014-11-04 23:10:05.657692,69118
22811505,166,Active,9,21,2014-11-04 23:10:05.662662,69118
22811506,167,Active,10,17,2014-11-04 23:10:05.667798,69118
22811507,168,Active,23,18,2014-11-04 23:10:05.695635,69118
22811508,169,Active,0,36,2014-11-04 23:10:05.70209,69118
22811509,170,Active,1,25,2014-11-04 23:10:05.708949,69118
22811510,171,Active,2,25,2014-11-04 23:10:05.71434,69118
22811511,172,Active,5,26,2014-11-04 23:10:05.720752,69118
22811512,173,Active,0,31,2014-11-04 23:10:05.725764,69118
22811513,174,Active,18,12,2014-11-04 23:10:05.730877,69118
22811514,175,Active,11,19,2014-11-04 23:10:05.736838,69118
22811515,176,Active,15,16,2014-11-04 23:10:05.741897,69118
22811516,177,Active,4,26,2014-11-04 23:10:05.746928,69118
22811517,178,Active,0,23,2014-11-04 23:10:05.751893,69118
22811518,179,Active,3,24,2014-11-04 23:10:05.757345,69118
22811519,180,Active,2,29,2014-11-04 23:10:05.762286,69118
22811520,181,Active,1,26,2014-11-04 23:10:05.767263,69118
22811521,182,Active,4,10,2014-11-04 23:10:05.771932,69118
22811522,183,Active,15,27,2014-11-04 23:10:05.776822,69118
22811523,184,Active,7,33,2014-11-04 23:10:05.781653,69118
22811524,185,Active,13,16,2014-11-04 23:10:05.786706,69118
22811525,186,Active,27,11,2014-11-04 23:10:05.791614,69118
22811526,187,Active,31,9,2014-11-04 23:10:05.796428,69118
22811527,188,Active,2,32,2014-11-04 23:10:05.801283,69118
22811528,189,Active,4,38,2014-11-04 23:10:05.805979,69118
22811529,190,Active,4,19,2014-11-04 23:10:05.811717,69118
22811530,191,Active,1,18,2014-11-04 23:10:05.816665,69118
22811531,192,Active,5,29,2014-11-04 23:10:05.821523,69118
22811532,193,Active,6,16,2014-11-04 23:10:05.826607,69118
22811533,194,Active,6,21,2014-11-04 23:10:05.832152,69118
22811534,195,Active,15,9,2014-11-04 23:10:05.837306,69118
22811535,196,Active,5,32,2014-11-04 23:10:05.842621,69118
22811536,197,Active,3,28,2014-11-04 23:10:05.847715,69118
22811537,198,Active,2,18,2014-11-04 23:10:05.852725,69118
22811538,199,Active,5,18,2014-11-04 23:10:05.861707,69118
22811539,200,Active,2,21,2014-11-04 23:10:05.866705,69118
22811540,201,Active,7,14,2014-11-04 23:10:05.871507,69118
22811541,202,Active,3,14,2014-11-04 23:10:05.876741,69118
22811542,203,Active,15,40,2014-11-04 23:10:05.881939,69118
22811543,204,Active,2,36,2014-11-04 23:10:05.886803,69118
22811544,205,Active,3,23,2014-11-04 23:10:05.891833,69118
22811545,206,Active,35,12,2014-11-04 23:10:05.89701,69118
22811546,207,Active,12,18,2014-11-04 23:10:05.901998,69118
22811547,208,Active,16,10,2014-11-04 23:10:05.907004,69118
22811548,209,Active,1,29,2014-11-04 23:10:05.912077,69118
22811549,210,Active,16,14,2014-11-04 23:10:05.917105,69118
22811550,211,Active,14,25,2014-11-04 23:10:05.922587,69118
22811551,212,Active,13,8,2014-11-04 23:10:05.927498,69118
22811552,213,Active,23,22,2014-11-04 23:10:05.932837,69118
22811553,214,Active,0,26,2014-11-04 23:10:05.937769,69118
22811554,215,Active,2,21,2014-11-04 23:10:05.942774,69118
22811555,216,Active,11,10,2014-11-04 23:10:05.947812,69118
22811556,217,Active,8,27,2014-11-04 23:10:05.952726,69118
22811557,218,Active,2,27,2014-11-04 23:10:05.957716,69118
22811558,219,Active,8,25,2014-11-04 23:10:05.96282,69118
22811559,220,Active,22,26,2014-11-04 23:10:05.967859,69118
22811560,221,Active,0,23,2014-11-04 23:10:05.973684,69118
22811561,222,Active,9,43,2014-11-04 23:10:05.979925,69118
22811562,223,Active,23,18,2014-11-04 23:10:05.985082,69118
22811563,224,Active,7,29,2014-11-04 23:10:06.014214,69118
22811564,225,Active,7,20,2014-11-04 23:10:06.020262,69118
22811565,226,Active,1,29,2014-11-04 23:10:06.025577,69118
22811566,227,Active,6,25,2014-11-04 23:10:06.030711,69118
22811567,228,Active,6,51,2014-11-04 23:10:06.035676,69118
22811568,229,Active,23,15,2014-11-04 23:10:06.040602,69118
22811569,230,Active,9,25,2014-11-04 23:10:06.045979,69118
22811570,231,Active,0,37,2014-11-04 23:10:06.050992,69118
22811571,232,Active,0,35,2014-11-04 23:10:06.055831,69118
22811572,233,Active,9,27,2014-11-04 23:10:06.060825,69118
22811573,234,Active,1,28,2014-11-04 23:10:06.065878,69118
22811574,235,Active,34,14,2014-11-04 23:10:06.070753,69118
22811575,236,Active,1,20,2014-11-04 23:10:06.07573,69118
22811576,237,Active,7,31,2014-11-04 23:10:06.080467,69118
22811577,238,Active,32,12,2014-11-04 23:10:06.085463,69118
22811578,239,Active,1,15,2014-11-04 23:10:06.09039,69118
22811579,240,Active,29,29,2014-11-04 23:10:06.09542,69118
22811580,241,Active,32,7,2014-11-04 23:10:06.100941,69118
22811581,242,Active,10,22,2014-11-04 23:10:06.106298,69118
22811582,243,Active,14,17,2014-11-04 23:10:06.111349,69118
22811583,244,Active,1,55,2014-11-04 23:10:06.116381,69118
22811584,245,Active,5,50,2014-11-04 23:10:06.121518,69118
22811585,246,Active,5,28,2014-11-04 23:10:06.126542,69118
22811586,247,Active,4,25,2014-11-04 23:10:06.131305,69118
22811587,248,Active,0,39,2014-11-04 23:10:06.136339,69118
22811588,249,Active,2,37,2014-11-04 23:10:06.141946,69118
22811589,250,Active,13,31,2014-11-04 23:10:06.146687,69118
22811590,251,Active,12,25,2014-11-04 23:10:06.151664,69118
22811591,252,Active,6,37,2014-11-04 23:10:06.156782,69118
22811592,253,Active,23,33,2014-11-04 23:10:06.161602,69118
22811593,254,Active,13,13,2014-11-04 23:10:06.166671,69118
22811594,255,Active,20,8,2014-11-04 23:10:06.171552,69118
22811595,256,Active,15,9,2014-11-04 23:10:06.176929,69118
22811596,257,Active,5,19,2014-11-04 23:10:06.182266,69118
22811597,258,Active,24,14,2014-11-04 23:10:06.18719,69118
22811598,259,Active,11,23,2014-11-04 23:10:06.193487,69118
