id,station_id,status,available_bike_count,available_dock_count,created_at,station_summary_id
7148467,289,Active,31,4,2013-12-11 08:40:07.97976,21844
7148468,290,Active,11,28,2013-12-11 08:40:07.988123,21844
7148469,291,Active,18,41,2013-12-11 08:40:07.993597,21844
7148470,292,Active,19,19,2013-12-11 08:40:07.998961,21844
7148471,293,Active,38,21,2013-12-11 08:40:08.004176,21844
7148472,294,Active,0,39,2013-12-11 08:40:08.04039,21844
7148473,295,Active,62,4,2013-12-11 08:40:08.047796,21844
7148474,296,Active,1,50,2013-12-11 08:40:08.053633,21844
7148475,297,Active,28,22,2013-12-11 08:40:08.059096,21844
7148476,298,Active,0,56,2013-12-11 08:40:08.064318,21844
7148477,299,Active,22,16,2013-12-11 08:40:08.071754,21844
7148478,300,Active,4,39,2013-12-11 08:40:08.077873,21844
7148479,301,Active,44,15,2013-12-11 08:40:08.113327,21844
7148480,302,Active,32,6,2013-12-11 08:40:08.118705,21844
7148481,303,Active,32,9,2013-12-11 08:40:08.124961,21844
7148482,305,Active,20,19,2013-12-11 08:40:08.130417,21844
7148483,306,Active,35,8,2013-12-11 08:40:08.135508,21844
7148484,307,Active,0,49,2013-12-11 08:40:08.140808,21844
7148485,308,Active,9,22,2013-12-11 08:40:08.150452,21844
7148486,309,Active,12,16,2013-12-11 08:40:08.185431,21844
7148487,310,Active,2,37,2013-12-11 08:40:08.191843,21844
7148488,311,Active,0,38,2013-12-11 08:40:08.19735,21844
7148489,312,Active,19,12,2013-12-11 08:40:08.203187,21844
7148490,313,Active,25,12,2013-12-11 08:40:08.209341,21844
7148491,314,Active,21,4,2013-12-11 08:40:08.214928,21844
7148492,315,Active,1,36,2013-12-11 08:40:08.220771,21844
7148493,316,Active,10,20,2013-12-11 08:40:08.259426,21844
7148494,317,Active,1,14,2013-12-11 08:40:08.270697,21844
7148495,318,Active,4,23,2013-12-11 08:40:08.28204,21844
7148496,319,Active,28,2,2013-12-11 08:40:08.287828,21844
7148497,320,Active,3,33,2013-12-11 08:40:08.293367,21844
7148498,321,Active,2,10,2013-12-11 08:40:08.327944,21844
7148499,322,Active,0,49,2013-12-11 08:40:08.335086,21844
7148500,332,Active,15,9,2013-12-11 08:40:08.340845,21844
7148501,327,Active,13,21,2013-12-11 08:40:08.346449,21844
7148502,328,Active,0,39,2013-12-11 08:40:08.351913,21844
7148503,331,Active,5,30,2013-12-11 08:40:08.357305,21844
7148504,323,Active,10,29,2013-12-11 08:40:08.362487,21844
7148505,324,Active,18,25,2013-12-11 08:40:08.367739,21844
7148506,329,Active,31,1,2013-12-11 08:40:08.400477,21844
7148507,325,Active,0,35,2013-12-11 08:40:08.407157,21844
7148508,326,Active,20,5,2013-12-11 08:40:08.413061,21844
7148509,1,Active,20,18,2013-12-11 08:50:05.384673,21845
7148510,2,Active,0,33,2013-12-11 08:50:05.395584,21845
7148511,3,Active,9,17,2013-12-11 08:50:05.400237,21845
7148512,4,Active,40,21,2013-12-11 08:50:05.404955,21845
7148513,5,Active,17,20,2013-12-11 08:50:05.40999,21845
7148514,6,Active,8,11,2013-12-11 08:50:05.414826,21845
7148515,7,Active,13,6,2013-12-11 08:50:05.419369,21845
7148516,8,Active,13,18,2013-12-11 08:50:05.423996,21845
7148517,9,Active,8,22,2013-12-11 08:50:05.428845,21845
7148518,10,Active,0,46,2013-12-11 08:50:05.434056,21845
7148519,11,Active,14,9,2013-12-11 08:50:05.439339,21845
7148520,12,Active,16,3,2013-12-11 08:50:05.443842,21845
7148521,13,Active,23,16,2013-12-11 08:50:05.448868,21845
7148522,14,Active,13,20,2013-12-11 08:50:05.455153,21845
7148523,15,Active,30,1,2013-12-11 08:50:05.460203,21845
7148524,16,Active,3,30,2013-12-11 08:50:05.465897,21845
7148525,17,Active,10,19,2013-12-11 08:50:05.471748,21845
7148526,18,Active,0,55,2013-12-11 08:50:05.476285,21845
7148527,19,Active,8,15,2013-12-11 08:50:05.481104,21845
7148528,20,Active,22,4,2013-12-11 08:50:05.485723,21845
7148529,21,Active,11,22,2013-12-11 08:50:05.490382,21845
7148530,22,Active,1,46,2013-12-11 08:50:05.494749,21845
7148531,23,Active,8,37,2013-12-11 08:50:05.500158,21845
7148532,24,Active,1,44,2013-12-11 08:50:05.504931,21845
7148533,25,Active,2,48,2013-12-11 08:50:05.509659,21845
7148534,26,Active,17,13,2013-12-11 08:50:05.514412,21845
7148535,27,Active,0,45,2013-12-11 08:50:05.519329,21845
7148536,28,Active,12,14,2013-12-11 08:50:05.527671,21845
7148537,29,Active,1,22,2013-12-11 08:50:05.533202,21845
7148538,30,Active,23,16,2013-12-11 08:50:05.538004,21845
7148539,31,Active,3,35,2013-12-11 08:50:05.542732,21845
7148540,32,Active,33,0,2013-12-11 08:50:05.54717,21845
7148541,33,Active,1,30,2013-12-11 08:50:05.551796,21845
7148542,34,Active,4,33,2013-12-11 08:50:05.556087,21845
7148543,35,Active,8,47,2013-12-11 08:50:05.560721,21845
7148544,36,Active,0,25,2013-12-11 08:50:05.565194,21845
7148545,37,Active,7,16,2013-12-11 08:50:05.569575,21845
7148546,38,Active,4,35,2013-12-11 08:50:05.578124,21845
7148547,39,Active,37,2,2013-12-11 08:50:05.584122,21845
7148548,40,Active,34,5,2013-12-11 08:50:05.589843,21845
7148549,41,Active,22,8,2013-12-11 08:50:05.594438,21845
7148550,42,Active,0,31,2013-12-11 08:50:05.598918,21845
7148551,43,Active,12,11,2013-12-11 08:50:05.603643,21845
7148552,44,Active,10,13,2013-12-11 08:50:05.610193,21845
7148553,45,Active,22,17,2013-12-11 08:50:05.614708,21845
7148554,46,Active,19,12,2013-12-11 08:50:05.619624,21845
7148555,47,Active,1,22,2013-12-11 08:50:05.625649,21845
7148556,48,Active,12,8,2013-12-11 08:50:05.631006,21845
7148557,49,Active,0,23,2013-12-11 08:50:05.635632,21845
7148558,50,Active,0,27,2013-12-11 08:50:05.64039,21845
7148559,51,Active,1,39,2013-12-11 08:50:05.644967,21845
7148560,52,Active,5,22,2013-12-11 08:50:05.649485,21845
7148561,53,Active,15,15,2013-12-11 08:50:05.65433,21845
7148562,54,Active,19,24,2013-12-11 08:50:05.660459,21845
7148563,55,Active,22,8,2013-12-11 08:50:05.667392,21845
7148564,56,Active,9,30,2013-12-11 08:50:05.697096,21845
7148565,57,Active,12,11,2013-12-11 08:50:05.702216,21845
7148566,58,Active,2,37,2013-12-11 08:50:05.708233,21845
7148567,59,Active,2,33,2013-12-11 08:50:05.716406,21845
7148568,60,Active,6,21,2013-12-11 08:50:05.722316,21845
7148569,61,Active,9,15,2013-12-11 08:50:05.73209,21845
7148570,62,Active,2,29,2013-12-11 08:50:05.738492,21845
7148571,63,Active,2,25,2013-12-11 08:50:05.744594,21845
7148572,64,Active,32,2,2013-12-11 08:50:05.750487,21845
7148573,65,Active,22,2,2013-12-11 08:50:05.756401,21845
7148574,66,Active,19,38,2013-12-11 08:50:05.764414,21845
7148575,67,Active,2,24,2013-12-11 08:50:05.771098,21845
7148576,68,Active,21,2,2013-12-11 08:50:05.777027,21845
7148577,69,Active,12,27,2013-12-11 08:50:05.782715,21845
7148578,70,Active,25,6,2013-12-11 08:50:05.788433,21845
7148579,71,Active,10,9,2013-12-11 08:50:05.795177,21845
7148580,72,Active,4,21,2013-12-11 08:50:05.806166,21845
7148581,73,Active,16,2,2013-12-11 08:50:05.81297,21845
7148582,74,Active,17,2,2013-12-11 08:50:05.81834,21845
7148583,75,Active,28,3,2013-12-11 08:50:05.824144,21845
7148584,76,Active,1,58,2013-12-11 08:50:05.829591,21845
7148585,77,Active,22,5,2013-12-11 08:50:05.835703,21845
7148586,78,Active,41,1,2013-12-11 08:50:05.841683,21845
7148587,79,Active,19,27,2013-12-11 08:50:05.847012,21845
7148588,80,Active,8,11,2013-12-11 08:50:05.855331,21845
7148589,81,Active,12,16,2013-12-11 08:50:05.862738,21845
7148590,82,Active,12,8,2013-12-11 08:50:05.868221,21845
7148591,83,Active,0,53,2013-12-11 08:50:05.873601,21845
7148592,84,Active,0,29,2013-12-11 08:50:05.878948,21845
7148593,85,Active,13,11,2013-12-11 08:50:05.884539,21845
7148594,86,Active,13,22,2013-12-11 08:50:05.889867,21845
7148595,87,Active,21,6,2013-12-11 08:50:05.895329,21845
7148596,88,Active,5,30,2013-12-11 08:50:05.900632,21845
7148597,89,Active,26,27,2013-12-11 08:50:05.908771,21845
7148598,90,Active,35,1,2013-12-11 08:50:05.91435,21845
7148599,91,Active,23,0,2013-12-11 08:50:05.92039,21845
7148600,92,Active,2,28,2013-12-11 08:50:05.925766,21845
7148601,93,Active,6,30,2013-12-11 08:50:05.931506,21845
7148602,94,Active,13,20,2013-12-11 08:50:05.937756,21845
7148603,95,Active,7,30,2013-12-11 08:50:05.943619,21845
7148604,96,Active,27,4,2013-12-11 08:50:05.949558,21845
7148605,97,Active,9,18,2013-12-11 08:50:05.957689,21845
7148606,98,Active,4,37,2013-12-11 08:50:05.96397,21845
7148607,99,Active,31,4,2013-12-11 08:50:05.970386,21845
7148608,100,Active,6,24,2013-12-11 08:50:05.977117,21845
7148609,101,Active,16,11,2013-12-11 08:50:05.983054,21845
7148610,102,Active,10,13,2013-12-11 08:50:05.988414,21845
7148611,103,Active,27,12,2013-12-11 08:50:05.994105,21845
7148612,104,Active,8,21,2013-12-11 08:50:05.999385,21845
7148613,105,Active,9,33,2013-12-11 08:50:06.005885,21845
7148614,106,Active,20,7,2013-12-11 08:50:06.015516,21845
7148615,107,Active,3,28,2013-12-11 08:50:06.022167,21845
7148616,108,Active,14,21,2013-12-11 08:50:06.033431,21845
7148617,109,Active,11,26,2013-12-11 08:50:06.038881,21845
7148618,110,Inactive,0,3,2013-12-11 08:50:06.043868,21845
7148619,111,Active,9,22,2013-12-11 08:50:06.050478,21845
7148620,112,Active,0,39,2013-12-11 08:50:06.078932,21845
7148621,113,Active,6,45,2013-12-11 08:50:06.085026,21845
7148622,114,Active,26,9,2013-12-11 08:50:06.090372,21845
7148623,115,Active,26,0,2013-12-11 08:50:06.095882,21845
7148624,116,Active,17,22,2013-12-11 08:50:06.102123,21845
7148625,117,Active,5,18,2013-12-11 08:50:06.1074,21845
7148626,118,Active,2,29,2013-12-11 08:50:06.113769,21845
7148627,119,Active,1,38,2013-12-11 08:50:06.120407,21845
7148628,120,Active,12,15,2013-12-11 08:50:06.126178,21845
7148629,121,Active,20,3,2013-12-11 08:50:06.131884,21845
7148630,122,Active,23,8,2013-12-11 08:50:06.138263,21845
7148631,123,Active,0,27,2013-12-11 08:50:06.147198,21845
7148632,124,Active,25,10,2013-12-11 08:50:06.152271,21845
7148633,125,Active,14,23,2013-12-11 08:50:06.159486,21845
7148634,126,Active,9,15,2013-12-11 08:50:06.165018,21845
7148635,127,Active,15,12,2013-12-11 08:50:06.171302,21845
7148636,128,Active,0,19,2013-12-11 08:50:06.176792,21845
7148637,129,Active,14,15,2013-12-11 08:50:06.183896,21845
7148638,130,Active,2,21,2013-12-11 08:50:06.189098,21845
7148639,131,Active,8,15,2013-12-11 08:50:06.194477,21845
7148640,132,Active,21,14,2013-12-11 08:50:06.20169,21845
7148641,133,Active,26,1,2013-12-11 08:50:06.208912,21845
7148642,134,Active,0,33,2013-12-11 08:50:06.214893,21845
7148643,135,Active,18,24,2013-12-11 08:50:06.222066,21845
7148644,136,Active,15,7,2013-12-11 08:50:06.229441,21845
7148645,137,Active,14,14,2013-12-11 08:50:06.234907,21845
7148646,138,Active,10,29,2013-12-11 08:50:06.242503,21845
7148647,139,Active,0,35,2013-12-11 08:50:06.253823,21845
7148648,140,Active,5,22,2013-12-11 08:50:06.267093,21845
7148649,141,Active,12,19,2013-12-11 08:50:06.275168,21845
7148650,142,Active,36,7,2013-12-11 08:50:06.281028,21845
7148651,143,Active,16,7,2013-12-11 08:50:06.289283,21845
7148652,144,Active,2,25,2013-12-11 08:50:06.296727,21845
7148653,145,Active,27,7,2013-12-11 08:50:06.308442,21845
7148654,146,Active,0,55,2013-12-11 08:50:06.314288,21845
7148655,147,Active,2,37,2013-12-11 08:50:06.319599,21845
7148656,148,Active,12,31,2013-12-11 08:50:06.325292,21845
7148657,149,Active,11,46,2013-12-11 08:50:06.330991,21845
7148658,150,Active,41,8,2013-12-11 08:50:06.337781,21845
7148659,151,Active,6,21,2013-12-11 08:50:06.342962,21845
7148660,152,Active,8,23,2013-12-11 08:50:06.349717,21845
7148661,153,Active,29,4,2013-12-11 08:50:06.357485,21845
7148662,154,Active,0,32,2013-12-11 08:50:06.365531,21845
7148663,155,Active,29,10,2013-12-11 08:50:06.371174,21845
7148664,156,Active,30,5,2013-12-11 08:50:06.376522,21845
7148665,157,Active,7,20,2013-12-11 08:50:06.38216,21845
7148666,158,Active,19,0,2013-12-11 08:50:06.387505,21845
7148667,159,Active,2,27,2013-12-11 08:50:06.393117,21845
7148668,160,Active,1,42,2013-12-11 08:50:06.400775,21845
7148669,161,Active,1,46,2013-12-11 08:50:06.406609,21845
7148670,162,Active,32,9,2013-12-11 08:50:06.412216,21845
7148671,163,Active,36,3,2013-12-11 08:50:06.418573,21845
7148672,164,Active,28,6,2013-12-11 08:50:06.425612,21845
7148673,165,Active,29,10,2013-12-11 08:50:06.433409,21845
7148674,166,Active,11,20,2013-12-11 08:50:06.439599,21845
7148675,167,Active,12,16,2013-12-11 08:50:06.445794,21845
7148676,168,Active,0,43,2013-12-11 08:50:06.478152,21845
7148677,169,Active,0,39,2013-12-11 08:50:06.485155,21845
7148678,170,Active,1,34,2013-12-11 08:50:06.491025,21845
7148679,171,Active,4,23,2013-12-11 08:50:06.496759,21845
7148680,172,Active,0,31,2013-12-11 08:50:06.502181,21845
7148681,173,Active,12,19,2013-12-11 08:50:06.510774,21845
7148682,174,Active,6,26,2013-12-11 08:50:06.517016,21845
7148683,175,Active,29,2,2013-12-11 08:50:06.525013,21845
7148684,176,Active,26,1,2013-12-11 08:50:06.532597,21845
7148685,177,Active,3,27,2013-12-11 08:50:06.53889,21845
7148686,178,Active,15,10,2013-12-11 08:50:06.544566,21845
7148687,179,Active,7,20,2013-12-11 08:50:06.549969,21845
7148688,180,Active,12,19,2013-12-11 08:50:06.555226,21845
7148689,181,Active,4,23,2013-12-11 08:50:06.560495,21845
7148690,182,Active,12,3,2013-12-11 08:50:06.566021,21845
7148691,183,Active,34,8,2013-12-11 08:50:06.572274,21845
7148692,184,Active,2,36,2013-12-11 08:50:06.578387,21845
7148693,185,Active,23,6,2013-12-11 08:50:06.58342,21845
7148694,186,Active,24,15,2013-12-11 08:50:06.589641,21845
7148695,187,Active,13,26,2013-12-11 08:50:06.595598,21845
7148696,188,Active,19,15,2013-12-11 08:50:06.602073,21845
7148697,189,Active,6,37,2013-12-11 08:50:06.60756,21845
7148698,190,Active,6,17,2013-12-11 08:50:06.616298,21845
7148699,191,Active,9,10,2013-12-11 08:50:06.623066,21845
7148700,192,Active,30,3,2013-12-11 08:50:06.629538,21845
7148701,193,Active,23,0,2013-12-11 08:50:06.635156,21845
7148702,194,Active,6,23,2013-12-11 08:50:06.640499,21845
7148703,195,Active,1,23,2013-12-11 08:50:06.645642,21845
7148704,196,Active,18,24,2013-12-11 08:50:06.650989,21845
7148705,197,Active,7,24,2013-12-11 08:50:06.656211,21845
7148706,198,Active,32,15,2013-12-11 08:50:06.661481,21845
7148707,199,Active,22,1,2013-12-11 08:50:06.666798,21845
7148708,200,Active,15,7,2013-12-11 08:50:06.671978,21845
7148709,201,Active,11,12,2013-12-11 08:50:06.677274,21845
7148710,202,Active,10,9,2013-12-11 08:50:06.682533,21845
7148711,203,Active,39,16,2013-12-11 08:50:06.687765,21845
7148712,204,Active,4,35,2013-12-11 08:50:06.693016,21845
7148713,205,Active,14,17,2013-12-11 08:50:06.698967,21845
7148714,206,Active,7,52,2013-12-11 08:50:06.704477,21845
7148715,207,Active,23,7,2013-12-11 08:50:06.710036,21845
7148716,208,Active,3,24,2013-12-11 08:50:06.717503,21845
7148717,209,Active,6,21,2013-12-11 08:50:06.723132,21845
7148718,210,Active,27,4,2013-12-11 08:50:06.729646,21845
7148719,211,Active,37,1,2013-12-11 08:50:06.735289,21845
7148720,212,Active,26,1,2013-12-11 08:50:06.742531,21845
7148721,213,Active,0,46,2013-12-11 08:50:06.74859,21845
7148722,214,Active,1,26,2013-12-11 08:50:06.754326,21845
7148723,215,Active,12,15,2013-12-11 08:50:06.760079,21845
7148724,216,Active,24,3,2013-12-11 08:50:06.766786,21845
7148725,217,Active,36,2,2013-12-11 08:50:06.772365,21845
7148726,218,Active,1,31,2013-12-11 08:50:06.777991,21845
7148727,219,Active,17,17,2013-12-11 08:50:06.783319,21845
7148728,220,Active,10,40,2013-12-11 08:50:06.788728,21845
7148729,221,Active,14,9,2013-12-11 08:50:06.794307,21845
7148730,222,Active,1,48,2013-12-11 08:50:06.799978,21845
7148731,223,Active,40,2,2013-12-11 08:50:06.805519,21845
7148732,224,Active,31,8,2013-12-11 08:50:06.834747,21845
7148733,225,Active,17,14,2013-12-11 08:50:06.841642,21845
7148734,226,Active,30,1,2013-12-11 08:50:06.847258,21845
7148735,227,Active,14,16,2013-12-11 08:50:06.852688,21845
7148736,228,Active,19,40,2013-12-11 08:50:06.858396,21845
7148737,229,Active,39,0,2013-12-11 08:50:06.865691,21845
7148738,230,Active,13,20,2013-12-11 08:50:06.87109,21845
7148739,231,Active,10,29,2013-12-11 08:50:06.877532,21845
7148740,232,Active,0,33,2013-12-11 08:50:06.884091,21845
7148741,233,Active,25,33,2013-12-11 08:50:06.889542,21845
7148742,234,Active,3,28,2013-12-11 08:50:06.898027,21845
7148743,235,Active,4,17,2013-12-11 08:50:06.909282,21845
7148744,236,Active,12,11,2013-12-11 08:50:06.91465,21845
7148745,237,Active,38,0,2013-12-11 08:50:06.920343,21845
7148746,238,Active,28,19,2013-12-11 08:50:06.92813,21845
7148747,239,Active,4,20,2013-12-11 08:50:06.93356,21845
7148748,240,Active,17,42,2013-12-11 08:50:06.93899,21845
7148749,241,Active,6,33,2013-12-11 08:50:06.944426,21845
7148750,242,Active,1,33,2013-12-11 08:50:06.950844,21845
7148751,243,Active,33,1,2013-12-11 08:50:06.958513,21845
7148752,244,Active,2,57,2013-12-11 08:50:06.965856,21845
7148753,245,Active,14,43,2013-12-11 08:50:06.975754,21845
7148754,246,Active,27,10,2013-12-11 08:50:06.981833,21845
7148755,247,Active,20,7,2013-12-11 08:50:06.990025,21845
7148756,248,Active,2,39,2013-12-11 08:50:06.995445,21845
7148757,249,Active,37,5,2013-12-11 08:50:07.002356,21845
7148758,250,Active,0,46,2013-12-11 08:50:07.009673,21845
7148759,251,Active,13,24,2013-12-11 08:50:07.015879,21845
7148760,252,Active,19,26,2013-12-11 08:50:07.021517,21845
7148761,253,Active,47,12,2013-12-11 08:50:07.027347,21845
7148762,254,Active,18,13,2013-12-11 08:50:07.032994,21845
7148763,255,Active,26,4,2013-12-11 08:50:07.039679,21845
7148764,256,Active,25,2,2013-12-11 08:50:07.04482,21845
7148765,257,Active,5,20,2013-12-11 08:50:07.054889,21845
7148766,258,Active,37,1,2013-12-11 08:50:07.060765,21845
7148767,259,Active,33,2,2013-12-11 08:50:07.066438,21845
7148768,260,Active,0,44,2013-12-11 08:50:07.072191,21845
7148769,261,Active,0,39,2013-12-11 08:50:07.077587,21845
7148770,262,Active,3,35,2013-12-11 08:50:07.082827,21845
7148771,263,Active,34,2,2013-12-11 08:50:07.087999,21845
7148772,264,Active,37,4,2013-12-11 08:50:07.093284,21845
7148773,265,Active,24,12,2013-12-11 08:50:07.09856,21845
7148774,266,Active,53,6,2013-12-11 08:50:07.103984,21845
7148775,267,Active,2,51,2013-12-11 08:50:07.109269,21845
7148776,268,Active,43,6,2013-12-11 08:50:07.114774,21845
7148777,269,Active,0,34,2013-12-11 08:50:07.120937,21845
7148778,270,Active,30,5,2013-12-11 08:50:07.126227,21845
7148779,271,Active,23,2,2013-12-11 08:50:07.131567,21845
7148780,272,Active,11,35,2013-12-11 08:50:07.136874,21845
7148781,273,Active,0,59,2013-12-11 08:50:07.142543,21845
7148782,274,Active,5,25,2013-12-11 08:50:07.14778,21845
7148783,275,Active,15,21,2013-12-11 08:50:07.153087,21845
7148784,276,Active,3,49,2013-12-11 08:50:07.15832,21845
7148785,277,Active,41,1,2013-12-11 08:50:07.163524,21845
7148786,330,Active,7,23,2013-12-11 08:50:07.169063,21845
7148787,278,Active,1,27,2013-12-11 08:50:07.179959,21845
7148788,279,Active,40,2,2013-12-11 08:50:07.210169,21845
7148789,280,Active,27,7,2013-12-11 08:50:07.215836,21845
7148790,281,Active,28,18,2013-12-11 08:50:07.221618,21845
7148791,282,Active,8,14,2013-12-11 08:50:07.226968,21845
7148792,283,Active,33,3,2013-12-11 08:50:07.232213,21845
7148793,284,Active,1,49,2013-12-11 08:50:07.237664,21845
7148794,285,Active,30,2,2013-12-11 08:50:07.243007,21845
7148795,286,Active,23,2,2013-12-11 08:50:07.248506,21845
7148796,287,Active,12,14,2013-12-11 08:50:07.254801,21845
7148797,288,Active,39,13,2013-12-11 08:50:07.26151,21845
7148798,289,Active,32,3,2013-12-11 08:50:07.267606,21845
7148799,290,Active,11,28,2013-12-11 08:50:07.274405,21845
7148800,291,Active,18,41,2013-12-11 08:50:07.280325,21845
7148801,292,Active,19,19,2013-12-11 08:50:07.286205,21845
7148802,293,Active,38,21,2013-12-11 08:50:07.293571,21845
7148803,294,Active,0,39,2013-12-11 08:50:07.299401,21845
7148804,295,Active,62,4,2013-12-11 08:50:07.304996,21845
7148805,296,Active,1,50,2013-12-11 08:50:07.310859,21845
7148806,297,Active,28,22,2013-12-11 08:50:07.316086,21845
7148807,298,Active,0,56,2013-12-11 08:50:07.321415,21845
7148808,299,Active,22,16,2013-12-11 08:50:07.32778,21845
7148809,300,Active,4,39,2013-12-11 08:50:07.334388,21845
7148810,301,Active,44,15,2013-12-11 08:50:07.344277,21845
7148811,302,Active,32,6,2013-12-11 08:50:07.351831,21845
7148812,303,Active,32,9,2013-12-11 08:50:07.357498,21845
7148813,305,Active,19,20,2013-12-11 08:50:07.364741,21845
7148814,306,Active,35,8,2013-12-11 08:50:07.371137,21845
7148815,307,Active,0,49,2013-12-11 08:50:07.377226,21845
7148816,308,Active,9,22,2013-12-11 08:50:07.38269,21845
7148817,309,Active,12,16,2013-12-11 08:50:07.388036,21845
7148818,310,Active,2,37,2013-12-11 08:50:07.393347,21845
7148819,311,Active,0,38,2013-12-11 08:50:07.398879,21845
7148820,312,Active,19,12,2013-12-11 08:50:07.40447,21845
7148821,313,Active,27,10,2013-12-11 08:50:07.41057,21845
7148822,314,Active,21,4,2013-12-11 08:50:07.417265,21845
7148823,315,Active,1,36,2013-12-11 08:50:07.422628,21845
7148824,316,Active,10,20,2013-12-11 08:50:07.42781,21845
7148825,317,Active,1,14,2013-12-11 08:50:07.43362,21845
7148826,318,Active,4,23,2013-12-11 08:50:07.439624,21845
7148827,319,Active,29,1,2013-12-11 08:50:07.447032,21845
7148828,320,Active,3,33,2013-12-11 08:50:07.454614,21845
7148829,321,Active,2,10,2013-12-11 08:50:07.460701,21845
7148830,322,Active,0,49,2013-12-11 08:50:07.466586,21845
7148831,332,Active,15,9,2013-12-11 08:50:07.473598,21845
7148832,327,Active,13,21,2013-12-11 08:50:07.484633,21845
7148833,328,Active,0,39,2013-12-11 08:50:07.491413,21845
7148834,331,Active,6,29,2013-12-11 08:50:07.496665,21845
7148835,323,Active,10,29,2013-12-11 08:50:07.502142,21845
7148836,324,Active,18,25,2013-12-11 08:50:07.507578,21845
7148837,329,Active,31,1,2013-12-11 08:50:07.514612,21845
7148838,325,Active,0,35,2013-12-11 08:50:07.52116,21845
7148839,326,Active,20,5,2013-12-11 08:50:07.527625,21845
7148840,1,Active,20,18,2013-12-11 09:00:05.328217,21846
7148841,2,Active,0,33,2013-12-11 09:00:05.338685,21846
7148842,3,Active,9,17,2013-12-11 09:00:05.344193,21846
7148843,4,Active,40,21,2013-12-11 09:00:05.349029,21846
7148844,5,Active,17,20,2013-12-11 09:00:05.353978,21846
7148845,6,Active,8,11,2013-12-11 09:00:05.358806,21846
7148846,7,Active,13,6,2013-12-11 09:00:05.363782,21846
7148847,8,Active,13,18,2013-12-11 09:00:05.368714,21846
7148848,9,Active,8,22,2013-12-11 09:00:05.373481,21846
7148849,10,Active,0,46,2013-12-11 09:00:05.378383,21846
7148850,11,Active,14,9,2013-12-11 09:00:05.384466,21846
7148851,12,Active,16,3,2013-12-11 09:00:05.390251,21846
7148852,13,Active,23,16,2013-12-11 09:00:05.395318,21846
7148853,14,Active,12,21,2013-12-11 09:00:05.403738,21846
7148854,15,Active,29,2,2013-12-11 09:00:05.409592,21846
7148855,16,Active,3,29,2013-12-11 09:00:05.414214,21846
7148856,17,Active,10,19,2013-12-11 09:00:05.4204,21846
7148857,18,Active,0,55,2013-12-11 09:00:05.427689,21846
7148858,19,Active,8,15,2013-12-11 09:00:05.433143,21846
7148859,20,Active,22,4,2013-12-11 09:00:05.438355,21846
7148860,21,Active,11,22,2013-12-11 09:00:05.443457,21846
7148861,22,Active,1,46,2013-12-11 09:00:05.449826,21846
7148862,23,Active,8,37,2013-12-11 09:00:05.456271,21846
7148863,24,Active,1,44,2013-12-11 09:00:05.462487,21846
7148864,25,Active,2,48,2013-12-11 09:00:05.467813,21846
7148865,26,Active,17,13,2013-12-11 09:00:05.474201,21846
7148866,27,Active,0,45,2013-12-11 09:00:05.479317,21846
7148867,28,Active,12,14,2013-12-11 09:00:05.484246,21846
7148868,29,Active,1,22,2013-12-11 09:00:05.48888,21846
7148869,30,Active,23,16,2013-12-11 09:00:05.494963,21846
7148870,31,Active,3,35,2013-12-11 09:00:05.500442,21846
7148871,32,Active,33,0,2013-12-11 09:00:05.505553,21846
7148872,33,Active,1,30,2013-12-11 09:00:05.5118,21846
7148873,34,Active,4,33,2013-12-11 09:00:05.517415,21846
7148874,35,Active,8,47,2013-12-11 09:00:05.522675,21846
7148875,36,Active,0,25,2013-12-11 09:00:05.528469,21846
7148876,37,Active,7,16,2013-12-11 09:00:05.534122,21846
7148877,38,Active,4,35,2013-12-11 09:00:05.539196,21846
7148878,39,Active,37,2,2013-12-11 09:00:05.545022,21846
7148879,40,Active,35,4,2013-12-11 09:00:05.550041,21846
7148880,41,Active,22,8,2013-12-11 09:00:05.555195,21846
7148881,42,Active,0,31,2013-12-11 09:00:05.560469,21846
7148882,43,Active,12,11,2013-12-11 09:00:05.565235,21846
7148883,44,Active,10,13,2013-12-11 09:00:05.571268,21846
7148884,45,Active,22,17,2013-12-11 09:00:05.577452,21846
7148885,46,Active,19,12,2013-12-11 09:00:05.58316,21846
7148886,47,Active,1,22,2013-12-11 09:00:05.587978,21846
7148887,48,Active,12,8,2013-12-11 09:00:05.593726,21846
7148888,49,Active,0,23,2013-12-11 09:00:05.599724,21846
7148889,50,Active,0,27,2013-12-11 09:00:05.604695,21846
7148890,51,Active,1,39,2013-12-11 09:00:05.60965,21846
7148891,52,Active,5,22,2013-12-11 09:00:05.615534,21846
7148892,53,Active,15,15,2013-12-11 09:00:05.620419,21846
7148893,54,Active,19,24,2013-12-11 09:00:05.625651,21846
7148894,55,Active,22,8,2013-12-11 09:00:05.631265,21846
7148895,56,Active,9,30,2013-12-11 09:00:05.659587,21846
7148896,57,Active,12,11,2013-12-11 09:00:05.665796,21846
7148897,58,Active,2,37,2013-12-11 09:00:05.67156,21846
7148898,59,Active,2,33,2013-12-11 09:00:05.680562,21846
7148899,60,Active,6,21,2013-12-11 09:00:05.686858,21846
7148900,61,Active,9,15,2013-12-11 09:00:05.693021,21846
7148901,62,Active,2,29,2013-12-11 09:00:05.699186,21846
7148902,63,Active,2,25,2013-12-11 09:00:05.705459,21846
7148903,64,Active,32,2,2013-12-11 09:00:05.711753,21846
7148904,65,Active,20,4,2013-12-11 09:00:05.71786,21846
7148905,66,Active,19,38,2013-12-11 09:00:05.723279,21846
7148906,67,Active,2,24,2013-12-11 09:00:05.728889,21846
7148907,68,Active,21,2,2013-12-11 09:00:05.735429,21846
7148908,69,Active,12,27,2013-12-11 09:00:05.742836,21846
7148909,70,Active,25,6,2013-12-11 09:00:05.748388,21846
7148910,71,Active,10,9,2013-12-11 09:00:05.754139,21846
7148911,72,Active,4,21,2013-12-11 09:00:05.76052,21846
7148912,73,Active,16,2,2013-12-11 09:00:05.766739,21846
7148913,74,Active,17,2,2013-12-11 09:00:05.77324,21846
7148914,75,Active,28,3,2013-12-11 09:00:05.779593,21846
7148915,76,Active,1,58,2013-12-11 09:00:05.785534,21846
7148916,77,Active,21,6,2013-12-11 09:00:05.792672,21846
7148917,78,Active,40,2,2013-12-11 09:00:05.798949,21846
7148918,79,Active,18,28,2013-12-11 09:00:05.804873,21846
7148919,80,Active,8,11,2013-12-11 09:00:05.810808,21846
7148920,81,Active,12,16,2013-12-11 09:00:05.819083,21846
7148921,82,Active,13,7,2013-12-11 09:00:05.824878,21846
7148922,83,Active,0,53,2013-12-11 09:00:05.831985,21846
7148923,84,Active,0,29,2013-12-11 09:00:05.838608,21846
7148924,85,Active,14,10,2013-12-11 09:00:05.844687,21846
7148925,86,Active,13,22,2013-12-11 09:00:05.850571,21846
7148926,87,Active,22,5,2013-12-11 09:00:05.857018,21846
7148927,88,Active,6,29,2013-12-11 09:00:05.863471,21846
7148928,89,Active,27,26,2013-12-11 09:00:05.869386,21846
7148929,90,Active,34,2,2013-12-11 09:00:05.875362,21846
7148930,91,Active,23,0,2013-12-11 09:00:05.88148,21846
7148931,92,Active,2,28,2013-12-11 09:00:05.887371,21846
7148932,93,Active,6,30,2013-12-11 09:00:05.892956,21846
7148933,94,Active,13,20,2013-12-11 09:00:05.8987,21846
7148934,95,Active,7,30,2013-12-11 09:00:05.905016,21846
7148935,96,Active,28,3,2013-12-11 09:00:05.912788,21846
7148936,97,Active,9,18,2013-12-11 09:00:05.922463,21846
7148937,98,Active,4,37,2013-12-11 09:00:05.936379,21846
7148938,99,Active,31,4,2013-12-11 09:00:05.945386,21846
7148939,100,Active,6,24,2013-12-11 09:00:05.953574,21846
7148940,101,Active,16,11,2013-12-11 09:00:05.960303,21846
7148941,102,Active,10,13,2013-12-11 09:00:05.96639,21846
7148942,103,Active,27,12,2013-12-11 09:00:05.976249,21846
7148943,104,Active,8,21,2013-12-11 09:00:05.984559,21846
7148944,105,Active,9,33,2013-12-11 09:00:05.991909,21846
7148945,106,Active,21,6,2013-12-11 09:00:05.999511,21846
7148946,107,Active,3,28,2013-12-11 09:00:06.011825,21846
7148947,108,Active,14,21,2013-12-11 09:00:06.018117,21846
7148948,109,Active,11,26,2013-12-11 09:00:06.027806,21846
7148949,110,Inactive,0,3,2013-12-11 09:00:06.038447,21846
7148950,111,Active,8,23,2013-12-11 09:00:06.047151,21846
7148951,112,Active,0,39,2013-12-11 09:00:06.077568,21846
7148952,113,Active,5,46,2013-12-11 09:00:06.084137,21846
7148953,114,Active,26,9,2013-12-11 09:00:06.094495,21846
7148954,115,Active,26,0,2013-12-11 09:00:06.100609,21846
7148955,116,Active,17,22,2013-12-11 09:00:06.106519,21846
7148956,117,Active,5,18,2013-12-11 09:00:06.113033,21846
7148957,118,Active,2,29,2013-12-11 09:00:06.119003,21846
7148958,119,Active,1,38,2013-12-11 09:00:06.125492,21846
7148959,120,Active,12,15,2013-12-11 09:00:06.132372,21846
7148960,121,Active,20,3,2013-12-11 09:00:06.141411,21846
7148961,122,Active,23,8,2013-12-11 09:00:06.147721,21846
7148962,123,Active,0,27,2013-12-11 09:00:06.153504,21846
7148963,124,Active,26,9,2013-12-11 09:00:06.159347,21846
7148964,125,Active,14,23,2013-12-11 09:00:06.165702,21846
7148965,126,Active,9,15,2013-12-11 09:00:06.173025,21846
7148966,127,Active,16,11,2013-12-11 09:00:06.178583,21846
7148967,128,Active,0,19,2013-12-11 09:00:06.185602,21846
7148968,129,Active,14,15,2013-12-11 09:00:06.19154,21846
7148969,130,Active,2,21,2013-12-11 09:00:06.198312,21846
7148970,131,Active,8,15,2013-12-11 09:00:06.205799,21846
7148971,132,Active,21,14,2013-12-11 09:00:06.212978,21846
7148972,133,Active,26,1,2013-12-11 09:00:06.22038,21846
7148973,134,Active,1,34,2013-12-11 09:00:06.226282,21846
7148974,135,Active,18,24,2013-12-11 09:00:06.232375,21846
7148975,136,Active,14,8,2013-12-11 09:00:06.241917,21846
7148976,137,Active,14,14,2013-12-11 09:00:06.247869,21846
7148977,138,Active,10,29,2013-12-11 09:00:06.25328,21846
7148978,139,Active,0,35,2013-12-11 09:00:06.25915,21846
7148979,140,Active,4,23,2013-12-11 09:00:06.264995,21846
7148980,141,Active,12,19,2013-12-11 09:00:06.271463,21846
7148981,142,Active,35,8,2013-12-11 09:00:06.276829,21846
7148982,143,Active,16,7,2013-12-11 09:00:06.284241,21846
7148983,144,Active,2,25,2013-12-11 09:00:06.290273,21846
7148984,145,Active,27,7,2013-12-11 09:00:06.295917,21846
7148985,146,Active,0,55,2013-12-11 09:00:06.302376,21846
7148986,147,Active,2,37,2013-12-11 09:00:06.309193,21846
7148987,148,Active,12,31,2013-12-11 09:00:06.315277,21846
7148988,149,Active,11,46,2013-12-11 09:00:06.32064,21846
7148989,150,Active,40,9,2013-12-11 09:00:06.327018,21846
7148990,151,Active,7,20,2013-12-11 09:00:06.332851,21846
7148991,152,Active,8,23,2013-12-11 09:00:06.342595,21846
7148992,153,Active,28,5,2013-12-11 09:00:06.348809,21846
7148993,154,Active,0,32,2013-12-11 09:00:06.356375,21846
7148994,155,Active,29,10,2013-12-11 09:00:06.36253,21846
7148995,156,Active,30,5,2013-12-11 09:00:06.369202,21846
7148996,157,Active,7,20,2013-12-11 09:00:06.37533,21846
7148997,158,Active,19,0,2013-12-11 09:00:06.38116,21846
7148998,159,Active,2,27,2013-12-11 09:00:06.386732,21846
7148999,160,Active,1,42,2013-12-11 09:00:06.392642,21846
7149000,161,Active,1,46,2013-12-11 09:00:06.397965,21846
7149001,162,Active,31,10,2013-12-11 09:00:06.403978,21846
7149002,163,Active,35,4,2013-12-11 09:00:06.410091,21846
7149003,164,Active,27,7,2013-12-11 09:00:06.4158,21846
7149004,165,Active,29,10,2013-12-11 09:00:06.421769,21846
7149005,166,Active,11,20,2013-12-11 09:00:06.435667,21846
7149006,167,Active,12,16,2013-12-11 09:00:06.44215,21846
7149007,168,Active,0,43,2013-12-11 09:00:06.47054,21846
7149008,169,Active,0,39,2013-12-11 09:00:06.48026,21846
7149009,170,Active,1,34,2013-12-11 09:00:06.486317,21846
7149010,171,Active,4,23,2013-12-11 09:00:06.494653,21846
7149011,172,Active,0,31,2013-12-11 09:00:06.500833,21846
7149012,173,Active,12,19,2013-12-11 09:00:06.507597,21846
7149013,174,Active,6,26,2013-12-11 09:00:06.514598,21846
7149014,175,Active,29,2,2013-12-11 09:00:06.520915,21846
7149015,176,Active,26,1,2013-12-11 09:00:06.527337,21846
7149016,177,Active,3,27,2013-12-11 09:00:06.533256,21846
7149017,178,Active,15,10,2013-12-11 09:00:06.540848,21846
7149018,179,Active,7,20,2013-12-11 09:00:06.546549,21846
7149019,180,Active,12,19,2013-12-11 09:00:06.553099,21846
7149020,181,Active,4,23,2013-12-11 09:00:06.559453,21846
7149021,182,Active,13,2,2013-12-11 09:00:06.565096,21846
7149022,183,Active,32,10,2013-12-11 09:00:06.571022,21846
7149023,184,Active,2,37,2013-12-11 09:00:06.576881,21846
7149024,185,Active,23,6,2013-12-11 09:00:06.582844,21846
7149025,186,Active,25,14,2013-12-11 09:00:06.588746,21846
7149026,187,Active,13,26,2013-12-11 09:00:06.594672,21846
7149027,188,Active,19,15,2013-12-11 09:00:06.601567,21846
7149028,189,Active,6,37,2013-12-11 09:00:06.60801,21846
7149029,190,Active,6,17,2013-12-11 09:00:06.614699,21846
7149030,191,Active,9,10,2013-12-11 09:00:06.620512,21846
7149031,192,Active,30,3,2013-12-11 09:00:06.627619,21846
7149032,193,Active,21,2,2013-12-11 09:00:06.634664,21846
7149033,194,Active,6,23,2013-12-11 09:00:06.640209,21846
7149034,195,Active,1,23,2013-12-11 09:00:06.646027,21846
7149035,196,Active,18,24,2013-12-11 09:00:06.652808,21846
7149036,197,Active,7,24,2013-12-11 09:00:06.659108,21846
7149037,198,Active,32,15,2013-12-11 09:00:06.665614,21846
7149038,199,Active,22,1,2013-12-11 09:00:06.671748,21846
7149039,200,Active,14,8,2013-12-11 09:00:06.677049,21846
7149040,201,Active,11,12,2013-12-11 09:00:06.683347,21846
7149041,202,Active,10,9,2013-12-11 09:00:06.689433,21846
7149042,203,Active,39,16,2013-12-11 09:00:06.6953,21846
7149043,204,Active,3,36,2013-12-11 09:00:06.705189,21846
7149044,205,Active,14,17,2013-12-11 09:00:06.711049,21846
7149045,206,Active,7,52,2013-12-11 09:00:06.716904,21846
7149046,207,Active,23,7,2013-12-11 09:00:06.722846,21846
7149047,208,Active,3,24,2013-12-11 09:00:06.729444,21846
7149048,209,Active,6,21,2013-12-11 09:00:06.735708,21846
7149049,210,Active,28,3,2013-12-11 09:00:06.741062,21846
7149050,211,Active,38,0,2013-12-11 09:00:06.746797,21846
7149051,212,Active,26,1,2013-12-11 09:00:06.752962,21846
7149052,213,Active,1,45,2013-12-11 09:00:06.758533,21846
7149053,214,Active,1,26,2013-12-11 09:00:06.764701,21846
7149054,215,Active,12,15,2013-12-11 09:00:06.770783,21846
7149055,216,Active,23,4,2013-12-11 09:00:06.776854,21846
7149056,217,Active,37,1,2013-12-11 09:00:06.783065,21846
7149057,218,Active,1,31,2013-12-11 09:00:06.789498,21846
7149058,219,Active,17,17,2013-12-11 09:00:06.796253,21846
7149059,220,Active,10,40,2013-12-11 09:00:06.802893,21846
7149060,221,Active,13,10,2013-12-11 09:00:06.808922,21846
7149061,222,Active,1,48,2013-12-11 09:00:06.816443,21846
7149062,223,Active,40,2,2013-12-11 09:00:06.823239,21846
7149063,224,Active,32,7,2013-12-11 09:00:06.853317,21846
7149064,225,Active,17,14,2013-12-11 09:00:06.864582,21846
7149065,226,Active,30,1,2013-12-11 09:00:06.87092,21846
7149066,227,Active,14,16,2013-12-11 09:00:06.877672,21846
7149067,228,Active,19,40,2013-12-11 09:00:06.883298,21846
7149068,229,Active,39,0,2013-12-11 09:00:06.889232,21846
7149069,230,Active,13,20,2013-12-11 09:00:06.896593,21846
7149070,231,Active,10,29,2013-12-11 09:00:06.90242,21846
7149071,232,Active,0,33,2013-12-11 09:00:06.908753,21846
7149072,233,Active,25,33,2013-12-11 09:00:06.914572,21846
7149073,234,Active,3,28,2013-12-11 09:00:06.920263,21846
7149074,235,Active,4,17,2013-12-11 09:00:06.925978,21846
7149075,236,Active,11,12,2013-12-11 09:00:06.931531,21846
7149076,237,Active,38,0,2013-12-11 09:00:06.937962,21846
7149077,238,Active,28,19,2013-12-11 09:00:06.948397,21846
7149078,239,Active,4,20,2013-12-11 09:00:06.955169,21846
7149079,240,Active,17,42,2013-12-11 09:00:06.961648,21846
7149080,241,Active,6,33,2013-12-11 09:00:06.967453,21846
7149081,242,Active,1,33,2013-12-11 09:00:06.973134,21846
7149082,243,Active,33,1,2013-12-11 09:00:06.979221,21846
7149083,244,Active,2,57,2013-12-11 09:00:06.985135,21846
7149084,245,Active,13,44,2013-12-11 09:00:06.991981,21846
7149085,246,Active,28,9,2013-12-11 09:00:07.003182,21846
7149086,247,Active,20,7,2013-12-11 09:00:07.009491,21846
7149087,248,Active,2,39,2013-12-11 09:00:07.015886,21846
7149088,249,Active,37,5,2013-12-11 09:00:07.022468,21846
7149089,250,Active,0,46,2013-12-11 09:00:07.028532,21846
7149090,251,Active,13,24,2013-12-11 09:00:07.034265,21846
7149091,252,Active,20,25,2013-12-11 09:00:07.040441,21846
7149092,253,Active,47,12,2013-12-11 09:00:07.048877,21846
7149093,254,Active,18,13,2013-12-11 09:00:07.055524,21846
7149094,255,Active,26,4,2013-12-11 09:00:07.062162,21846
7149095,256,Active,25,2,2013-12-11 09:00:07.070194,21846
7149096,257,Active,5,20,2013-12-11 09:00:07.07684,21846
7149097,258,Active,37,1,2013-12-11 09:00:07.083047,21846
7149098,259,Active,33,2,2013-12-11 09:00:07.089129,21846
7149099,260,Active,0,44,2013-12-11 09:00:07.095715,21846
7149100,261,Active,0,39,2013-12-11 09:00:07.101991,21846
7149101,262,Active,3,35,2013-12-11 09:00:07.108373,21846
7149102,263,Active,34,1,2013-12-11 09:00:07.121834,21846
7149103,264,Active,36,5,2013-12-11 09:00:07.129117,21846
7149104,265,Active,25,11,2013-12-11 09:00:07.136103,21846
7149105,266,Active,53,6,2013-12-11 09:00:07.141926,21846
7149106,267,Active,2,51,2013-12-11 09:00:07.14773,21846
7149107,268,Active,42,7,2013-12-11 09:00:07.154043,21846
7149108,269,Active,0,34,2013-12-11 09:00:07.160041,21846
7149109,270,Active,30,5,2013-12-11 09:00:07.167656,21846
7149110,271,Active,23,2,2013-12-11 09:00:07.174725,21846
7149111,272,Active,11,35,2013-12-11 09:00:07.18064,21846
7149112,273,Active,0,59,2013-12-11 09:00:07.186311,21846
7149113,274,Active,5,25,2013-12-11 09:00:07.192312,21846
7149114,275,Active,15,21,2013-12-11 09:00:07.20084,21846
7149115,276,Active,3,49,2013-12-11 09:00:07.206922,21846
7149116,277,Active,41,1,2013-12-11 09:00:07.213051,21846
7149117,330,Active,7,23,2013-12-11 09:00:07.219436,21846
7149118,278,Active,2,26,2013-12-11 09:00:07.225469,21846
7149119,279,Active,40,2,2013-12-11 09:00:07.257837,21846
7149120,280,Active,26,8,2013-12-11 09:00:07.263993,21846
7149121,281,Active,27,19,2013-12-11 09:00:07.269467,21846
7149122,282,Active,8,14,2013-12-11 09:00:07.275333,21846
7149123,283,Active,32,4,2013-12-11 09:00:07.28155,21846
7149124,284,Active,1,49,2013-12-11 09:00:07.287182,21846
7149125,285,Active,29,3,2013-12-11 09:00:07.296376,21846
7149126,286,Active,23,2,2013-12-11 09:00:07.304919,21846
7149127,287,Active,12,14,2013-12-11 09:00:07.311114,21846
7149128,288,Active,38,14,2013-12-11 09:00:07.31717,21846
7149129,289,Active,32,3,2013-12-11 09:00:07.32269,21846
7149130,290,Active,11,28,2013-12-11 09:00:07.328325,21846
7149131,291,Active,18,41,2013-12-11 09:00:07.33549,21846
7149132,292,Active,19,19,2013-12-11 09:00:07.341201,21846
7149133,293,Active,38,21,2013-12-11 09:00:07.349073,21846
7149134,294,Active,0,39,2013-12-11 09:00:07.35532,21846
7149135,295,Active,62,4,2013-12-11 09:00:07.361114,21846
7149136,296,Active,1,50,2013-12-11 09:00:07.367168,21846
7149137,297,Active,28,22,2013-12-11 09:00:07.373537,21846
7149138,298,Active,0,56,2013-12-11 09:00:07.379767,21846
7149139,299,Active,22,16,2013-12-11 09:00:07.386423,21846
7149140,300,Active,4,39,2013-12-11 09:00:07.39278,21846
7149141,301,Active,44,15,2013-12-11 09:00:07.398308,21846
7149142,302,Active,32,6,2013-12-11 09:00:07.404193,21846
7149143,303,Active,31,10,2013-12-11 09:00:07.411028,21846
7149144,305,Active,19,20,2013-12-11 09:00:07.416993,21846
7149145,306,Active,34,9,2013-12-11 09:00:07.422877,21846
7149146,307,Active,0,49,2013-12-11 09:00:07.428576,21846
7149147,308,Active,9,22,2013-12-11 09:00:07.433776,21846
7149148,309,Active,12,16,2013-12-11 09:00:07.440694,21846
7149149,310,Active,2,37,2013-12-11 09:00:07.446132,21846
7149150,311,Active,0,38,2013-12-11 09:00:07.451681,21846
7149151,312,Active,19,12,2013-12-11 09:00:07.457367,21846
7149152,313,Active,26,11,2013-12-11 09:00:07.46328,21846
7149153,314,Active,21,4,2013-12-11 09:00:07.469329,21846
7149154,315,Active,1,36,2013-12-11 09:00:07.474815,21846
7149155,316,Active,10,20,2013-12-11 09:00:07.480878,21846
7149156,317,Active,1,14,2013-12-11 09:00:07.486608,21846
7149157,318,Active,4,23,2013-12-11 09:00:07.492164,21846
7149158,319,Active,29,1,2013-12-11 09:00:07.497722,21846
7149159,320,Active,3,33,2013-12-11 09:00:07.503292,21846
7149160,321,Active,2,10,2013-12-11 09:00:07.508604,21846
7149161,322,Active,0,49,2013-12-11 09:00:07.514499,21846
7149162,332,Active,15,9,2013-12-11 09:00:07.521415,21846
7149163,327,Active,13,21,2013-12-11 09:00:07.527055,21846
7149164,328,Active,0,39,2013-12-11 09:00:07.532781,21846
7149165,331,Active,5,30,2013-12-11 09:00:07.538795,21846
7149166,323,Active,10,29,2013-12-11 09:00:07.54453,21846
7149167,324,Active,17,26,2013-12-11 09:00:07.550366,21846
7149168,329,Active,30,2,2013-12-11 09:00:07.556119,21846
7149169,325,Active,0,35,2013-12-11 09:00:07.565416,21846
7149170,326,Active,20,5,2013-12-11 09:00:07.57134,21846
7149171,1,Active,20,18,2013-12-11 09:10:05.33913,21847
7149172,2,Active,0,33,2013-12-11 09:10:05.350123,21847
7149173,3,Active,9,17,2013-12-11 09:10:05.355183,21847
7149174,4,Active,40,21,2013-12-11 09:10:05.360085,21847
7149175,5,Active,16,21,2013-12-11 09:10:05.365153,21847
7149176,6,Active,8,11,2013-12-11 09:10:05.370213,21847
7149177,7,Active,15,4,2013-12-11 09:10:05.375164,21847
7149178,8,Active,13,18,2013-12-11 09:10:05.380438,21847
7149179,9,Active,8,22,2013-12-11 09:10:05.385752,21847
7149180,10,Active,0,46,2013-12-11 09:10:05.393089,21847
7149181,11,Active,14,9,2013-12-11 09:10:05.398327,21847
7149182,12,Active,16,3,2013-12-11 09:10:05.403381,21847
7149183,13,Active,23,16,2013-12-11 09:10:05.408719,21847
7149184,14,Active,13,20,2013-12-11 09:10:05.413902,21847
7149185,15,Active,31,0,2013-12-11 09:10:05.418873,21847
7149186,16,Active,3,30,2013-12-11 09:10:05.423958,21847
7149187,17,Active,10,19,2013-12-11 09:10:05.429095,21847
7149188,18,Active,0,55,2013-12-11 09:10:05.434359,21847
7149189,19,Active,8,15,2013-12-11 09:10:05.439323,21847
7149190,20,Active,22,4,2013-12-11 09:10:05.443831,21847
7149191,21,Active,11,22,2013-12-11 09:10:05.448898,21847
7149192,22,Active,1,46,2013-12-11 09:10:05.454149,21847
7149193,23,Active,8,37,2013-12-11 09:10:05.459155,21847
7149194,24,Active,1,44,2013-12-11 09:10:05.464247,21847
7149195,25,Active,2,48,2013-12-11 09:10:05.469724,21847
7149196,26,Active,17,13,2013-12-11 09:10:05.475097,21847
7149197,27,Active,0,45,2013-12-11 09:10:05.479948,21847
7149198,28,Active,12,14,2013-12-11 09:10:05.484684,21847
7149199,29,Active,1,22,2013-12-11 09:10:05.489661,21847
7149200,30,Active,23,16,2013-12-11 09:10:05.494651,21847
7149201,31,Active,3,35,2013-12-11 09:10:05.4997,21847
7149202,32,Active,33,0,2013-12-11 09:10:05.505451,21847
7149203,33,Active,1,30,2013-12-11 09:10:05.511453,21847
7149204,34,Active,4,33,2013-12-11 09:10:05.516836,21847
7149205,35,Active,8,47,2013-12-11 09:10:05.521845,21847
7149206,36,Active,0,25,2013-12-11 09:10:05.526656,21847
7149207,37,Active,7,16,2013-12-11 09:10:05.531462,21847
7149208,38,Active,4,35,2013-12-11 09:10:05.537192,21847
7149209,39,Active,37,2,2013-12-11 09:10:05.542055,21847
7149210,40,Active,34,5,2013-12-11 09:10:05.547584,21847
7149211,41,Active,23,7,2013-12-11 09:10:05.55291,21847
7149212,42,Active,0,31,2013-12-11 09:10:05.558086,21847
7149213,43,Active,12,11,2013-12-11 09:10:05.56348,21847
7149214,44,Active,10,13,2013-12-11 09:10:05.568375,21847
7149215,45,Active,22,17,2013-12-11 09:10:05.573295,21847
7149216,46,Active,19,12,2013-12-11 09:10:05.577836,21847
7149217,47,Active,1,22,2013-12-11 09:10:05.582885,21847
7149218,48,Active,12,8,2013-12-11 09:10:05.587648,21847
7149219,49,Active,0,23,2013-12-11 09:10:05.592096,21847
7149220,50,Active,0,27,2013-12-11 09:10:05.597314,21847
7149221,51,Active,1,39,2013-12-11 09:10:05.602431,21847
7149222,52,Active,5,22,2013-12-11 09:10:05.607288,21847
7149223,53,Active,13,17,2013-12-11 09:10:05.612149,21847
7149224,54,Active,19,24,2013-12-11 09:10:05.617345,21847
7149225,55,Active,22,8,2013-12-11 09:10:05.626311,21847
7149226,56,Active,8,31,2013-12-11 09:10:05.65498,21847
7149227,57,Active,12,11,2013-12-11 09:10:05.661484,21847
7149228,58,Active,2,37,2013-12-11 09:10:05.667185,21847
7149229,59,Active,2,33,2013-12-11 09:10:05.672821,21847
7149230,60,Active,6,21,2013-12-11 09:10:05.679265,21847
7149231,61,Active,9,15,2013-12-11 09:10:05.685758,21847
7149232,62,Active,2,29,2013-12-11 09:10:05.692194,21847
7149233,63,Active,2,25,2013-12-11 09:10:05.698433,21847
7149234,64,Active,32,2,2013-12-11 09:10:05.703758,21847
7149235,65,Active,21,3,2013-12-11 09:10:05.709292,21847
7149236,66,Active,19,38,2013-12-11 09:10:05.714944,21847
7149237,67,Active,2,24,2013-12-11 09:10:05.720454,21847
7149238,68,Active,21,2,2013-12-11 09:10:05.726356,21847
7149239,69,Active,12,27,2013-12-11 09:10:05.732034,21847
7149240,70,Active,25,6,2013-12-11 09:10:05.737802,21847
7149241,71,Active,10,9,2013-12-11 09:10:05.743822,21847
7149242,72,Active,4,21,2013-12-11 09:10:05.749412,21847
7149243,73,Active,16,2,2013-12-11 09:10:05.755262,21847
7149244,74,Active,17,2,2013-12-11 09:10:05.761016,21847
7149245,75,Active,28,3,2013-12-11 09:10:05.7666,21847
7149246,76,Active,1,58,2013-12-11 09:10:05.772526,21847
7149247,77,Active,23,4,2013-12-11 09:10:05.778487,21847
7149248,78,Active,42,0,2013-12-11 09:10:05.784445,21847
7149249,79,Active,18,28,2013-12-11 09:10:05.791103,21847
7149250,80,Active,8,11,2013-12-11 09:10:05.796683,21847
7149251,81,Active,12,16,2013-12-11 09:10:05.802269,21847
7149252,82,Active,13,7,2013-12-11 09:10:05.808305,21847
7149253,83,Active,0,53,2013-12-11 09:10:05.815248,21847
7149254,84,Active,0,29,2013-12-11 09:10:05.821553,21847
7149255,85,Active,14,10,2013-12-11 09:10:05.827454,21847
7149256,86,Active,13,22,2013-12-11 09:10:05.833256,21847
7149257,87,Active,22,5,2013-12-11 09:10:05.839422,21847
7149258,88,Active,5,30,2013-12-11 09:10:05.845232,21847
7149259,89,Active,27,26,2013-12-11 09:10:05.85148,21847
7149260,90,Active,36,0,2013-12-11 09:10:05.858007,21847
7149261,91,Active,23,0,2013-12-11 09:10:05.863951,21847
7149262,92,Active,2,28,2013-12-11 09:10:05.869837,21847
7149263,93,Active,6,30,2013-12-11 09:10:05.875514,21847
7149264,94,Active,13,20,2013-12-11 09:10:05.881148,21847
7149265,95,Active,7,30,2013-12-11 09:10:05.887094,21847
7149266,96,Active,28,3,2013-12-11 09:10:05.893046,21847
7149267,97,Active,9,18,2013-12-11 09:10:05.898858,21847
7149268,98,Active,4,37,2013-12-11 09:10:05.904698,21847
7149269,99,Active,31,4,2013-12-11 09:10:05.910709,21847
7149270,100,Active,6,24,2013-12-11 09:10:05.916364,21847
7149271,101,Active,18,13,2013-12-11 09:10:05.92197,21847
7149272,102,Active,10,13,2013-12-11 09:10:05.92758,21847
7149273,103,Active,27,12,2013-12-11 09:10:05.933161,21847
7149274,104,Active,8,21,2013-12-11 09:10:05.938995,21847
7149275,105,Active,9,33,2013-12-11 09:10:05.945809,21847
7149276,106,Active,21,6,2013-12-11 09:10:05.951068,21847
7149277,107,Active,3,28,2013-12-11 09:10:05.956737,21847
7149278,108,Active,14,21,2013-12-11 09:10:05.962477,21847
7149279,109,Active,11,26,2013-12-11 09:10:05.967925,21847
7149280,110,Inactive,0,3,2013-12-11 09:10:05.973557,21847
7149281,111,Active,8,23,2013-12-11 09:10:05.978499,21847
7149282,112,Active,0,39,2013-12-11 09:10:06.007635,21847
7149283,113,Active,5,46,2013-12-11 09:10:06.018275,21847
7149284,114,Active,26,9,2013-12-11 09:10:06.032456,21847
7149285,115,Active,26,0,2013-12-11 09:10:06.038182,21847
7149286,116,Active,17,22,2013-12-11 09:10:06.044323,21847
7149287,117,Active,5,18,2013-12-11 09:10:06.049611,21847
7149288,118,Active,2,29,2013-12-11 09:10:06.05483,21847
7149289,119,Active,1,38,2013-12-11 09:10:06.060108,21847
7149290,120,Active,11,16,2013-12-11 09:10:06.065458,21847
7149291,121,Active,20,3,2013-12-11 09:10:06.070705,21847
7149292,122,Active,23,8,2013-12-11 09:10:06.07623,21847
7149293,123,Active,0,27,2013-12-11 09:10:06.081876,21847
7149294,124,Active,25,10,2013-12-11 09:10:06.087088,21847
7149295,125,Active,14,23,2013-12-11 09:10:06.09313,21847
7149296,126,Active,9,15,2013-12-11 09:10:06.098664,21847
7149297,127,Active,15,12,2013-12-11 09:10:06.104352,21847
7149298,128,Active,0,19,2013-12-11 09:10:06.109623,21847
7149299,129,Active,14,15,2013-12-11 09:10:06.114957,21847
7149300,130,Active,2,21,2013-12-11 09:10:06.120251,21847
7149301,131,Active,8,15,2013-12-11 09:10:06.126071,21847
7149302,132,Active,21,14,2013-12-11 09:10:06.131129,21847
7149303,133,Active,26,1,2013-12-11 09:10:06.136484,21847
7149304,134,Active,1,34,2013-12-11 09:10:06.148007,21847
7149305,135,Active,18,24,2013-12-11 09:10:06.153503,21847
7149306,136,Active,15,7,2013-12-11 09:10:06.158581,21847
7149307,137,Active,14,14,2013-12-11 09:10:06.163877,21847
7149308,138,Active,10,29,2013-12-11 09:10:06.169149,21847
7149309,139,Active,0,35,2013-12-11 09:10:06.17445,21847
7149310,140,Active,5,22,2013-12-11 09:10:06.179813,21847
7149311,141,Active,12,19,2013-12-11 09:10:06.184983,21847
7149312,142,Active,36,7,2013-12-11 09:10:06.190284,21847
7149313,143,Active,16,7,2013-12-11 09:10:06.195618,21847
7149314,144,Active,2,25,2013-12-11 09:10:06.200759,21847
7149315,145,Active,27,7,2013-12-11 09:10:06.206094,21847
7149316,146,Active,0,55,2013-12-11 09:10:06.211477,21847
7149317,147,Active,2,37,2013-12-11 09:10:06.216824,21847
7149318,148,Active,12,31,2013-12-11 09:10:06.222327,21847
7149319,149,Active,11,46,2013-12-11 09:10:06.227749,21847
7149320,150,Active,41,8,2013-12-11 09:10:06.232973,21847
7149321,151,Active,7,20,2013-12-11 09:10:06.238381,21847
7149322,152,Active,8,23,2013-12-11 09:10:06.24428,21847
7149323,153,Active,29,4,2013-12-11 09:10:06.249575,21847
7149324,154,Active,0,32,2013-12-11 09:10:06.25488,21847
7149325,155,Active,29,10,2013-12-11 09:10:06.260138,21847
7149326,156,Active,30,5,2013-12-11 09:10:06.269512,21847
7149327,157,Active,7,20,2013-12-11 09:10:06.275031,21847
7149328,158,Active,19,0,2013-12-11 09:10:06.280155,21847
7149329,159,Active,2,27,2013-12-11 09:10:06.285921,21847
7149330,160,Active,1,42,2013-12-11 09:10:06.291271,21847
7149331,161,Active,1,46,2013-12-11 09:10:06.296758,21847
7149332,162,Active,31,10,2013-12-11 09:10:06.303084,21847
7149333,163,Active,34,5,2013-12-11 09:10:06.30886,21847
7149334,164,Active,27,7,2013-12-11 09:10:06.314646,21847
7149335,165,Active,29,10,2013-12-11 09:10:06.320439,21847
7149336,166,Active,11,20,2013-12-11 09:10:06.325762,21847
7149337,167,Active,12,16,2013-12-11 09:10:06.331089,21847
7149338,168,Active,0,43,2013-12-11 09:10:06.358302,21847
7149339,169,Active,0,39,2013-12-11 09:10:06.364511,21847
7149340,170,Active,1,34,2013-12-11 09:10:06.369738,21847
7149341,171,Active,4,23,2013-12-11 09:10:06.37531,21847
7149342,172,Active,0,31,2013-12-11 09:10:06.380867,21847
7149343,173,Active,12,19,2013-12-11 09:10:06.386195,21847
7149344,174,Active,6,26,2013-12-11 09:10:06.391545,21847
7149345,175,Active,29,2,2013-12-11 09:10:06.397749,21847
7149346,176,Active,26,1,2013-12-11 09:10:06.402983,21847
7149347,177,Active,3,27,2013-12-11 09:10:06.408379,21847
7149348,178,Active,15,10,2013-12-11 09:10:06.413863,21847
7149349,179,Active,7,20,2013-12-11 09:10:06.419093,21847
7149350,180,Active,12,19,2013-12-11 09:10:06.42439,21847
7149351,181,Active,4,23,2013-12-11 09:10:06.430055,21847
7149352,182,Active,13,2,2013-12-11 09:10:06.435299,21847
7149353,183,Active,33,9,2013-12-11 09:10:06.440755,21847
7149354,184,Active,2,36,2013-12-11 09:10:06.445974,21847
7149355,185,Active,24,5,2013-12-11 09:10:06.451228,21847
7149356,186,Active,25,14,2013-12-11 09:10:06.456212,21847
7149357,187,Active,13,26,2013-12-11 09:10:06.46159,21847
7149358,188,Active,19,15,2013-12-11 09:10:06.466872,21847
7149359,189,Active,6,37,2013-12-11 09:10:06.472174,21847
7149360,190,Active,6,17,2013-12-11 09:10:06.477362,21847
7149361,191,Active,9,10,2013-12-11 09:10:06.48275,21847
7149362,192,Active,29,4,2013-12-11 09:10:06.488127,21847
7149363,193,Active,23,0,2013-12-11 09:10:06.493283,21847
7149364,194,Active,6,23,2013-12-11 09:10:06.498778,21847
7149365,195,Active,1,23,2013-12-11 09:10:06.504032,21847
7149366,196,Active,18,24,2013-12-11 09:10:06.509351,21847
7149367,197,Active,7,24,2013-12-11 09:10:06.515042,21847
7149368,198,Active,31,16,2013-12-11 09:10:06.520552,21847
7149369,199,Active,22,1,2013-12-11 09:10:06.525781,21847
7149370,200,Active,14,8,2013-12-11 09:10:06.531328,21847
7149371,201,Active,11,12,2013-12-11 09:10:06.537133,21847
7149372,202,Active,10,9,2013-12-11 09:10:06.542809,21847
7149373,203,Active,39,16,2013-12-11 09:10:06.548913,21847
7149374,204,Active,3,36,2013-12-11 09:10:06.554562,21847
7149375,205,Active,14,17,2013-12-11 09:10:06.560247,21847
7149376,206,Active,7,52,2013-12-11 09:10:06.566487,21847
7149377,207,Active,24,6,2013-12-11 09:10:06.572301,21847
7149378,208,Active,3,24,2013-12-11 09:10:06.577854,21847
7149379,209,Active,6,21,2013-12-11 09:10:06.58368,21847
7149380,210,Active,28,3,2013-12-11 09:10:06.588894,21847
7149381,211,Active,37,1,2013-12-11 09:10:06.594542,21847
7149382,212,Active,26,1,2013-12-11 09:10:06.600097,21847
7149383,213,Active,1,45,2013-12-11 09:10:06.605461,21847
7149384,214,Active,1,26,2013-12-11 09:10:06.611752,21847
7149385,215,Active,12,15,2013-12-11 09:10:06.617218,21847
7149386,216,Active,23,4,2013-12-11 09:10:06.62281,21847
7149387,217,Active,37,1,2013-12-11 09:10:06.628576,21847
7149388,218,Active,1,31,2013-12-11 09:10:06.633825,21847
7149389,219,Active,17,17,2013-12-11 09:10:06.63904,21847
7149390,220,Active,10,40,2013-12-11 09:10:06.644337,21847
7149391,221,Active,13,10,2013-12-11 09:10:06.649915,21847
7149392,222,Active,1,48,2013-12-11 09:10:06.65531,21847
7149393,223,Active,40,2,2013-12-11 09:10:06.661438,21847
7149394,224,Active,31,8,2013-12-11 09:10:06.688331,21847
7149395,225,Active,17,14,2013-12-11 09:10:06.694639,21847
7149396,226,Active,30,1,2013-12-11 09:10:06.701232,21847
7149397,227,Active,14,16,2013-12-11 09:10:06.706547,21847
7149398,228,Active,19,40,2013-12-11 09:10:06.711916,21847
7149399,229,Active,39,0,2013-12-11 09:10:06.717254,21847
7149400,230,Active,13,20,2013-12-11 09:10:06.722595,21847
7149401,231,Active,10,29,2013-12-11 09:10:06.728107,21847
7149402,232,Active,0,33,2013-12-11 09:10:06.733348,21847
7149403,233,Active,25,33,2013-12-11 09:10:06.738628,21847
7149404,234,Active,3,28,2013-12-11 09:10:06.74375,21847
7149405,235,Active,4,17,2013-12-11 09:10:06.749391,21847
7149406,236,Active,12,11,2013-12-11 09:10:06.755285,21847
7149407,237,Active,38,0,2013-12-11 09:10:06.760435,21847
7149408,238,Active,27,20,2013-12-11 09:10:06.76561,21847
7149409,239,Active,4,20,2013-12-11 09:10:06.771099,21847
7149410,240,Active,17,42,2013-12-11 09:10:06.776327,21847
7149411,241,Active,6,33,2013-12-11 09:10:06.781458,21847
7149412,242,Active,1,33,2013-12-11 09:10:06.78685,21847
7149413,243,Active,34,0,2013-12-11 09:10:06.79211,21847
7149414,244,Active,2,57,2013-12-11 09:10:06.797479,21847
7149415,245,Active,14,43,2013-12-11 09:10:06.803186,21847
7149416,246,Active,28,9,2013-12-11 09:10:06.808326,21847
7149417,247,Active,20,7,2013-12-11 09:10:06.814867,21847
7149418,248,Active,2,39,2013-12-11 09:10:06.82034,21847
7149419,249,Active,37,5,2013-12-11 09:10:06.825577,21847
7149420,250,Active,0,46,2013-12-11 09:10:06.830859,21847
7149421,251,Active,13,24,2013-12-11 09:10:06.836349,21847
7149422,252,Active,20,25,2013-12-11 09:10:06.841743,21847
7149423,253,Active,47,12,2013-12-11 09:10:06.847334,21847
7149424,254,Active,18,13,2013-12-11 09:10:06.85257,21847
7149425,255,Active,26,4,2013-12-11 09:10:06.857783,21847
7149426,256,Active,25,2,2013-12-11 09:10:06.86313,21847
7149427,257,Active,5,20,2013-12-11 09:10:06.868313,21847
7149428,258,Active,36,2,2013-12-11 09:10:06.873775,21847
7149429,259,Active,33,2,2013-12-11 09:10:06.87896,21847
7149430,260,Active,0,44,2013-12-11 09:10:06.884275,21847
7149431,261,Active,0,39,2013-12-11 09:10:06.890106,21847
7149432,262,Active,3,35,2013-12-11 09:10:06.895912,21847
7149433,263,Active,34,1,2013-12-11 09:10:06.902443,21847
7149434,264,Active,37,4,2013-12-11 09:10:06.907967,21847
7149435,265,Active,25,11,2013-12-11 09:10:06.913501,21847
7149436,266,Active,53,6,2013-12-11 09:10:06.919055,21847
7149437,267,Active,2,51,2013-12-11 09:10:06.924412,21847
7149438,268,Active,42,7,2013-12-11 09:10:06.933519,21847
7149439,269,Active,0,34,2013-12-11 09:10:06.938981,21847
7149440,270,Active,30,5,2013-12-11 09:10:06.944281,21847
7149441,271,Active,24,1,2013-12-11 09:10:06.950012,21847
7149442,272,Active,11,35,2013-12-11 09:10:06.95536,21847
7149443,273,Active,0,59,2013-12-11 09:10:06.960568,21847
7149444,274,Active,5,25,2013-12-11 09:10:06.965988,21847
7149445,275,Active,15,21,2013-12-11 09:10:06.971451,21847
7149446,276,Active,3,49,2013-12-11 09:10:06.976683,21847
7149447,277,Active,41,1,2013-12-11 09:10:06.98229,21847
7149448,330,Active,7,23,2013-12-11 09:10:06.988359,21847
7149449,278,Active,2,26,2013-12-11 09:10:06.994183,21847
7149450,279,Active,40,2,2013-12-11 09:10:07.022548,21847
7149451,280,Active,26,8,2013-12-11 09:10:07.030395,21847
7149452,281,Active,27,19,2013-12-11 09:10:07.037619,21847
7149453,282,Active,8,14,2013-12-11 09:10:07.042924,21847
7149454,283,Active,32,4,2013-12-11 09:10:07.048431,21847
7149455,284,Active,1,49,2013-12-11 09:10:07.053595,21847
7149456,285,Active,30,2,2013-12-11 09:10:07.058793,21847
7149457,286,Active,23,2,2013-12-11 09:10:07.064272,21847
7149458,287,Active,12,14,2013-12-11 09:10:07.069607,21847
7149459,288,Active,39,13,2013-12-11 09:10:07.075125,21847
7149460,289,Active,31,4,2013-12-11 09:10:07.080442,21847
7149461,290,Active,11,28,2013-12-11 09:10:07.085874,21847
7149462,291,Active,18,41,2013-12-11 09:10:07.092242,21847
7149463,292,Active,19,19,2013-12-11 09:10:07.097572,21847
7149464,293,Active,38,21,2013-12-11 09:10:07.104523,21847
7149465,294,Active,0,39,2013-12-11 09:10:07.110049,21847
7149466,295,Active,62,4,2013-12-11 09:10:07.115159,21847
7149467,296,Active,1,50,2013-12-11 09:10:07.120451,21847
7149468,297,Active,28,22,2013-12-11 09:10:07.126224,21847
7149469,298,Active,0,56,2013-12-11 09:10:07.131486,21847
7149470,299,Active,22,16,2013-12-11 09:10:07.136809,21847
7149471,300,Active,4,39,2013-12-11 09:10:07.142043,21847
7149472,301,Active,44,15,2013-12-11 09:10:07.147472,21847
7149473,302,Active,31,7,2013-12-11 09:10:07.15278,21847
7149474,303,Active,32,9,2013-12-11 09:10:07.158111,21847
7149475,305,Active,20,19,2013-12-11 09:10:07.165679,21847
7149476,306,Active,35,8,2013-12-11 09:10:07.170931,21847
7149477,307,Active,0,49,2013-12-11 09:10:07.176112,21847
7149478,308,Active,9,22,2013-12-11 09:10:07.18195,21847
7149479,309,Active,12,16,2013-12-11 09:10:07.187421,21847
7149480,310,Active,2,37,2013-12-11 09:10:07.192814,21847
7149481,311,Active,0,38,2013-12-11 09:10:07.198135,21847
7149482,312,Active,19,12,2013-12-11 09:10:07.203656,21847
7149483,313,Active,26,11,2013-12-11 09:10:07.208847,21847
7149484,314,Active,21,4,2013-12-11 09:10:07.214319,21847
7149485,315,Active,1,36,2013-12-11 09:10:07.22001,21847
7149486,316,Active,10,20,2013-12-11 09:10:07.225379,21847
7149487,317,Active,1,14,2013-12-11 09:10:07.233474,21847
7149488,318,Active,4,23,2013-12-11 09:10:07.238939,21847
7149489,319,Active,29,1,2013-12-11 09:10:07.244256,21847
7149490,320,Active,2,34,2013-12-11 09:10:07.249937,21847
7149491,321,Active,2,10,2013-12-11 09:10:07.255288,21847
7149492,322,Active,0,49,2013-12-11 09:10:07.260504,21847
7149493,332,Active,15,9,2013-12-11 09:10:07.265961,21847
7149494,327,Active,13,21,2013-12-11 09:10:07.271813,21847
7149495,328,Active,0,39,2013-12-11 09:10:07.277158,21847
7149496,331,Active,5,30,2013-12-11 09:10:07.282574,21847
7149497,323,Active,10,29,2013-12-11 09:10:07.289949,21847
7149498,324,Active,18,25,2013-12-11 09:10:07.295404,21847
7149499,329,Active,31,1,2013-12-11 09:10:07.300749,21847
7149500,325,Active,0,35,2013-12-11 09:10:07.306079,21847
7149501,326,Active,20,5,2013-12-11 09:10:07.311428,21847
7149502,1,Active,20,18,2013-12-11 09:20:05.655639,21848
7149503,2,Active,0,33,2013-12-11 09:20:05.66804,21848
7149504,3,Active,9,17,2013-12-11 09:20:05.674213,21848
7149505,4,Active,40,21,2013-12-11 09:20:05.679259,21848
7149506,5,Active,16,21,2013-12-11 09:20:05.684152,21848
7149507,6,Active,8,11,2013-12-11 09:20:05.690643,21848
7149508,7,Active,15,4,2013-12-11 09:20:05.695644,21848
7149509,8,Active,13,18,2013-12-11 09:20:05.700931,21848
7149510,9,Active,7,23,2013-12-11 09:20:05.734455,21848
7149511,10,Active,0,46,2013-12-11 09:20:05.739118,21848
7149512,11,Active,13,10,2013-12-11 09:20:05.744293,21848
7149513,12,Active,17,2,2013-12-11 09:20:05.749142,21848
7149514,13,Active,23,16,2013-12-11 09:20:05.753562,21848
7149515,14,Active,13,20,2013-12-11 09:20:05.757972,21848
7149516,15,Active,31,0,2013-12-11 09:20:05.76243,21848
7149517,16,Active,3,29,2013-12-11 09:20:05.767097,21848
7149518,17,Active,10,19,2013-12-11 09:20:05.774169,21848
7149519,18,Active,0,55,2013-12-11 09:20:05.778785,21848
7149520,19,Active,8,15,2013-12-11 09:20:05.811815,21848
7149521,20,Active,22,4,2013-12-11 09:20:05.817058,21848
7149522,21,Active,10,23,2013-12-11 09:20:05.822009,21848
7149523,22,Active,1,46,2013-12-11 09:20:05.826522,21848
7149524,23,Active,8,37,2013-12-11 09:20:05.831347,21848
7149525,24,Active,1,44,2013-12-11 09:20:05.835955,21848
7149526,25,Active,2,48,2013-12-11 09:20:05.840749,21848
7149527,26,Active,18,12,2013-12-11 09:20:05.84529,21848
7149528,27,Active,0,45,2013-12-11 09:20:05.849751,21848
7149529,28,Active,11,15,2013-12-11 09:20:05.854367,21848
7149530,29,Active,1,22,2013-12-11 09:20:05.859049,21848
7149531,30,Active,23,16,2013-12-11 09:20:05.892471,21848
7149532,31,Active,3,35,2013-12-11 09:20:05.897251,21848
7149533,32,Active,33,0,2013-12-11 09:20:05.901802,21848
7149534,33,Active,1,30,2013-12-11 09:20:05.906229,21848
7149535,34,Active,4,33,2013-12-11 09:20:05.910697,21848
7149536,35,Active,8,47,2013-12-11 09:20:05.916092,21848
7149537,36,Active,0,25,2013-12-11 09:20:05.922149,21848
7149538,37,Active,7,16,2013-12-11 09:20:05.92664,21848
7149539,38,Active,4,35,2013-12-11 09:20:05.931493,21848
7149540,39,Active,36,3,2013-12-11 09:20:05.936812,21848
7149541,40,Active,34,5,2013-12-11 09:20:05.971777,21848
7149542,41,Active,23,7,2013-12-11 09:20:05.977995,21848
7149543,42,Active,0,31,2013-12-11 09:20:05.983043,21848
7149544,43,Active,12,11,2013-12-11 09:20:05.988748,21848
7149545,44,Active,10,13,2013-12-11 09:20:05.995084,21848
7149546,45,Active,22,17,2013-12-11 09:20:06.003151,21848
7149547,46,Active,19,12,2013-12-11 09:20:06.00918,21848
7149548,47,Active,1,22,2013-12-11 09:20:06.018988,21848
7149549,48,Active,12,8,2013-12-11 09:20:06.050924,21848
7149550,49,Active,0,23,2013-12-11 09:20:06.056189,21848
7149551,50,Active,0,27,2013-12-11 09:20:06.061043,21848
7149552,51,Active,1,39,2013-12-11 09:20:06.065559,21848
7149553,52,Active,5,22,2013-12-11 09:20:06.070241,21848
7149554,53,Active,14,16,2013-12-11 09:20:06.07537,21848
7149555,54,Active,19,24,2013-12-11 09:20:06.08092,21848
7149556,55,Active,22,8,2013-12-11 09:20:06.085568,21848
7149557,56,Active,9,30,2013-12-11 09:20:06.117197,21848
7149558,57,Active,12,11,2013-12-11 09:20:06.130306,21848
7149559,58,Active,2,37,2013-12-11 09:20:06.137362,21848
7149560,59,Active,2,33,2013-12-11 09:20:06.147512,21848
7149561,60,Active,6,21,2013-12-11 09:20:06.153993,21848
7149562,61,Active,9,15,2013-12-11 09:20:06.162259,21848
7149563,62,Active,2,29,2013-12-11 09:20:06.169319,21848
7149564,63,Active,2,25,2013-12-11 09:20:06.175246,21848
7149565,64,Active,32,2,2013-12-11 09:20:06.207698,21848
7149566,65,Active,21,3,2013-12-11 09:20:06.213093,21848
7149567,66,Active,19,38,2013-12-11 09:20:06.218699,21848
7149568,67,Active,2,24,2013-12-11 09:20:06.224238,21848
7149569,68,Active,21,2,2013-12-11 09:20:06.229638,21848
7149570,69,Active,12,27,2013-12-11 09:20:06.234827,21848
7149571,70,Active,25,6,2013-12-11 09:20:06.240123,21848
7149572,71,Active,10,9,2013-12-11 09:20:06.24541,21848
7149573,72,Active,4,21,2013-12-11 09:20:06.250822,21848
7149574,73,Active,16,2,2013-12-11 09:20:06.2838,21848
7149575,74,Active,17,2,2013-12-11 09:20:06.289168,21848
7149576,75,Active,28,3,2013-12-11 09:20:06.294423,21848
7149577,76,Active,1,58,2013-12-11 09:20:06.299713,21848
7149578,77,Active,22,5,2013-12-11 09:20:06.305413,21848
7149579,78,Active,42,0,2013-12-11 09:20:06.310591,21848
7149580,79,Active,19,27,2013-12-11 09:20:06.316049,21848
7149581,80,Active,8,11,2013-12-11 09:20:06.321339,21848
7149582,81,Active,12,16,2013-12-11 09:20:06.359692,21848
7149583,82,Active,12,8,2013-12-11 09:20:06.366277,21848
7149584,83,Active,0,53,2013-12-11 09:20:06.373737,21848
7149585,84,Active,0,29,2013-12-11 09:20:06.379249,21848
7149586,85,Active,14,10,2013-12-11 09:20:06.384717,21848
7149587,86,Active,13,22,2013-12-11 09:20:06.390234,21848
7149588,87,Active,22,5,2013-12-11 09:20:06.396358,21848
7149589,88,Active,6,29,2013-12-11 09:20:06.403751,21848
7149590,89,Active,27,26,2013-12-11 09:20:06.409467,21848
7149591,90,Active,36,0,2013-12-11 09:20:06.440467,21848
7149592,91,Active,22,1,2013-12-11 09:20:06.44582,21848
7149593,92,Active,2,28,2013-12-11 09:20:06.451186,21848
7149594,93,Active,6,30,2013-12-11 09:20:06.45646,21848
7149595,94,Active,13,20,2013-12-11 09:20:06.461744,21848
7149596,95,Active,7,30,2013-12-11 09:20:06.467037,21848
7149597,96,Active,28,3,2013-12-11 09:20:06.472303,21848
7149598,97,Active,9,18,2013-12-11 09:20:06.477553,21848
7149599,98,Active,4,37,2013-12-11 09:20:06.482755,21848
7149600,99,Active,31,4,2013-12-11 09:20:06.516126,21848
7149601,100,Active,6,24,2013-12-11 09:20:06.5219,21848
7149602,101,Active,18,13,2013-12-11 09:20:06.527485,21848
7149603,102,Active,10,13,2013-12-11 09:20:06.53314,21848
7149604,103,Active,27,12,2013-12-11 09:20:06.543286,21848
7149605,104,Active,8,21,2013-12-11 09:20:06.549782,21848
7149606,105,Active,8,34,2013-12-11 09:20:06.555765,21848
7149607,106,Active,21,6,2013-12-11 09:20:06.561268,21848
7149608,107,Active,3,28,2013-12-11 09:20:06.592352,21848
7149609,108,Active,14,21,2013-12-11 09:20:06.597705,21848
7149610,109,Active,11,26,2013-12-11 09:20:06.603135,21848
7149611,110,Inactive,0,3,2013-12-11 09:20:06.608603,21848
7149612,111,Active,8,23,2013-12-11 09:20:06.614383,21848
7149613,112,Active,0,39,2013-12-11 09:20:06.642731,21848
7149614,113,Active,5,46,2013-12-11 09:20:06.670035,21848
7149615,114,Active,26,9,2013-12-11 09:20:06.675369,21848
7149616,115,Active,26,0,2013-12-11 09:20:06.680804,21848
7149617,116,Active,17,22,2013-12-11 09:20:06.685961,21848
7149618,117,Active,5,18,2013-12-11 09:20:06.6917,21848
7149619,118,Active,2,29,2013-12-11 09:20:06.696744,21848
7149620,119,Active,1,38,2013-12-11 09:20:06.701998,21848
7149621,120,Active,11,16,2013-12-11 09:20:06.707366,21848
7149622,121,Active,20,3,2013-12-11 09:20:06.712685,21848
7149623,122,Active,23,8,2013-12-11 09:20:06.747455,21848
7149624,123,Active,0,27,2013-12-11 09:20:06.753658,21848
7149625,124,Active,25,10,2013-12-11 09:20:06.759351,21848
7149626,125,Active,14,23,2013-12-11 09:20:06.766029,21848
7149627,126,Active,9,15,2013-12-11 09:20:06.772465,21848
7149628,127,Active,15,12,2013-12-11 09:20:06.779023,21848
7149629,128,Active,0,19,2013-12-11 09:20:06.784804,21848
7149630,129,Active,14,15,2013-12-11 09:20:06.791196,21848
7149631,130,Active,2,21,2013-12-11 09:20:06.82423,21848
7149632,131,Active,8,15,2013-12-11 09:20:06.829545,21848
7149633,132,Active,22,13,2013-12-11 09:20:06.838596,21848
7149634,133,Active,26,1,2013-12-11 09:20:06.844283,21848
7149635,134,Active,1,34,2013-12-11 09:20:06.850174,21848
7149636,135,Active,18,24,2013-12-11 09:20:06.855995,21848
7149637,136,Active,15,7,2013-12-11 09:20:06.86249,21848
7149638,137,Active,14,14,2013-12-11 09:20:06.867827,21848
7149639,138,Active,10,29,2013-12-11 09:20:06.900337,21848
7149640,139,Active,0,35,2013-12-11 09:20:06.90689,21848
7149641,140,Active,5,22,2013-12-11 09:20:06.913165,21848
7149642,141,Active,13,18,2013-12-11 09:20:06.919934,21848
7149643,142,Active,37,6,2013-12-11 09:20:06.925679,21848
7149644,143,Active,16,7,2013-12-11 09:20:06.931273,21848
7149645,144,Active,2,25,2013-12-11 09:20:06.936857,21848
7149646,145,Active,27,7,2013-12-11 09:20:06.941947,21848
7149647,146,Active,0,55,2013-12-11 09:20:06.976155,21848
7149648,147,Active,2,37,2013-12-11 09:20:06.982056,21848
7149649,148,Active,12,31,2013-12-11 09:20:06.987533,21848
7149650,149,Active,11,46,2013-12-11 09:20:06.992851,21848
7149651,150,Active,41,8,2013-12-11 09:20:06.998789,21848
7149652,151,Active,6,21,2013-12-11 09:20:07.004912,21848
7149653,152,Active,8,23,2013-12-11 09:20:07.011109,21848
7149654,153,Active,29,4,2013-12-11 09:20:07.016636,21848
7149655,154,Active,0,32,2013-12-11 09:20:07.02223,21848
7149656,155,Active,29,10,2013-12-11 09:20:07.028191,21848
7149657,156,Active,29,6,2013-12-11 09:20:07.0644,21848
7149658,157,Active,7,20,2013-12-11 09:20:07.07134,21848
7149659,158,Active,19,0,2013-12-11 09:20:07.076849,21848
7149660,159,Active,2,27,2013-12-11 09:20:07.082352,21848
7149661,160,Active,1,42,2013-12-11 09:20:07.088242,21848
7149662,161,Active,1,46,2013-12-11 09:20:07.09818,21848
7149663,162,Active,31,10,2013-12-11 09:20:07.105566,21848
7149664,163,Active,35,4,2013-12-11 09:20:07.139058,21848
7149665,164,Active,28,6,2013-12-11 09:20:07.14487,21848
7149666,165,Active,29,10,2013-12-11 09:20:07.151942,21848
7149667,166,Active,11,20,2013-12-11 09:20:07.158519,21848
7149668,167,Active,12,16,2013-12-11 09:20:07.164264,21848
7149669,168,Active,0,43,2013-12-11 09:20:07.193521,21848
7149670,169,Active,0,39,2013-12-11 09:20:07.220333,21848
7149671,170,Active,1,34,2013-12-11 09:20:07.226242,21848
7149672,171,Active,4,23,2013-12-11 09:20:07.232171,21848
7149673,172,Active,0,31,2013-12-11 09:20:07.238157,21848
7149674,173,Active,12,19,2013-12-11 09:20:07.244541,21848
7149675,174,Active,6,26,2013-12-11 09:20:07.250972,21848
7149676,175,Active,29,2,2013-12-11 09:20:07.256918,21848
7149677,176,Active,26,1,2013-12-11 09:20:07.26363,21848
7149678,177,Active,3,27,2013-12-11 09:20:07.296029,21848
7149679,178,Active,15,10,2013-12-11 09:20:07.302765,21848
7149680,179,Active,7,20,2013-12-11 09:20:07.308889,21848
7149681,180,Active,12,19,2013-12-11 09:20:07.314698,21848
7149682,181,Active,4,23,2013-12-11 09:20:07.320747,21848
7149683,182,Active,12,3,2013-12-11 09:20:07.326569,21848
7149684,183,Active,33,9,2013-12-11 09:20:07.331827,21848
7149685,184,Active,2,36,2013-12-11 09:20:07.337422,21848
7149686,185,Active,25,6,2013-12-11 09:20:07.372869,21848
7149687,186,Active,25,14,2013-12-11 09:20:07.379373,21848
7149688,187,Active,13,26,2013-12-11 09:20:07.385714,21848
7149689,188,Active,19,15,2013-12-11 09:20:07.391887,21848
7149690,189,Active,6,37,2013-12-11 09:20:07.398097,21848
7149691,190,Active,6,17,2013-12-11 09:20:07.403708,21848
7149692,191,Active,9,10,2013-12-11 09:20:07.408757,21848
7149693,192,Active,30,3,2013-12-11 09:20:07.414119,21848
7149694,193,Active,23,0,2013-12-11 09:20:07.447712,21848
7149695,194,Active,6,23,2013-12-11 09:20:07.454103,21848
7149696,195,Active,1,23,2013-12-11 09:20:07.460103,21848
7149697,196,Active,18,24,2013-12-11 09:20:07.466121,21848
7149698,197,Active,7,24,2013-12-11 09:20:07.471933,21848
7149699,198,Active,31,16,2013-12-11 09:20:07.477862,21848
7149700,199,Active,22,1,2013-12-11 09:20:07.483659,21848
7149701,200,Active,15,7,2013-12-11 09:20:07.489256,21848
7149702,201,Active,11,12,2013-12-11 09:20:07.522242,21848
7149703,202,Active,10,9,2013-12-11 09:20:07.527365,21848
7149704,203,Active,39,16,2013-12-11 09:20:07.532643,21848
7149705,204,Active,4,35,2013-12-11 09:20:07.538298,21848
7149706,205,Active,14,17,2013-12-11 09:20:07.543559,21848
7149707,206,Active,7,52,2013-12-11 09:20:07.548855,21848
7149708,207,Active,25,5,2013-12-11 09:20:07.558779,21848
7149709,208,Active,3,24,2013-12-11 09:20:07.564843,21848
7149710,209,Active,6,21,2013-12-11 09:20:07.599507,21848
7149711,210,Active,28,3,2013-12-11 09:20:07.605455,21848
7149712,211,Active,36,2,2013-12-11 09:20:07.611027,21848
7149713,212,Active,26,1,2013-12-11 09:20:07.616868,21848
7149714,213,Active,1,45,2013-12-11 09:20:07.62252,21848
7149715,214,Active,1,26,2013-12-11 09:20:07.627915,21848
7149716,215,Active,12,15,2013-12-11 09:20:07.63403,21848
7149717,216,Active,23,4,2013-12-11 09:20:07.639448,21848
7149718,217,Active,37,1,2013-12-11 09:20:07.67384,21848
7149719,218,Active,1,31,2013-12-11 09:20:07.679881,21848
7149720,219,Active,17,17,2013-12-11 09:20:07.685812,21848
7149721,220,Active,10,40,2013-12-11 09:20:07.691343,21848
7149722,221,Active,13,10,2013-12-11 09:20:07.696755,21848
7149723,222,Active,0,49,2013-12-11 09:20:07.702507,21848
7149724,223,Active,40,2,2013-12-11 09:20:07.707982,21848
7149725,224,Active,31,8,2013-12-11 09:20:07.737236,21848
7149726,225,Active,17,14,2013-12-11 09:20:07.751248,21848
7149727,226,Active,29,2,2013-12-11 09:20:07.756518,21848
7149728,227,Active,14,16,2013-12-11 09:20:07.761853,21848
7149729,228,Active,19,40,2013-12-11 09:20:07.767156,21848
7149730,229,Active,39,0,2013-12-11 09:20:07.772327,21848
7149731,230,Active,13,20,2013-12-11 09:20:07.77743,21848
7149732,231,Active,10,29,2013-12-11 09:20:07.786576,21848
7149733,232,Active,0,33,2013-12-11 09:20:07.792514,21848
7149734,233,Active,25,33,2013-12-11 09:20:07.826548,21848
7149735,234,Active,3,28,2013-12-11 09:20:07.832876,21848
7149736,235,Active,4,17,2013-12-11 09:20:07.83862,21848
7149737,236,Active,11,12,2013-12-11 09:20:07.843979,21848
7149738,237,Active,38,0,2013-12-11 09:20:07.849727,21848
7149739,238,Active,28,19,2013-12-11 09:20:07.855294,21848
7149740,239,Active,4,20,2013-12-11 09:20:07.860629,21848
7149741,240,Active,16,43,2013-12-11 09:20:07.86599,21848
7149742,241,Active,6,33,2013-12-11 09:20:07.871332,21848
7149743,242,Active,1,33,2013-12-11 09:20:07.904406,21848
7149744,243,Active,34,0,2013-12-11 09:20:07.910489,21848
7149745,244,Active,2,57,2013-12-11 09:20:07.915883,21848
7149746,245,Active,14,43,2013-12-11 09:20:07.921566,21848
7149747,246,Active,28,9,2013-12-11 09:20:07.927002,21848
7149748,247,Active,20,7,2013-12-11 09:20:07.932507,21848
7149749,248,Active,2,39,2013-12-11 09:20:07.937794,21848
7149750,249,Active,37,5,2013-12-11 09:20:07.944024,21848
7149751,250,Active,0,46,2013-12-11 09:20:07.949998,21848
7149752,251,Active,13,24,2013-12-11 09:20:07.987835,21848
7149753,252,Active,20,25,2013-12-11 09:20:07.994479,21848
7149754,253,Active,47,12,2013-12-11 09:20:08.000615,21848
7149755,254,Active,18,13,2013-12-11 09:20:08.006304,21848
7149756,255,Active,26,4,2013-12-11 09:20:08.011906,21848
7149757,256,Active,25,2,2013-12-11 09:20:08.018879,21848
7149758,257,Active,6,19,2013-12-11 09:20:08.024165,21848
7149759,258,Active,37,1,2013-12-11 09:20:08.02963,21848
7149760,259,Active,32,3,2013-12-11 09:20:08.065349,21848
7149761,260,Active,0,44,2013-12-11 09:20:08.073756,21848
7149762,261,Active,0,39,2013-12-11 09:20:08.079416,21848
7149763,262,Active,3,35,2013-12-11 09:20:08.084887,21848
7149764,263,Active,34,1,2013-12-11 09:20:08.090469,21848
7149765,264,Active,37,4,2013-12-11 09:20:08.096013,21848
7149766,265,Active,25,11,2013-12-11 09:20:08.101661,21848
7149767,266,Active,53,6,2013-12-11 09:20:08.107028,21848
7149768,267,Active,2,51,2013-12-11 09:20:08.112271,21848
7149769,268,Active,42,7,2013-12-11 09:20:08.143297,21848
7149770,269,Active,0,34,2013-12-11 09:20:08.149376,21848
7149771,270,Active,32,3,2013-12-11 09:20:08.154834,21848
7149772,271,Active,23,2,2013-12-11 09:20:08.160041,21848
7149773,272,Active,11,35,2013-12-11 09:20:08.165532,21848
7149774,273,Active,0,59,2013-12-11 09:20:08.170929,21848
7149775,274,Active,5,25,2013-12-11 09:20:08.176418,21848
7149776,275,Active,15,21,2013-12-11 09:20:08.181701,21848
7149777,276,Active,3,49,2013-12-11 09:20:08.187195,21848
7149778,277,Active,41,1,2013-12-11 09:20:08.220074,21848
7149779,330,Active,7,23,2013-12-11 09:20:08.227225,21848
7149780,278,Active,2,26,2013-12-11 09:20:08.232916,21848
7149781,279,Active,40,2,2013-12-11 09:20:08.262503,21848
7149782,280,Active,27,7,2013-12-11 09:20:08.297648,21848
7149783,281,Active,27,19,2013-12-11 09:20:08.30413,21848
7149784,282,Active,7,15,2013-12-11 09:20:08.309703,21848
7149785,283,Active,33,3,2013-12-11 09:20:08.315838,21848
7149786,284,Active,1,49,2013-12-11 09:20:08.321663,21848
7149787,285,Active,30,2,2013-12-11 09:20:08.327551,21848
7149788,286,Active,23,2,2013-12-11 09:20:08.333021,21848
7149789,287,Active,12,14,2013-12-11 09:20:08.338629,21848
7149790,288,Active,39,13,2013-12-11 09:20:08.371153,21848
7149791,289,Active,31,4,2013-12-11 09:20:08.378494,21848
7149792,290,Active,11,28,2013-12-11 09:20:08.384001,21848
7149793,291,Active,18,41,2013-12-11 09:20:08.389867,21848
7149794,292,Active,19,19,2013-12-11 09:20:08.398631,21848
7149795,293,Active,38,21,2013-12-11 09:20:08.408138,21848
7149796,294,Active,0,39,2013-12-11 09:20:08.414575,21848
7149797,295,Active,62,4,2013-12-11 09:20:08.449238,21848
7149798,296,Active,1,50,2013-12-11 09:20:08.455056,21848
7149799,297,Active,28,22,2013-12-11 09:20:08.46081,21848
7149800,298,Active,0,56,2013-12-11 09:20:08.466545,21848
7149801,299,Active,22,16,2013-12-11 09:20:08.47501,21848
7149802,300,Active,4,39,2013-12-11 09:20:08.480476,21848
7149803,301,Active,44,15,2013-12-11 09:20:08.485844,21848
7149804,302,Active,32,6,2013-12-11 09:20:08.491838,21848
7149805,303,Active,32,9,2013-12-11 09:20:08.527344,21848
7149806,305,Active,20,19,2013-12-11 09:20:08.533317,21848
7149807,306,Active,35,8,2013-12-11 09:20:08.539406,21848
7149808,307,Active,0,49,2013-12-11 09:20:08.544731,21848
7149809,308,Active,9,22,2013-12-11 09:20:08.55053,21848
7149810,309,Active,12,16,2013-12-11 09:20:08.556179,21848
7149811,310,Active,2,37,2013-12-11 09:20:08.561556,21848
7149812,311,Active,0,38,2013-12-11 09:20:08.566952,21848
7149813,312,Active,19,12,2013-12-11 09:20:08.572287,21848
7149814,313,Active,27,10,2013-12-11 09:20:08.577466,21848
7149815,314,Active,21,4,2013-12-11 09:20:08.609524,21848
7149816,315,Active,1,36,2013-12-11 09:20:08.616016,21848
7149817,316,Active,10,20,2013-12-11 09:20:08.621851,21848
7149818,317,Active,1,14,2013-12-11 09:20:08.627378,21848
7149819,318,Active,4,23,2013-12-11 09:20:08.633036,21848
7149820,319,Active,29,1,2013-12-11 09:20:08.638481,21848
7149821,320,Active,3,33,2013-12-11 09:20:08.644339,21848
7149822,321,Active,2,10,2013-12-11 09:20:08.649822,21848
7149823,322,Active,0,49,2013-12-11 09:20:08.655209,21848
7149824,332,Active,15,9,2013-12-11 09:20:08.688077,21848
7149825,327,Active,13,21,2013-12-11 09:20:08.694681,21848
7149826,328,Active,0,39,2013-12-11 09:20:08.700077,21848
7149827,331,Active,5,30,2013-12-11 09:20:08.705649,21848
7149828,323,Active,10,29,2013-12-11 09:20:08.711216,21848
7149829,324,Active,18,25,2013-12-11 09:20:08.71665,21848
7149830,329,Active,30,2,2013-12-11 09:20:08.722652,21848
7149831,325,Active,0,35,2013-12-11 09:20:08.729537,21848
7149832,326,Active,20,5,2013-12-11 09:20:08.734851,21848
7149833,1,Active,20,18,2013-12-11 09:30:05.633898,21849
7149834,2,Active,0,33,2013-12-11 09:30:05.64617,21849
7149835,3,Active,9,17,2013-12-11 09:30:05.651687,21849
7149836,4,Active,40,21,2013-12-11 09:30:05.656698,21849
7149837,5,Active,16,21,2013-12-11 09:30:05.661808,21849
7149838,6,Active,8,11,2013-12-11 09:30:05.667228,21849
7149839,7,Active,14,5,2013-12-11 09:30:05.672168,21849
7149840,8,Active,13,18,2013-12-11 09:30:05.676862,21849
7149841,9,Active,7,23,2013-12-11 09:30:05.683407,21849
7149842,10,Active,0,46,2013-12-11 09:30:05.688013,21849
7149843,11,Active,14,9,2013-12-11 09:30:05.692969,21849
7149844,12,Active,17,2,2013-12-11 09:30:05.697488,21849
7149845,13,Active,23,16,2013-12-11 09:30:05.702902,21849
7149846,14,Active,13,20,2013-12-11 09:30:05.708202,21849
7149847,15,Active,31,0,2013-12-11 09:30:05.713335,21849
7149848,16,Active,4,29,2013-12-11 09:30:05.71781,21849
7149849,17,Active,10,19,2013-12-11 09:30:05.722225,21849
7149850,18,Active,0,55,2013-12-11 09:30:05.726692,21849
7149851,19,Active,8,15,2013-12-11 09:30:05.731085,21849
7149852,20,Active,22,4,2013-12-11 09:30:05.735436,21849
7149853,21,Active,11,22,2013-12-11 09:30:05.743525,21849
7149854,22,Active,1,46,2013-12-11 09:30:05.748463,21849
7149855,23,Active,8,37,2013-12-11 09:30:05.753595,21849
7149856,24,Active,1,44,2013-12-11 09:30:05.758866,21849
7149857,25,Active,2,48,2013-12-11 09:30:05.763734,21849
7149858,26,Active,17,13,2013-12-11 09:30:05.768919,21849
7149859,27,Active,0,45,2013-12-11 09:30:05.774106,21849
7149860,28,Active,11,15,2013-12-11 09:30:05.779419,21849
7149861,29,Active,1,22,2013-12-11 09:30:05.784239,21849
7149862,30,Active,23,16,2013-12-11 09:30:05.789222,21849
7149863,31,Active,3,35,2013-12-11 09:30:05.794232,21849
7149864,32,Active,33,0,2013-12-11 09:30:05.799058,21849
7149865,33,Active,1,30,2013-12-11 09:30:05.804293,21849
7149866,34,Active,4,33,2013-12-11 09:30:05.809331,21849
7149867,35,Active,8,47,2013-12-11 09:30:05.814403,21849
7149868,36,Active,0,27,2013-12-11 09:30:05.819275,21849
7149869,37,Active,7,16,2013-12-11 09:30:05.824081,21849
7149870,38,Active,4,35,2013-12-11 09:30:05.830083,21849
7149871,39,Active,36,3,2013-12-11 09:30:05.834962,21849
7149872,40,Active,34,5,2013-12-11 09:30:05.839742,21849
7149873,41,Active,22,8,2013-12-11 09:30:05.845814,21849
7149874,42,Active,0,31,2013-12-11 09:30:05.851437,21849
7149875,43,Active,12,11,2013-12-11 09:30:05.859748,21849
7149876,44,Active,10,13,2013-12-11 09:30:05.86523,21849
7149877,45,Active,22,17,2013-12-11 09:30:05.870086,21849
7149878,46,Active,19,12,2013-12-11 09:30:05.875788,21849
7149879,47,Active,1,22,2013-12-11 09:30:05.88189,21849
7149880,48,Active,12,8,2013-12-11 09:30:05.888488,21849
7149881,49,Active,0,23,2013-12-11 09:30:05.894204,21849
7149882,50,Active,0,27,2013-12-11 09:30:05.899237,21849
7149883,51,Active,1,39,2013-12-11 09:30:05.904648,21849
7149884,52,Active,5,22,2013-12-11 09:30:05.91079,21849
7149885,53,Active,14,16,2013-12-11 09:30:05.916314,21849
7149886,54,Active,19,24,2013-12-11 09:30:05.924403,21849
7149887,55,Active,22,8,2013-12-11 09:30:05.929334,21849
7149888,56,Active,9,30,2013-12-11 09:30:05.957799,21849
7149889,57,Active,12,11,2013-12-11 09:30:05.963726,21849
7149890,58,Active,2,37,2013-12-11 09:30:05.969902,21849
7149891,59,Active,2,33,2013-12-11 09:30:05.975846,21849
7149892,60,Active,6,21,2013-12-11 09:30:05.981821,21849
7149893,61,Active,10,14,2013-12-11 09:30:05.987862,21849
7149894,62,Active,2,29,2013-12-11 09:30:05.993335,21849
7149895,63,Active,2,25,2013-12-11 09:30:05.999049,21849
7149896,64,Active,32,3,2013-12-11 09:30:06.005991,21849
7149897,65,Active,21,3,2013-12-11 09:30:06.015463,21849
7149898,66,Active,19,38,2013-12-11 09:30:06.021459,21849
7149899,67,Active,2,24,2013-12-11 09:30:06.031514,21849
7149900,68,Active,21,2,2013-12-11 09:30:06.037086,21849
7149901,69,Active,12,27,2013-12-11 09:30:06.043179,21849
7149902,70,Active,25,6,2013-12-11 09:30:06.0496,21849
7149903,71,Active,10,9,2013-12-11 09:30:06.055414,21849
7149904,72,Active,4,21,2013-12-11 09:30:06.061034,21849
7149905,73,Active,16,2,2013-12-11 09:30:06.066751,21849
7149906,74,Active,17,2,2013-12-11 09:30:06.072872,21849
7149907,75,Active,28,3,2013-12-11 09:30:06.078874,21849
7149908,76,Active,1,58,2013-12-11 09:30:06.084598,21849
7149909,77,Active,23,4,2013-12-11 09:30:06.092462,21849
7149910,78,Active,42,0,2013-12-11 09:30:06.098717,21849
7149911,79,Active,19,27,2013-12-11 09:30:06.104483,21849
7149912,80,Active,8,11,2013-12-11 09:30:06.110094,21849
7149913,81,Active,12,16,2013-12-11 09:30:06.11546,21849
7149914,82,Active,11,9,2013-12-11 09:30:06.121451,21849
7149915,83,Active,0,53,2013-12-11 09:30:06.127705,21849
7149916,84,Active,0,29,2013-12-11 09:30:06.134095,21849
7149917,85,Active,14,10,2013-12-11 09:30:06.140066,21849
7149918,86,Active,13,22,2013-12-11 09:30:06.146024,21849
7149919,87,Active,22,5,2013-12-11 09:30:06.151979,21849
7149920,88,Active,5,30,2013-12-11 09:30:06.157836,21849
7149921,89,Active,27,26,2013-12-11 09:30:06.16375,21849
7149922,90,Active,36,0,2013-12-11 09:30:06.169401,21849
7149923,91,Active,23,0,2013-12-11 09:30:06.175673,21849
7149924,92,Active,2,28,2013-12-11 09:30:06.181092,21849
7149925,93,Active,6,30,2013-12-11 09:30:06.186609,21849
7149926,94,Active,13,20,2013-12-11 09:30:06.192377,21849
7149927,95,Active,7,30,2013-12-11 09:30:06.198264,21849
7149928,96,Active,28,3,2013-12-11 09:30:06.20481,21849
7149929,97,Active,9,18,2013-12-11 09:30:06.21023,21849
7149930,98,Active,4,37,2013-12-11 09:30:06.216434,21849
7149931,99,Active,31,4,2013-12-11 09:30:06.223143,21849
7149932,100,Active,6,24,2013-12-11 09:30:06.229266,21849
7149933,101,Active,18,13,2013-12-11 09:30:06.235379,21849
7149934,102,Active,10,13,2013-12-11 09:30:06.241854,21849
7149935,103,Active,27,12,2013-12-11 09:30:06.24841,21849
7149936,104,Active,8,21,2013-12-11 09:30:06.255016,21849
7149937,105,Active,8,34,2013-12-11 09:30:06.262371,21849
7149938,106,Active,20,7,2013-12-11 09:30:06.268975,21849
7149939,107,Active,3,28,2013-12-11 09:30:06.274812,21849
7149940,108,Active,13,22,2013-12-11 09:30:06.280804,21849
7149941,109,Active,11,26,2013-12-11 09:30:06.28643,21849
7149942,110,Inactive,0,3,2013-12-11 09:30:06.292544,21849
7149943,111,Active,9,22,2013-12-11 09:30:06.299543,21849
7149944,112,Active,0,39,2013-12-11 09:30:06.327386,21849
7149945,113,Active,5,46,2013-12-11 09:30:06.33436,21849
7149946,114,Active,27,8,2013-12-11 09:30:06.340465,21849
7149947,115,Active,26,0,2013-12-11 09:30:06.346288,21849
7149948,116,Active,17,22,2013-12-11 09:30:06.352269,21849
7149949,117,Active,5,18,2013-12-11 09:30:06.360622,21849
7149950,118,Active,2,29,2013-12-11 09:30:06.366311,21849
7149951,119,Active,1,38,2013-12-11 09:30:06.371832,21849
7149952,120,Active,11,16,2013-12-11 09:30:06.378228,21849
7149953,121,Active,20,3,2013-12-11 09:30:06.384234,21849
7149954,122,Active,23,8,2013-12-11 09:30:06.389973,21849
7149955,123,Active,0,27,2013-12-11 09:30:06.395441,21849
7149956,124,Active,26,9,2013-12-11 09:30:06.403771,21849
7149957,125,Active,13,24,2013-12-11 09:30:06.409623,21849
7149958,126,Active,9,15,2013-12-11 09:30:06.415122,21849
7149959,127,Active,15,12,2013-12-11 09:30:06.421301,21849
7149960,128,Active,0,19,2013-12-11 09:30:06.427226,21849
7149961,129,Active,14,15,2013-12-11 09:30:06.433472,21849
7149962,130,Active,2,21,2013-12-11 09:30:06.439341,21849
7149963,131,Active,8,15,2013-12-11 09:30:06.445482,21849
7149964,132,Active,22,13,2013-12-11 09:30:06.453064,21849
7149965,133,Active,26,1,2013-12-11 09:30:06.458801,21849
7149966,134,Active,1,34,2013-12-11 09:30:06.464984,21849
7149967,135,Active,18,24,2013-12-11 09:30:06.472067,21849
7149968,136,Active,15,7,2013-12-11 09:30:06.477225,21849
7149969,137,Active,14,14,2013-12-11 09:30:06.482894,21849
7149970,138,Active,10,29,2013-12-11 09:30:06.488406,21849
7149971,139,Active,0,35,2013-12-11 09:30:06.494063,21849
7149972,140,Active,5,22,2013-12-11 09:30:06.500094,21849
7149973,141,Active,12,19,2013-12-11 09:30:06.506814,21849
7149974,142,Active,36,7,2013-12-11 09:30:06.512621,21849
7149975,143,Active,16,7,2013-12-11 09:30:06.518503,21849
7149976,144,Active,2,25,2013-12-11 09:30:06.524195,21849
7149977,145,Active,27,7,2013-12-11 09:30:06.529874,21849
7149978,146,Active,0,55,2013-12-11 09:30:06.536047,21849
7149979,147,Active,2,37,2013-12-11 09:30:06.541831,21849
7149980,148,Active,12,31,2013-12-11 09:30:06.547294,21849
7149981,149,Active,11,46,2013-12-11 09:30:06.553144,21849
7149982,150,Active,40,9,2013-12-11 09:30:06.559896,21849
7149983,151,Active,7,20,2013-12-11 09:30:06.566257,21849
7149984,152,Active,8,23,2013-12-11 09:30:06.5731,21849
7149985,153,Active,29,4,2013-12-11 09:30:06.579427,21849
7149986,154,Active,0,32,2013-12-11 09:30:06.588142,21849
7149987,155,Active,28,11,2013-12-11 09:30:06.593823,21849
7149988,156,Active,30,5,2013-12-11 09:30:06.599521,21849
7149989,157,Active,7,20,2013-12-11 09:30:06.605482,21849
7149990,158,Active,19,0,2013-12-11 09:30:06.611236,21849
7149991,159,Active,2,27,2013-12-11 09:30:06.617103,21849
7149992,160,Active,1,42,2013-12-11 09:30:06.622777,21849
7149993,161,Active,1,46,2013-12-11 09:30:06.629345,21849
7149994,162,Active,31,10,2013-12-11 09:30:06.635505,21849
7149995,163,Active,35,4,2013-12-11 09:30:06.641301,21849
7149996,164,Active,29,5,2013-12-11 09:30:06.646887,21849
7149997,165,Active,29,10,2013-12-11 09:30:06.65363,21849
7149998,166,Active,11,20,2013-12-11 09:30:06.659782,21849
7149999,167,Active,12,16,2013-12-11 09:30:06.665766,21849
7150000,168,Active,0,43,2013-12-11 09:30:06.696373,21849
7150001,169,Active,0,39,2013-12-11 09:30:06.702976,21849
7150002,170,Active,1,34,2013-12-11 09:30:06.709402,21849
7150003,171,Active,4,23,2013-12-11 09:30:06.71524,21849
7150004,172,Active,0,31,2013-12-11 09:30:06.721134,21849
7150005,173,Active,12,19,2013-12-11 09:30:06.727166,21849
7150006,174,Active,6,26,2013-12-11 09:30:06.733232,21849
7150007,175,Active,29,2,2013-12-11 09:30:06.739294,21849
7150008,176,Active,26,1,2013-12-11 09:30:06.745214,21849
7150009,177,Active,3,27,2013-12-11 09:30:06.751523,21849
7150010,178,Active,15,10,2013-12-11 09:30:06.757345,21849
7150011,179,Active,7,20,2013-12-11 09:30:06.763328,21849
7150012,180,Active,12,19,2013-12-11 09:30:06.769887,21849
7150013,181,Active,4,23,2013-12-11 09:30:06.775951,21849
7150014,182,Active,12,3,2013-12-11 09:30:06.781587,21849
7150015,183,Active,33,9,2013-12-11 09:30:06.78754,21849
7150016,184,Active,2,36,2013-12-11 09:30:06.793346,21849
7150017,185,Active,25,6,2013-12-11 09:30:06.799626,21849
7150018,186,Active,25,14,2013-12-11 09:30:06.805157,21849
7150019,187,Active,13,26,2013-12-11 09:30:06.810655,21849
7150020,188,Active,19,15,2013-12-11 09:30:06.816,21849
7150021,189,Active,6,37,2013-12-11 09:30:06.821908,21849
7150022,190,Active,6,17,2013-12-11 09:30:06.831557,21849
7150023,191,Active,9,10,2013-12-11 09:30:06.837565,21849
7150024,192,Active,30,3,2013-12-11 09:30:06.843034,21849
7150025,193,Active,23,0,2013-12-11 09:30:06.848833,21849
7150026,194,Active,6,23,2013-12-11 09:30:06.855428,21849
7150027,195,Active,1,23,2013-12-11 09:30:06.861368,21849
7150028,196,Active,18,24,2013-12-11 09:30:06.867146,21849
7150029,197,Active,7,24,2013-12-11 09:30:06.87309,21849
7150030,198,Active,31,16,2013-12-11 09:30:06.878333,21849
7150031,199,Active,22,1,2013-12-11 09:30:06.88446,21849
7150032,200,Active,15,7,2013-12-11 09:30:06.890756,21849
7150033,201,Active,11,12,2013-12-11 09:30:06.896658,21849
7150034,202,Active,10,9,2013-12-11 09:30:06.902332,21849
7150035,203,Active,39,16,2013-12-11 09:30:06.908152,21849
7150036,204,Active,3,36,2013-12-11 09:30:06.914011,21849
7150037,205,Active,13,18,2013-12-11 09:30:06.9201,21849
7150038,206,Active,7,52,2013-12-11 09:30:06.925728,21849
7150039,207,Active,24,6,2013-12-11 09:30:06.931735,21849
7150040,208,Active,3,24,2013-12-11 09:30:06.937681,21849
7150041,209,Active,6,21,2013-12-11 09:30:06.94333,21849
7150042,210,Active,29,2,2013-12-11 09:30:06.949751,21849
7150043,211,Active,37,1,2013-12-11 09:30:06.956229,21849
7150044,212,Active,26,1,2013-12-11 09:30:06.962465,21849
7150045,213,Active,1,45,2013-12-11 09:30:06.968546,21849
7150046,214,Active,1,26,2013-12-11 09:30:06.974687,21849
7150047,215,Active,12,15,2013-12-11 09:30:06.980606,21849
7150048,216,Active,25,2,2013-12-11 09:30:06.987736,21849
7150049,217,Active,36,2,2013-12-11 09:30:06.993905,21849
7150050,218,Active,1,31,2013-12-11 09:30:06.999988,21849
7150051,219,Active,17,17,2013-12-11 09:30:07.006622,21849
7150052,220,Active,10,40,2013-12-11 09:30:07.012246,21849
7150053,221,Active,14,9,2013-12-11 09:30:07.01936,21849
7150054,222,Active,0,49,2013-12-11 09:30:07.025269,21849
7150055,223,Active,40,2,2013-12-11 09:30:07.031273,21849
7150056,224,Active,32,7,2013-12-11 09:30:07.060133,21849
7150057,225,Active,17,14,2013-12-11 09:30:07.066391,21849
7150058,226,Active,30,1,2013-12-11 09:30:07.07214,21849
7150059,227,Active,14,16,2013-12-11 09:30:07.078661,21849
7150060,228,Active,19,40,2013-12-11 09:30:07.084647,21849
7150061,229,Active,39,0,2013-12-11 09:30:07.090726,21849
7150062,230,Active,13,20,2013-12-11 09:30:07.096326,21849
7150063,231,Active,10,29,2013-12-11 09:30:07.102099,21849
7150064,232,Active,0,33,2013-12-11 09:30:07.107891,21849
7150065,233,Active,25,33,2013-12-11 09:30:07.113489,21849
7150066,234,Active,3,28,2013-12-11 09:30:07.118999,21849
7150067,235,Active,4,17,2013-12-11 09:30:07.124567,21849
7150068,236,Active,12,11,2013-12-11 09:30:07.130318,21849
7150069,237,Active,38,0,2013-12-11 09:30:07.135922,21849
7150070,238,Active,28,19,2013-12-11 09:30:07.142602,21849
7150071,239,Active,4,20,2013-12-11 09:30:07.149097,21849
7150072,240,Active,16,43,2013-12-11 09:30:07.154743,21849
7150073,241,Active,6,33,2013-12-11 09:30:07.16055,21849
7150074,242,Active,1,33,2013-12-11 09:30:07.166671,21849
7150075,243,Active,34,0,2013-12-11 09:30:07.176072,21849
7150076,244,Active,2,57,2013-12-11 09:30:07.181858,21849
7150077,245,Active,13,44,2013-12-11 09:30:07.18762,21849
7150078,246,Active,28,9,2013-12-11 09:30:07.193702,21849
7150079,247,Active,20,7,2013-12-11 09:30:07.199307,21849
7150080,248,Active,2,39,2013-12-11 09:30:07.205369,21849
7150081,249,Active,37,5,2013-12-11 09:30:07.211147,21849
7150082,250,Active,0,46,2013-12-11 09:30:07.217848,21849
7150083,251,Active,13,24,2013-12-11 09:30:07.223504,21849
7150084,252,Active,20,25,2013-12-11 09:30:07.229806,21849
7150085,253,Active,47,12,2013-12-11 09:30:07.235677,21849
7150086,254,Active,18,13,2013-12-11 09:30:07.241391,21849
7150087,255,Active,26,4,2013-12-11 09:30:07.247033,21849
7150088,256,Active,25,2,2013-12-11 09:30:07.253808,21849
7150089,257,Active,5,20,2013-12-11 09:30:07.259889,21849
7150090,258,Active,37,1,2013-12-11 09:30:07.26588,21849
7150091,259,Active,32,3,2013-12-11 09:30:07.271865,21849
7150092,260,Active,0,44,2013-12-11 09:30:07.277512,21849
7150093,261,Active,0,39,2013-12-11 09:30:07.283967,21849
7150094,262,Active,3,35,2013-12-11 09:30:07.290146,21849
7150095,263,Active,34,1,2013-12-11 09:30:07.295923,21849
7150096,264,Active,37,4,2013-12-11 09:30:07.301877,21849
7150097,265,Active,25,11,2013-12-11 09:30:07.307462,21849
7150098,266,Active,53,6,2013-12-11 09:30:07.316557,21849
7150099,267,Active,2,51,2013-12-11 09:30:07.323238,21849
7150100,268,Active,43,6,2013-12-11 09:30:07.32927,21849
7150101,269,Active,0,34,2013-12-11 09:30:07.335062,21849
7150102,270,Active,32,3,2013-12-11 09:30:07.342018,21849
7150103,271,Active,23,2,2013-12-11 09:30:07.347905,21849
7150104,272,Active,11,35,2013-12-11 09:30:07.353844,21849
7150105,273,Active,0,59,2013-12-11 09:30:07.359723,21849
7150106,274,Active,5,25,2013-12-11 09:30:07.36568,21849
7150107,275,Active,15,21,2013-12-11 09:30:07.371487,21849
7150108,276,Active,3,49,2013-12-11 09:30:07.377533,21849
7150109,277,Active,41,1,2013-12-11 09:30:07.38347,21849
7150110,330,Active,7,23,2013-12-11 09:30:07.390306,21849
7150111,278,Active,2,26,2013-12-11 09:30:07.396969,21849
7150112,279,Active,40,2,2013-12-11 09:30:07.4309,21849
7150113,280,Active,26,8,2013-12-11 09:30:07.438561,21849
7150114,281,Active,27,19,2013-12-11 09:30:07.445077,21849
7150115,282,Active,7,15,2013-12-11 09:30:07.450897,21849
7150116,283,Active,32,4,2013-12-11 09:30:07.457022,21849
7150117,284,Active,1,49,2013-12-11 09:30:07.46417,21849
7150118,285,Active,30,2,2013-12-11 09:30:07.470111,21849
7150119,286,Active,23,2,2013-12-11 09:30:07.476007,21849
7150120,287,Active,12,14,2013-12-11 09:30:07.486054,21849
7150121,288,Active,38,14,2013-12-11 09:30:07.497043,21849
7150122,289,Active,32,3,2013-12-11 09:30:07.503354,21849
7150123,290,Active,10,29,2013-12-11 09:30:07.509952,21849
7150124,291,Active,18,41,2013-12-11 09:30:07.515991,21849
7150125,292,Active,19,19,2013-12-11 09:30:07.522378,21849
7150126,293,Active,38,21,2013-12-11 09:30:07.528524,21849
7150127,294,Active,0,39,2013-12-11 09:30:07.534418,21849
7150128,295,Active,62,4,2013-12-11 09:30:07.540284,21849
7150129,296,Active,1,50,2013-12-11 09:30:07.546392,21849
7150130,297,Active,28,22,2013-12-11 09:30:07.552497,21849
7150131,298,Active,0,56,2013-12-11 09:30:07.558021,21849
7150132,299,Active,22,16,2013-12-11 09:30:07.564463,21849
7150133,300,Active,4,39,2013-12-11 09:30:07.571161,21849
7150134,301,Active,44,15,2013-12-11 09:30:07.577743,21849
7150135,302,Active,31,7,2013-12-11 09:30:07.584196,21849
7150136,303,Active,32,9,2013-12-11 09:30:07.590276,21849
7150137,305,Active,20,19,2013-12-11 09:30:07.596776,21849
7150138,306,Active,35,8,2013-12-11 09:30:07.602442,21849
7150139,307,Active,0,49,2013-12-11 09:30:07.608601,21849
7150140,308,Active,9,22,2013-12-11 09:30:07.614295,21849
7150141,309,Active,12,16,2013-12-11 09:30:07.619811,21849
7150142,310,Active,2,37,2013-12-11 09:30:07.625523,21849
7150143,311,Active,0,38,2013-12-11 09:30:07.631482,21849
7150144,312,Active,19,12,2013-12-11 09:30:07.637936,21849
7150145,313,Active,25,12,2013-12-11 09:30:07.644149,21849
7150146,314,Active,21,4,2013-12-11 09:30:07.652507,21849
7150147,315,Active,1,36,2013-12-11 09:30:07.658976,21849
7150148,316,Active,10,20,2013-12-11 09:30:07.665002,21849
7150149,317,Active,1,14,2013-12-11 09:30:07.671219,21849
7150150,318,Active,4,23,2013-12-11 09:30:07.676878,21849
7150151,319,Active,29,1,2013-12-11 09:30:07.684281,21849
7150152,320,Active,3,33,2013-12-11 09:30:07.690153,21849
7150153,321,Active,2,10,2013-12-11 09:30:07.695551,21849
7150154,322,Active,0,49,2013-12-11 09:30:07.701326,21849
7150155,332,Active,15,9,2013-12-11 09:30:07.70705,21849
7150156,327,Active,13,21,2013-12-11 09:30:07.713356,21849
7150157,328,Active,0,39,2013-12-11 09:30:07.718902,21849
7150158,331,Active,6,29,2013-12-11 09:30:07.724659,21849
7150159,323,Active,10,29,2013-12-11 09:30:07.7306,21849
7150160,324,Active,18,25,2013-12-11 09:30:07.736464,21849
7150161,329,Active,31,1,2013-12-11 09:30:07.744283,21849
7150162,325,Active,0,35,2013-12-11 09:30:07.751544,21849
7150163,326,Active,20,5,2013-12-11 09:30:07.758143,21849
7150164,1,Active,19,19,2013-12-11 09:40:05.473989,21850
7150165,2,Active,0,33,2013-12-11 09:40:05.4905,21850
7150166,3,Active,9,17,2013-12-11 09:40:05.4951,21850
7150167,4,Active,39,22,2013-12-11 09:40:05.499433,21850
7150168,5,Active,16,21,2013-12-11 09:40:05.503856,21850
7150169,6,Active,8,11,2013-12-11 09:40:05.509043,21850
7150170,7,Active,14,5,2013-12-11 09:40:05.514039,21850
7150171,8,Active,13,18,2013-12-11 09:40:05.519174,21850
7150172,9,Active,7,23,2013-12-11 09:40:05.523967,21850
7150173,10,Active,0,46,2013-12-11 09:40:05.532982,21850
7150174,11,Active,13,10,2013-12-11 09:40:05.537646,21850
7150175,12,Active,17,2,2013-12-11 09:40:05.542339,21850
7150176,13,Active,23,16,2013-12-11 09:40:05.546919,21850
7150177,14,Active,13,20,2013-12-11 09:40:05.551811,21850
7150178,15,Active,30,1,2013-12-11 09:40:05.556357,21850
7150179,16,Active,4,29,2013-12-11 09:40:05.560954,21850
7150180,17,Active,10,19,2013-12-11 09:40:05.565499,21850
7150181,18,Active,1,54,2013-12-11 09:40:05.570161,21850
7150182,19,Active,8,15,2013-12-11 09:40:05.574961,21850
7150183,20,Active,22,4,2013-12-11 09:40:05.580547,21850
7150184,21,Active,11,24,2013-12-11 09:40:05.585099,21850
7150185,22,Active,1,46,2013-12-11 09:40:05.589983,21850
7150186,23,Active,8,37,2013-12-11 09:40:05.595307,21850
7150187,24,Active,1,44,2013-12-11 09:40:05.599819,21850
7150188,25,Active,2,48,2013-12-11 09:40:05.604294,21850
7150189,26,Active,17,13,2013-12-11 09:40:05.610148,21850
7150190,27,Active,0,45,2013-12-11 09:40:05.614547,21850
7150191,28,Active,12,14,2013-12-11 09:40:05.618877,21850
7150192,29,Active,1,22,2013-12-11 09:40:05.623281,21850
7150193,30,Active,23,16,2013-12-11 09:40:05.627822,21850
7150194,31,Active,3,35,2013-12-11 09:40:05.632235,21850
7150195,32,Active,33,0,2013-12-11 09:40:05.640071,21850
7150196,33,Active,1,30,2013-12-11 09:40:05.644898,21850
7150197,34,Active,4,33,2013-12-11 09:40:05.649451,21850
7150198,35,Active,8,47,2013-12-11 09:40:05.654163,21850
7150199,36,Active,0,27,2013-12-11 09:40:05.659155,21850
7150200,37,Active,7,16,2013-12-11 09:40:05.663507,21850
7150201,38,Active,4,35,2013-12-11 09:40:05.667936,21850
7150202,39,Active,36,3,2013-12-11 09:40:05.672965,21850
7150203,40,Active,35,4,2013-12-11 09:40:05.677412,21850
7150204,41,Active,22,8,2013-12-11 09:40:05.682481,21850
7150205,42,Active,0,31,2013-12-11 09:40:05.687242,21850
7150206,43,Active,12,11,2013-12-11 09:40:05.691816,21850
7150207,44,Active,10,13,2013-12-11 09:40:05.696403,21850
7150208,45,Active,22,17,2013-12-11 09:40:05.701252,21850
7150209,46,Active,19,12,2013-12-11 09:40:05.705991,21850
7150210,47,Active,1,22,2013-12-11 09:40:05.712923,21850
7150211,48,Active,12,8,2013-12-11 09:40:05.720669,21850
7150212,49,Active,0,23,2013-12-11 09:40:05.725213,21850
7150213,50,Active,0,27,2013-12-11 09:40:05.729696,21850
7150214,51,Active,1,39,2013-12-11 09:40:05.734049,21850
7150215,52,Active,5,22,2013-12-11 09:40:05.738448,21850
7150216,53,Active,13,17,2013-12-11 09:40:05.742929,21850
7150217,54,Active,19,24,2013-12-11 09:40:05.749237,21850
7150218,55,Active,22,8,2013-12-11 09:40:05.753886,21850
7150219,56,Active,9,30,2013-12-11 09:40:05.781872,21850
7150220,57,Active,12,11,2013-12-11 09:40:05.786951,21850
7150221,58,Active,2,37,2013-12-11 09:40:05.792387,21850
7150222,59,Active,2,33,2013-12-11 09:40:05.797697,21850
7150223,60,Active,6,21,2013-12-11 09:40:05.80526,21850
7150224,61,Active,10,14,2013-12-11 09:40:05.810917,21850
7150225,62,Active,2,29,2013-12-11 09:40:05.81598,21850
7150226,63,Active,2,25,2013-12-11 09:40:05.821177,21850
7150227,64,Active,32,3,2013-12-11 09:40:05.826719,21850
7150228,65,Active,21,3,2013-12-11 09:40:05.832002,21850
7150229,66,Active,19,38,2013-12-11 09:40:05.837611,21850
7150230,67,Active,2,24,2013-12-11 09:40:05.842821,21850
7150231,68,Active,21,2,2013-12-11 09:40:05.847979,21850
7150232,69,Active,12,27,2013-12-11 09:40:05.853401,21850
7150233,70,Active,25,6,2013-12-11 09:40:05.858644,21850
7150234,71,Active,10,9,2013-12-11 09:40:05.86379,21850
7150235,72,Active,4,21,2013-12-11 09:40:05.869923,21850
7150236,73,Active,16,2,2013-12-11 09:40:05.875508,21850
7150237,74,Active,17,2,2013-12-11 09:40:05.880743,21850
7150238,75,Active,28,3,2013-12-11 09:40:05.88638,21850
7150239,76,Active,1,58,2013-12-11 09:40:05.892105,21850
7150240,77,Active,22,5,2013-12-11 09:40:05.897259,21850
7150241,78,Active,42,0,2013-12-11 09:40:05.902289,21850
7150242,79,Active,18,28,2013-12-11 09:40:05.907376,21850
7150243,80,Active,8,11,2013-12-11 09:40:05.912715,21850
7150244,81,Active,12,16,2013-12-11 09:40:05.918378,21850
7150245,82,Active,12,8,2013-12-11 09:40:05.924726,21850
7150246,83,Active,0,53,2013-12-11 09:40:05.93008,21850
7150247,84,Active,0,29,2013-12-11 09:40:05.935494,21850
7150248,85,Active,14,10,2013-12-11 09:40:05.940866,21850
7150249,86,Active,13,22,2013-12-11 09:40:05.946223,21850
7150250,87,Active,22,5,2013-12-11 09:40:05.951502,21850
7150251,88,Active,6,29,2013-12-11 09:40:05.956482,21850
7150252,89,Active,27,26,2013-12-11 09:40:05.961773,21850
7150253,90,Active,36,0,2013-12-11 09:40:05.967292,21850
7150254,91,Active,23,0,2013-12-11 09:40:05.973076,21850
7150255,92,Active,2,28,2013-12-11 09:40:05.978352,21850
7150256,93,Active,6,30,2013-12-11 09:40:05.983529,21850
7150257,94,Active,13,20,2013-12-11 09:40:05.988659,21850
7150258,95,Active,7,30,2013-12-11 09:40:05.993879,21850
7150259,96,Active,29,2,2013-12-11 09:40:05.999219,21850
7150260,97,Active,9,18,2013-12-11 09:40:06.005696,21850
7150261,98,Active,4,37,2013-12-11 09:40:06.015467,21850
7150262,99,Active,31,4,2013-12-11 09:40:06.020733,21850
7150263,100,Active,6,24,2013-12-11 09:40:06.031473,21850
7150264,101,Active,18,13,2013-12-11 09:40:06.036874,21850
7150265,102,Active,10,13,2013-12-11 09:40:06.04209,21850
7150266,103,Active,27,12,2013-12-11 09:40:06.047395,21850
7150267,104,Active,8,21,2013-12-11 09:40:06.058114,21850
7150268,105,Active,8,34,2013-12-11 09:40:06.063861,21850
7150269,106,Active,20,7,2013-12-11 09:40:06.069497,21850
7150270,107,Active,3,28,2013-12-11 09:40:06.07484,21850
7150271,108,Active,14,21,2013-12-11 09:40:06.080069,21850
7150272,109,Active,11,26,2013-12-11 09:40:06.085156,21850
7150273,110,Inactive,0,3,2013-12-11 09:40:06.09024,21850
7150274,111,Active,9,22,2013-12-11 09:40:06.096871,21850
7150275,112,Active,0,39,2013-12-11 09:40:06.124221,21850
7150276,113,Active,5,46,2013-12-11 09:40:06.130302,21850
7150277,114,Active,26,9,2013-12-11 09:40:06.135509,21850
7150278,115,Active,26,0,2013-12-11 09:40:06.140787,21850
7150279,116,Active,17,22,2013-12-11 09:40:06.147006,21850
7150280,117,Active,5,18,2013-12-11 09:40:06.15218,21850
7150281,118,Active,2,29,2013-12-11 09:40:06.157297,21850
7150282,119,Active,1,38,2013-12-11 09:40:06.162482,21850
7150283,120,Active,11,16,2013-12-11 09:40:06.167688,21850
7150284,121,Active,19,4,2013-12-11 09:40:06.173752,21850
7150285,122,Active,23,8,2013-12-11 09:40:06.179748,21850
7150286,123,Active,0,27,2013-12-11 09:40:06.185566,21850
7150287,124,Active,26,9,2013-12-11 09:40:06.190698,21850
7150288,125,Active,13,24,2013-12-11 09:40:06.196548,21850
7150289,126,Active,9,15,2013-12-11 09:40:06.201932,21850
7150290,127,Active,15,12,2013-12-11 09:40:06.207482,21850
7150291,128,Active,0,19,2013-12-11 09:40:06.212726,21850
7150292,129,Active,14,15,2013-12-11 09:40:06.218274,21850
7150293,130,Active,2,21,2013-12-11 09:40:06.22357,21850
7150294,131,Active,8,15,2013-12-11 09:40:06.228879,21850
7150295,132,Active,22,13,2013-12-11 09:40:06.23424,21850
7150296,133,Active,25,2,2013-12-11 09:40:06.241056,21850
7150297,134,Active,1,34,2013-12-11 09:40:06.246384,21850
7150298,135,Active,18,24,2013-12-11 09:40:06.252051,21850
7150299,136,Active,15,8,2013-12-11 09:40:06.257111,21850
7150300,137,Active,14,14,2013-12-11 09:40:06.262332,21850
7150301,138,Active,10,29,2013-12-11 09:40:06.268934,21850
7150302,139,Active,0,35,2013-12-11 09:40:06.274723,21850
7150303,140,Active,5,22,2013-12-11 09:40:06.281626,21850
7150304,141,Active,13,18,2013-12-11 09:40:06.287285,21850
7150305,142,Active,36,7,2013-12-11 09:40:06.293145,21850
7150306,143,Active,16,7,2013-12-11 09:40:06.299048,21850
7150307,144,Active,2,25,2013-12-11 09:40:06.305194,21850
7150308,145,Active,27,7,2013-12-11 09:40:06.310454,21850
7150309,146,Active,0,55,2013-12-11 09:40:06.315658,21850
7150310,147,Active,2,37,2013-12-11 09:40:06.321457,21850
7150311,148,Active,12,31,2013-12-11 09:40:06.327479,21850
7150312,149,Active,11,46,2013-12-11 09:40:06.333236,21850
7150313,150,Active,41,8,2013-12-11 09:40:06.340172,21850
7150314,151,Active,6,21,2013-12-11 09:40:06.345711,21850
7150315,152,Active,8,23,2013-12-11 09:40:06.350978,21850
7150316,153,Active,29,4,2013-12-11 09:40:06.356575,21850
7150317,154,Active,0,32,2013-12-11 09:40:06.361988,21850
7150318,155,Active,29,10,2013-12-11 09:40:06.367286,21850
7150319,156,Active,30,5,2013-12-11 09:40:06.372554,21850
7150320,157,Active,7,20,2013-12-11 09:40:06.377963,21850
7150321,158,Active,19,0,2013-12-11 09:40:06.383048,21850
7150322,159,Active,2,27,2013-12-11 09:40:06.388268,21850
7150323,160,Active,1,42,2013-12-11 09:40:06.39389,21850
7150324,161,Active,1,46,2013-12-11 09:40:06.401046,21850
7150325,162,Active,32,9,2013-12-11 09:40:06.406519,21850
7150326,163,Active,34,5,2013-12-11 09:40:06.412007,21850
7150327,164,Active,28,6,2013-12-11 09:40:06.417749,21850
7150328,165,Active,29,10,2013-12-11 09:40:06.423257,21850
7150329,166,Active,11,20,2013-12-11 09:40:06.433478,21850
7150330,167,Active,12,16,2013-12-11 09:40:06.438999,21850
7150331,168,Active,0,43,2013-12-11 09:40:06.465751,21850
7150332,169,Active,0,39,2013-12-11 09:40:06.471525,21850
7150333,170,Active,1,34,2013-12-11 09:40:06.476854,21850
7150334,171,Active,4,23,2013-12-11 09:40:06.48221,21850
7150335,172,Active,0,31,2013-12-11 09:40:06.487488,21850
7150336,173,Active,12,19,2013-12-11 09:40:06.492884,21850
7150337,174,Active,6,26,2013-12-11 09:40:06.49926,21850
7150338,175,Active,29,2,2013-12-11 09:40:06.504572,21850
7150339,176,Active,26,1,2013-12-11 09:40:06.509863,21850
7150340,177,Active,3,27,2013-12-11 09:40:06.515356,21850
7150341,178,Active,15,10,2013-12-11 09:40:06.520528,21850
7150342,179,Active,7,20,2013-12-11 09:40:06.525718,21850
7150343,180,Active,12,19,2013-12-11 09:40:06.530967,21850
7150344,181,Active,4,23,2013-12-11 09:40:06.536087,21850
7150345,182,Active,12,3,2013-12-11 09:40:06.541234,21850
7150346,183,Active,33,9,2013-12-11 09:40:06.546476,21850
7150347,184,Active,2,36,2013-12-11 09:40:06.551882,21850
7150348,185,Active,24,7,2013-12-11 09:40:06.558589,21850
7150349,186,Active,25,14,2013-12-11 09:40:06.563628,21850
7150350,187,Active,13,26,2013-12-11 09:40:06.568934,21850
7150351,188,Active,19,15,2013-12-11 09:40:06.57416,21850
7150352,189,Active,6,37,2013-12-11 09:40:06.581287,21850
7150353,190,Active,6,17,2013-12-11 09:40:06.586627,21850
7150354,191,Active,9,10,2013-12-11 09:40:06.591872,21850
7150355,192,Active,28,6,2013-12-11 09:40:06.597371,21850
7150356,193,Active,22,1,2013-12-11 09:40:06.602686,21850
7150357,194,Active,6,23,2013-12-11 09:40:06.607963,21850
7150358,195,Active,1,23,2013-12-11 09:40:06.61313,21850
7150359,196,Active,18,24,2013-12-11 09:40:06.618177,21850
7150360,197,Active,7,24,2013-12-11 09:40:06.623672,21850
7150361,198,Active,31,16,2013-12-11 09:40:06.629035,21850
7150362,199,Active,22,1,2013-12-11 09:40:06.6341,21850
7150363,200,Active,14,8,2013-12-11 09:40:06.639371,21850
7150364,201,Active,11,12,2013-12-11 09:40:06.644419,21850
7150365,202,Active,10,9,2013-12-11 09:40:06.649693,21850
7150366,203,Active,39,16,2013-12-11 09:40:06.654891,21850
7150367,204,Active,3,36,2013-12-11 09:40:06.660472,21850
7150368,205,Active,14,17,2013-12-11 09:40:06.666073,21850
7150369,206,Active,7,52,2013-12-11 09:40:06.671546,21850
7150370,207,Active,24,6,2013-12-11 09:40:06.678078,21850
7150371,208,Active,3,24,2013-12-11 09:40:06.683545,21850
7150372,209,Active,6,21,2013-12-11 09:40:06.689041,21850
7150373,210,Active,30,1,2013-12-11 09:40:06.694379,21850
7150374,211,Active,36,2,2013-12-11 09:40:06.701086,21850
7150375,212,Active,26,1,2013-12-11 09:40:06.707232,21850
7150376,213,Active,1,45,2013-12-11 09:40:06.712433,21850
7150377,214,Active,1,26,2013-12-11 09:40:06.718729,21850
7150378,215,Active,12,15,2013-12-11 09:40:06.72396,21850
7150379,216,Active,25,2,2013-12-11 09:40:06.729497,21850
7150380,217,Active,37,1,2013-12-11 09:40:06.735164,21850
7150381,218,Active,1,31,2013-12-11 09:40:06.741959,21850
7150382,219,Active,17,17,2013-12-11 09:40:06.747365,21850
7150383,220,Active,10,40,2013-12-11 09:40:06.752492,21850
7150384,221,Active,13,10,2013-12-11 09:40:06.758011,21850
7150385,222,Active,0,49,2013-12-11 09:40:06.763436,21850
7150386,223,Active,40,2,2013-12-11 09:40:06.769198,21850
7150387,224,Active,32,7,2013-12-11 09:40:06.796809,21850
7150388,225,Active,17,14,2013-12-11 09:40:06.802766,21850
7150389,226,Active,29,2,2013-12-11 09:40:06.808186,21850
7150390,227,Active,14,16,2013-12-11 09:40:06.814381,21850
7150391,228,Active,19,40,2013-12-11 09:40:06.820051,21850
7150392,229,Active,39,0,2013-12-11 09:40:06.841128,21850
7150393,230,Active,13,20,2013-12-11 09:40:06.846332,21850
7150394,231,Active,10,29,2013-12-11 09:40:06.852626,21850
7150395,232,Active,0,33,2013-12-11 09:40:06.858018,21850
7150396,233,Active,25,33,2013-12-11 09:40:06.865284,21850
7150397,234,Active,3,28,2013-12-11 09:40:06.870689,21850
7150398,235,Active,4,17,2013-12-11 09:40:06.876026,21850
7150399,236,Active,11,12,2013-12-11 09:40:06.881253,21850
7150400,237,Active,36,2,2013-12-11 09:40:06.886594,21850
7150401,238,Active,28,19,2013-12-11 09:40:06.891771,21850
7150402,239,Active,4,20,2013-12-11 09:40:06.8973,21850
7150403,240,Active,17,42,2013-12-11 09:40:06.902736,21850
7150404,241,Active,6,33,2013-12-11 09:40:06.909346,21850
7150405,242,Active,1,33,2013-12-11 09:40:06.916445,21850
7150406,243,Active,34,0,2013-12-11 09:40:06.92283,21850
7150407,244,Active,2,57,2013-12-11 09:40:06.928861,21850
7150408,245,Active,13,44,2013-12-11 09:40:06.934742,21850
7150409,246,Active,28,9,2013-12-11 09:40:06.940188,21850
7150410,247,Active,20,7,2013-12-11 09:40:06.946103,21850
7150411,248,Active,2,39,2013-12-11 09:40:06.951421,21850
7150412,249,Active,37,5,2013-12-11 09:40:06.957225,21850
7150413,250,Active,0,46,2013-12-11 09:40:06.962753,21850
7150414,251,Active,13,24,2013-12-11 09:40:06.968319,21850
7150415,252,Active,20,25,2013-12-11 09:40:06.974083,21850
7150416,253,Active,46,13,2013-12-11 09:40:06.980178,21850
7150417,254,Active,17,14,2013-12-11 09:40:06.986198,21850
7150418,255,Active,26,4,2013-12-11 09:40:06.992047,21850
7150419,256,Active,25,2,2013-12-11 09:40:06.998216,21850
7150420,257,Active,6,19,2013-12-11 09:40:07.004379,21850
7150421,258,Active,36,2,2013-12-11 09:40:07.011115,21850
7150422,259,Active,33,2,2013-12-11 09:40:07.016915,21850
7150423,260,Active,0,44,2013-12-11 09:40:07.022862,21850
7150424,261,Active,0,39,2013-12-11 09:40:07.02843,21850
7150425,262,Active,3,35,2013-12-11 09:40:07.034637,21850
7150426,263,Active,34,1,2013-12-11 09:40:07.040075,21850
7150427,264,Active,37,4,2013-12-11 09:40:07.046132,21850
7150428,265,Active,25,11,2013-12-11 09:40:07.051699,21850
7150429,266,Active,53,6,2013-12-11 09:40:07.057177,21850
7150430,267,Active,2,51,2013-12-11 09:40:07.062913,21850
7150431,268,Active,43,6,2013-12-11 09:40:07.068934,21850
7150432,269,Active,0,34,2013-12-11 09:40:07.075123,21850
7150433,270,Active,32,3,2013-12-11 09:40:07.081103,21850
7150434,271,Active,23,2,2013-12-11 09:40:07.086669,21850
7150435,272,Active,11,35,2013-12-11 09:40:07.092646,21850
7150436,273,Active,0,59,2013-12-11 09:40:07.09895,21850
7150437,274,Active,5,25,2013-12-11 09:40:07.104132,21850
7150438,275,Active,15,21,2013-12-11 09:40:07.10979,21850
7150439,276,Active,3,49,2013-12-11 09:40:07.116925,21850
7150440,277,Active,41,1,2013-12-11 09:40:07.122887,21850
7150441,330,Active,7,23,2013-12-11 09:40:07.133539,21850
7150442,278,Active,2,26,2013-12-11 09:40:07.139301,21850
7150443,279,Active,39,3,2013-12-11 09:40:07.167375,21850
7150444,280,Active,27,7,2013-12-11 09:40:07.173368,21850
7150445,281,Active,27,19,2013-12-11 09:40:07.179267,21850
7150446,282,Active,7,15,2013-12-11 09:40:07.184801,21850
7150447,283,Active,32,4,2013-12-11 09:40:07.191567,21850
7150448,284,Active,1,49,2013-12-11 09:40:07.196921,21850
7150449,285,Active,30,2,2013-12-11 09:40:07.202372,21850
7150450,286,Active,23,2,2013-12-11 09:40:07.208188,21850
7150451,287,Active,12,14,2013-12-11 09:40:07.213976,21850
7150452,288,Active,39,13,2013-12-11 09:40:07.219552,21850
7150453,289,Active,31,4,2013-12-11 09:40:07.225614,21850
7150454,290,Active,11,28,2013-12-11 09:40:07.232544,21850
7150455,291,Active,18,41,2013-12-11 09:40:07.238884,21850
7150456,292,Active,19,19,2013-12-11 09:40:07.245535,21850
7150457,293,Active,38,21,2013-12-11 09:40:07.251932,21850
7150458,294,Active,0,39,2013-12-11 09:40:07.258059,21850
7150459,295,Active,61,5,2013-12-11 09:40:07.263928,21850
7150460,296,Active,1,50,2013-12-11 09:40:07.270089,21850
7150461,297,Active,28,22,2013-12-11 09:40:07.276184,21850
7150462,298,Active,0,56,2013-12-11 09:40:07.282312,21850
7150463,299,Active,22,16,2013-12-11 09:40:07.289201,21850
7150464,300,Active,4,39,2013-12-11 09:40:07.29539,21850
7150465,301,Active,44,15,2013-12-11 09:40:07.301323,21850
7150466,302,Active,32,6,2013-12-11 09:40:07.307658,21850
7150467,303,Active,32,9,2013-12-11 09:40:07.3142,21850
7150468,305,Active,19,20,2013-12-11 09:40:07.319649,21850
7150469,306,Active,36,7,2013-12-11 09:40:07.325683,21850
7150470,307,Active,0,49,2013-12-11 09:40:07.331475,21850
7150471,308,Active,9,22,2013-12-11 09:40:07.337365,21850
7150472,309,Active,12,16,2013-12-11 09:40:07.343606,21850
7150473,310,Active,2,37,2013-12-11 09:40:07.349334,21850
7150474,311,Active,0,38,2013-12-11 09:40:07.355538,21850
7150475,312,Active,19,12,2013-12-11 09:40:07.362002,21850
7150476,313,Active,26,11,2013-12-11 09:40:07.368199,21850
7150477,314,Active,21,4,2013-12-11 09:40:07.374392,21850
7150478,315,Active,1,36,2013-12-11 09:40:07.380234,21850
7150479,316,Active,10,20,2013-12-11 09:40:07.386109,21850
7150480,317,Active,1,14,2013-12-11 09:40:07.392004,21850
7150481,318,Active,4,23,2013-12-11 09:40:07.397727,21850
7150482,319,Active,29,1,2013-12-11 09:40:07.403899,21850
7150483,320,Active,3,33,2013-12-11 09:40:07.409877,21850
7150484,321,Active,2,10,2013-12-11 09:40:07.415894,21850
7150485,322,Active,0,49,2013-12-11 09:40:07.422332,21850
7150486,332,Active,15,9,2013-12-11 09:40:07.429435,21850
7150487,327,Active,13,21,2013-12-11 09:40:07.435474,21850
7150488,328,Active,0,39,2013-12-11 09:40:07.441724,21850
7150489,331,Active,5,30,2013-12-11 09:40:07.447784,21850
7150490,323,Active,10,29,2013-12-11 09:40:07.453461,21850
7150491,324,Active,18,25,2013-12-11 09:40:07.459266,21850
7150492,329,Active,30,2,2013-12-11 09:40:07.464974,21850
7150493,325,Active,0,35,2013-12-11 09:40:07.470813,21850
7150494,326,Active,20,5,2013-12-11 09:40:07.476675,21850
7150495,1,Active,20,18,2013-12-11 09:50:05.429065,21851
7150496,2,Active,0,33,2013-12-11 09:50:05.440403,21851
7150497,3,Active,9,17,2013-12-11 09:50:05.44527,21851
7150498,4,Active,40,21,2013-12-11 09:50:05.450445,21851
7150499,5,Active,16,21,2013-12-11 09:50:05.454941,21851
7150500,6,Active,8,11,2013-12-11 09:50:05.459533,21851
7150501,7,Active,14,5,2013-12-11 09:50:05.464066,21851
7150502,8,Active,13,18,2013-12-11 09:50:05.468503,21851
7150503,9,Active,7,23,2013-12-11 09:50:05.473282,21851
7150504,10,Active,0,46,2013-12-11 09:50:05.482075,21851
7150505,11,Active,14,9,2013-12-11 09:50:05.486473,21851
7150506,12,Active,17,2,2013-12-11 09:50:05.490897,21851
7150507,13,Active,23,16,2013-12-11 09:50:05.495437,21851
7150508,14,Active,13,20,2013-12-11 09:50:05.499871,21851
7150509,15,Active,31,0,2013-12-11 09:50:05.504244,21851
7150510,16,Active,4,29,2013-12-11 09:50:05.509447,21851
7150511,17,Active,10,19,2013-12-11 09:50:05.514183,21851
7150512,18,Active,1,54,2013-12-11 09:50:05.518709,21851
7150513,19,Active,8,15,2013-12-11 09:50:05.523308,21851
7150514,20,Active,22,4,2013-12-11 09:50:05.527828,21851
7150515,21,Active,11,24,2013-12-11 09:50:05.532121,21851
7150516,22,Active,1,46,2013-12-11 09:50:05.536501,21851
7150517,23,Active,8,37,2013-12-11 09:50:05.541036,21851
7150518,24,Active,1,44,2013-12-11 09:50:05.546626,21851
7150519,25,Active,2,48,2013-12-11 09:50:05.551479,21851
7150520,26,Active,18,12,2013-12-11 09:50:05.556557,21851
7150521,27,Active,0,45,2013-12-11 09:50:05.562148,21851
7150522,28,Active,12,14,2013-12-11 09:50:05.566511,21851
7150523,29,Active,1,22,2013-12-11 09:50:05.571916,21851
7150524,30,Active,23,16,2013-12-11 09:50:05.577089,21851
7150525,31,Active,3,35,2013-12-11 09:50:05.581582,21851
7150526,32,Active,33,0,2013-12-11 09:50:05.585982,21851
7150527,33,Active,1,30,2013-12-11 09:50:05.59383,21851
7150528,34,Active,4,33,2013-12-11 09:50:05.598336,21851
7150529,35,Active,8,47,2013-12-11 09:50:05.60289,21851
7150530,36,Active,0,27,2013-12-11 09:50:05.60874,21851
7150531,37,Active,7,16,2013-12-11 09:50:05.613489,21851
7150532,38,Active,4,35,2013-12-11 09:50:05.618636,21851
7150533,39,Active,36,3,2013-12-11 09:50:05.624458,21851
7150534,40,Active,34,5,2013-12-11 09:50:05.628869,21851
7150535,41,Active,22,8,2013-12-11 09:50:05.633314,21851
7150536,42,Active,0,31,2013-12-11 09:50:05.637715,21851
7150537,43,Active,12,11,2013-12-11 09:50:05.642301,21851
7150538,44,Active,10,13,2013-12-11 09:50:05.646836,21851
7150539,45,Active,22,17,2013-12-11 09:50:05.651518,21851
7150540,46,Active,19,12,2013-12-11 09:50:05.656103,21851
7150541,47,Active,1,22,2013-12-11 09:50:05.66055,21851
7150542,48,Active,12,8,2013-12-11 09:50:05.665048,21851
7150543,49,Active,0,23,2013-12-11 09:50:05.66942,21851
7150544,50,Active,0,27,2013-12-11 09:50:05.675552,21851
7150545,51,Active,1,39,2013-12-11 09:50:05.680579,21851
7150546,52,Active,5,22,2013-12-11 09:50:05.685584,21851
7150547,53,Active,14,16,2013-12-11 09:50:05.690524,21851
7150548,54,Active,19,24,2013-12-11 09:50:05.695236,21851
7150549,55,Active,22,8,2013-12-11 09:50:05.701791,21851
7150550,56,Active,9,30,2013-12-11 09:50:05.728966,21851
7150551,57,Active,12,11,2013-12-11 09:50:05.735428,21851
7150552,58,Active,2,37,2013-12-11 09:50:05.740787,21851
7150553,59,Active,2,33,2013-12-11 09:50:05.746157,21851
7150554,60,Active,6,21,2013-12-11 09:50:05.75138,21851
7150555,61,Active,10,14,2013-12-11 09:50:05.756533,21851
7150556,62,Active,2,29,2013-12-11 09:50:05.761789,21851
7150557,63,Active,2,25,2013-12-11 09:50:05.767121,21851
7150558,64,Active,32,3,2013-12-11 09:50:05.772617,21851
7150559,65,Active,22,2,2013-12-11 09:50:05.777853,21851
7150560,66,Active,20,37,2013-12-11 09:50:05.783047,21851
7150561,67,Active,2,24,2013-12-11 09:50:05.788408,21851
7150562,68,Active,21,2,2013-12-11 09:50:05.79363,21851
7150563,69,Active,12,27,2013-12-11 09:50:05.79874,21851
7150564,70,Active,25,6,2013-12-11 09:50:05.804433,21851
7150565,71,Active,10,9,2013-12-11 09:50:05.809588,21851
7150566,72,Active,4,21,2013-12-11 09:50:05.814807,21851
7150567,73,Active,16,2,2013-12-11 09:50:05.820057,21851
7150568,74,Active,17,2,2013-12-11 09:50:05.825166,21851
7150569,75,Active,28,3,2013-12-11 09:50:05.830337,21851
7150570,76,Active,1,58,2013-12-11 09:50:05.836029,21851
7150571,77,Active,23,4,2013-12-11 09:50:05.844831,21851
7150572,78,Active,42,0,2013-12-11 09:50:05.850143,21851
7150573,79,Active,19,27,2013-12-11 09:50:05.855303,21851
7150574,80,Active,8,11,2013-12-11 09:50:05.860522,21851
7150575,81,Active,12,16,2013-12-11 09:50:05.86719,21851
7150576,82,Active,12,8,2013-12-11 09:50:05.872351,21851
7150577,83,Active,0,53,2013-12-11 09:50:05.877729,21851
7150578,84,Active,1,30,2013-12-11 09:50:05.883219,21851
7150579,85,Active,13,11,2013-12-11 09:50:05.888571,21851
7150580,86,Active,13,22,2013-12-11 09:50:05.893834,21851
7150581,87,Active,22,5,2013-12-11 09:50:05.900154,21851
7150582,88,Active,6,29,2013-12-11 09:50:05.906809,21851
7150583,89,Active,27,26,2013-12-11 09:50:05.912542,21851
7150584,90,Active,35,1,2013-12-11 09:50:05.920901,21851
7150585,91,Active,23,0,2013-12-11 09:50:05.926336,21851
7150586,92,Active,2,28,2013-12-11 09:50:05.931374,21851
7150587,93,Active,6,30,2013-12-11 09:50:05.93659,21851
7150588,94,Active,13,20,2013-12-11 09:50:05.941732,21851
7150589,95,Active,7,30,2013-12-11 09:50:05.950276,21851
7150590,96,Active,29,2,2013-12-11 09:50:05.955608,21851
7150591,97,Active,9,18,2013-12-11 09:50:05.960702,21851
7150592,98,Active,4,37,2013-12-11 09:50:05.965954,21851
7150593,99,Active,31,4,2013-12-11 09:50:05.971127,21851
7150594,100,Active,6,24,2013-12-11 09:50:05.977752,21851
7150595,101,Active,18,13,2013-12-11 09:50:05.984268,21851
7150596,102,Active,10,13,2013-12-11 09:50:05.989842,21851
7150597,103,Active,27,12,2013-12-11 09:50:05.995282,21851
7150598,104,Active,8,21,2013-12-11 09:50:06.002302,21851
7150599,105,Active,9,33,2013-12-11 09:50:06.007631,21851
7150600,106,Active,20,7,2013-12-11 09:50:06.019384,21851
7150601,107,Active,3,28,2013-12-11 09:50:06.02739,21851
7150602,108,Active,14,21,2013-12-11 09:50:06.032989,21851
7150603,109,Active,11,26,2013-12-11 09:50:06.040778,21851
7150604,110,Inactive,0,3,2013-12-11 09:50:06.0474,21851
7150605,111,Active,8,23,2013-12-11 09:50:06.054391,21851
7150606,112,Active,0,39,2013-12-11 09:50:06.081344,21851
7150607,113,Active,5,46,2013-12-11 09:50:06.087642,21851
7150608,114,Active,27,8,2013-12-11 09:50:06.093549,21851
7150609,115,Active,26,0,2013-12-11 09:50:06.099103,21851
7150610,116,Active,17,22,2013-12-11 09:50:06.104565,21851
7150611,117,Active,5,18,2013-12-11 09:50:06.111648,21851
7150612,118,Active,2,29,2013-12-11 09:50:06.116867,21851
7150613,119,Active,1,38,2013-12-11 09:50:06.12252,21851
7150614,120,Active,11,16,2013-12-11 09:50:06.127674,21851
7150615,121,Active,19,4,2013-12-11 09:50:06.132999,21851
7150616,122,Active,22,9,2013-12-11 09:50:06.138345,21851
7150617,123,Active,0,27,2013-12-11 09:50:06.146584,21851
7150618,124,Active,26,9,2013-12-11 09:50:06.151887,21851
7150619,125,Active,14,23,2013-12-11 09:50:06.159144,21851
7150620,126,Active,9,15,2013-12-11 09:50:06.164524,21851
7150621,127,Active,15,12,2013-12-11 09:50:06.169895,21851
7150622,128,Active,0,19,2013-12-11 09:50:06.175503,21851
7150623,129,Active,14,15,2013-12-11 09:50:06.180926,21851
7150624,130,Active,2,21,2013-12-11 09:50:06.186604,21851
7150625,131,Active,8,15,2013-12-11 09:50:06.192298,21851
7150626,132,Active,22,13,2013-12-11 09:50:06.197877,21851
7150627,133,Active,26,1,2013-12-11 09:50:06.202862,21851
7150628,134,Active,1,34,2013-12-11 09:50:06.208049,21851
7150629,135,Active,18,24,2013-12-11 09:50:06.213545,21851
7150630,136,Active,15,8,2013-12-11 09:50:06.24551,21851
7150631,137,Active,14,14,2013-12-11 09:50:06.250805,21851
7150632,138,Active,10,29,2013-12-11 09:50:06.256191,21851
7150633,139,Active,0,35,2013-12-11 09:50:06.261425,21851
7150634,140,Active,5,22,2013-12-11 09:50:06.267538,21851
7150635,141,Active,12,19,2013-12-11 09:50:06.272763,21851
7150636,142,Active,34,9,2013-12-11 09:50:06.277923,21851
7150637,143,Active,16,7,2013-12-11 09:50:06.312141,21851
7150638,144,Active,2,25,2013-12-11 09:50:06.318083,21851
7150639,145,Active,27,7,2013-12-11 09:50:06.325829,21851
7150640,146,Active,0,55,2013-12-11 09:50:06.331317,21851
7150641,147,Active,2,37,2013-12-11 09:50:06.336641,21851
7150642,148,Active,12,31,2013-12-11 09:50:06.341956,21851
7150643,149,Active,11,46,2013-12-11 09:50:06.347433,21851
7150644,150,Active,41,8,2013-12-11 09:50:06.353038,21851
7150645,151,Active,6,21,2013-12-11 09:50:06.358596,21851
7150646,152,Active,8,23,2013-12-11 09:50:06.363723,21851
7150647,153,Active,29,4,2013-12-11 09:50:06.369369,21851
7150648,154,Active,0,32,2013-12-11 09:50:06.375484,21851
7150649,155,Active,29,10,2013-12-11 09:50:06.381042,21851
7150650,156,Active,30,5,2013-12-11 09:50:06.387626,21851
7150651,157,Active,7,20,2013-12-11 09:50:06.395827,21851
7150652,158,Active,19,0,2013-12-11 09:50:06.403179,21851
7150653,159,Active,2,27,2013-12-11 09:50:06.40996,21851
7150654,160,Active,1,42,2013-12-11 09:50:06.416523,21851
7150655,161,Active,1,46,2013-12-11 09:50:06.423284,21851
7150656,162,Active,31,10,2013-12-11 09:50:06.429426,21851
7150657,163,Active,35,4,2013-12-11 09:50:06.436855,21851
7150658,164,Active,27,7,2013-12-11 09:50:06.443709,21851
7150659,165,Active,29,10,2013-12-11 09:50:06.449443,21851
7150660,166,Active,11,20,2013-12-11 09:50:06.454728,21851
7150661,167,Active,12,16,2013-12-11 09:50:06.462701,21851
7150662,168,Active,0,43,2013-12-11 09:50:06.492463,21851
7150663,169,Active,0,39,2013-12-11 09:50:06.499293,21851
7150664,170,Active,1,34,2013-12-11 09:50:06.504717,21851
7150665,171,Active,4,23,2013-12-11 09:50:06.512226,21851
7150666,172,Active,0,31,2013-12-11 09:50:06.518063,21851
7150667,173,Active,12,19,2013-12-11 09:50:06.524751,21851
7150668,174,Active,6,26,2013-12-11 09:50:06.530463,21851
7150669,175,Active,29,2,2013-12-11 09:50:06.536332,21851
7150670,176,Active,26,1,2013-12-11 09:50:06.545215,21851
7150671,177,Active,3,27,2013-12-11 09:50:06.550589,21851
7150672,178,Active,15,10,2013-12-11 09:50:06.556323,21851
7150673,179,Active,7,20,2013-12-11 09:50:06.561686,21851
7150674,180,Active,12,19,2013-12-11 09:50:06.567424,21851
7150675,181,Active,4,23,2013-12-11 09:50:06.572535,21851
7150676,182,Active,13,2,2013-12-11 09:50:06.578058,21851
7150677,183,Active,35,7,2013-12-11 09:50:06.583774,21851
7150678,184,Active,2,36,2013-12-11 09:50:06.58907,21851
7150679,185,Active,24,7,2013-12-11 09:50:06.594763,21851
7150680,186,Active,25,14,2013-12-11 09:50:06.601482,21851
7150681,187,Active,13,26,2013-12-11 09:50:06.607157,21851
7150682,188,Active,19,15,2013-12-11 09:50:06.613004,21851
7150683,189,Active,6,37,2013-12-11 09:50:06.619268,21851
7150684,190,Active,6,17,2013-12-11 09:50:06.627589,21851
7150685,191,Active,9,10,2013-12-11 09:50:06.632976,21851
7150686,192,Active,29,5,2013-12-11 09:50:06.638613,21851
7150687,193,Active,22,1,2013-12-11 09:50:06.644178,21851
7150688,194,Active,6,23,2013-12-11 09:50:06.649616,21851
7150689,195,Active,1,23,2013-12-11 09:50:06.655624,21851
7150690,196,Active,18,24,2013-12-11 09:50:06.66113,21851
7150691,197,Active,7,24,2013-12-11 09:50:06.667276,21851
7150692,198,Active,32,15,2013-12-11 09:50:06.672538,21851
7150693,199,Active,22,1,2013-12-11 09:50:06.678004,21851
7150694,200,Active,15,7,2013-12-11 09:50:06.683667,21851
7150695,201,Active,11,12,2013-12-11 09:50:06.689117,21851
7150696,202,Active,10,9,2013-12-11 09:50:06.69423,21851
7150697,203,Active,39,16,2013-12-11 09:50:06.699449,21851
7150698,204,Active,4,35,2013-12-11 09:50:06.704697,21851
7150699,205,Active,14,17,2013-12-11 09:50:06.710014,21851
7150700,206,Active,7,52,2013-12-11 09:50:06.715207,21851
7150701,207,Active,25,5,2013-12-11 09:50:06.720419,21851
7150702,208,Active,3,24,2013-12-11 09:50:06.725687,21851
7150703,209,Active,6,21,2013-12-11 09:50:06.731197,21851
7150704,210,Active,28,3,2013-12-11 09:50:06.736466,21851
7150705,211,Active,37,1,2013-12-11 09:50:06.741671,21851
7150706,212,Active,26,1,2013-12-11 09:50:06.74866,21851
7150707,213,Active,2,44,2013-12-11 09:50:06.754289,21851
7150708,214,Active,1,26,2013-12-11 09:50:06.760527,21851
7150709,215,Active,12,15,2013-12-11 09:50:06.766279,21851
7150710,216,Active,24,3,2013-12-11 09:50:06.771869,21851
7150711,217,Active,37,1,2013-12-11 09:50:06.778255,21851
7150712,218,Active,1,31,2013-12-11 09:50:06.783553,21851
7150713,219,Active,17,17,2013-12-11 09:50:06.789433,21851
7150714,220,Active,10,40,2013-12-11 09:50:06.795602,21851
7150715,221,Active,13,10,2013-12-11 09:50:06.801085,21851
7150716,222,Active,0,49,2013-12-11 09:50:06.80648,21851
7150717,223,Active,39,3,2013-12-11 09:50:06.815031,21851
7150718,224,Active,31,8,2013-12-11 09:50:06.843,21851
7150719,225,Active,17,14,2013-12-11 09:50:06.849444,21851
7150720,226,Active,30,1,2013-12-11 09:50:06.854696,21851
7150721,227,Active,14,16,2013-12-11 09:50:06.860561,21851
7150722,228,Active,19,40,2013-12-11 09:50:06.865859,21851
7150723,229,Active,39,0,2013-12-11 09:50:06.871121,21851
7150724,230,Active,13,20,2013-12-11 09:50:06.876505,21851
7150725,231,Active,10,29,2013-12-11 09:50:06.881704,21851
7150726,232,Active,0,33,2013-12-11 09:50:06.887008,21851
7150727,233,Active,25,33,2013-12-11 09:50:06.892229,21851
7150728,234,Active,3,28,2013-12-11 09:50:06.897331,21851
7150729,235,Active,4,17,2013-12-11 09:50:06.902736,21851
7150730,236,Active,11,12,2013-12-11 09:50:06.907915,21851
7150731,237,Active,36,2,2013-12-11 09:50:06.913089,21851
7150732,238,Active,28,19,2013-12-11 09:50:06.918388,21851
7150733,239,Active,4,20,2013-12-11 09:50:06.923579,21851
7150734,240,Active,17,42,2013-12-11 09:50:06.929187,21851
7150735,241,Active,6,33,2013-12-11 09:50:06.934704,21851
7150736,242,Active,1,33,2013-12-11 09:50:06.939873,21851
7150737,243,Active,34,0,2013-12-11 09:50:06.945218,21851
7150738,244,Active,2,57,2013-12-11 09:50:06.950866,21851
7150739,245,Active,13,44,2013-12-11 09:50:06.958778,21851
7150740,246,Active,28,9,2013-12-11 09:50:06.963817,21851
7150741,247,Active,20,7,2013-12-11 09:50:06.969205,21851
7150742,248,Active,2,39,2013-12-11 09:50:06.974543,21851
7150743,249,Active,37,5,2013-12-11 09:50:06.979615,21851
7150744,250,Active,0,46,2013-12-11 09:50:06.984864,21851
7150745,251,Active,13,24,2013-12-11 09:50:06.990148,21851
7150746,252,Active,20,25,2013-12-11 09:50:06.995417,21851
7150747,253,Active,47,12,2013-12-11 09:50:07.000863,21851
7150748,254,Active,17,14,2013-12-11 09:50:07.006182,21851
7150749,255,Active,26,4,2013-12-11 09:50:07.011359,21851
7150750,256,Active,25,2,2013-12-11 09:50:07.016846,21851
7150751,257,Active,5,20,2013-12-11 09:50:07.021843,21851
7150752,258,Active,37,1,2013-12-11 09:50:07.027537,21851
7150753,259,Active,33,2,2013-12-11 09:50:07.032968,21851
7150754,260,Active,0,44,2013-12-11 09:50:07.038772,21851
7150755,261,Active,0,39,2013-12-11 09:50:07.044449,21851
7150756,262,Active,3,35,2013-12-11 09:50:07.049872,21851
7150757,263,Active,33,2,2013-12-11 09:50:07.055222,21851
7150758,264,Active,37,4,2013-12-11 09:50:07.060471,21851
7150759,265,Active,25,11,2013-12-11 09:50:07.066077,21851
7150760,266,Active,53,6,2013-12-11 09:50:07.071395,21851
7150761,267,Active,2,51,2013-12-11 09:50:07.076744,21851
7150762,268,Active,42,7,2013-12-11 09:50:07.082059,21851
7150763,269,Active,0,34,2013-12-11 09:50:07.087304,21851
7150764,270,Active,31,4,2013-12-11 09:50:07.092915,21851
7150765,271,Active,23,2,2013-12-11 09:50:07.09818,21851
7150766,272,Active,11,35,2013-12-11 09:50:07.103464,21851
7150767,273,Active,0,59,2013-12-11 09:50:07.109323,21851
7150768,274,Active,5,25,2013-12-11 09:50:07.115023,21851
7150769,275,Active,15,21,2013-12-11 09:50:07.12091,21851
7150770,276,Active,3,49,2013-12-11 09:50:07.126351,21851
7150771,277,Active,41,1,2013-12-11 09:50:07.131693,21851
7150772,330,Active,7,23,2013-12-11 09:50:07.137006,21851
7150773,278,Active,2,26,2013-12-11 09:50:07.142245,21851
7150774,279,Active,40,2,2013-12-11 09:50:07.169582,21851
7150775,280,Active,26,8,2013-12-11 09:50:07.175918,21851
7150776,281,Active,27,19,2013-12-11 09:50:07.18138,21851
7150777,282,Active,7,15,2013-12-11 09:50:07.186901,21851
7150778,283,Active,33,3,2013-12-11 09:50:07.19216,21851
7150779,284,Active,1,49,2013-12-11 09:50:07.197214,21851
7150780,285,Active,29,3,2013-12-11 09:50:07.20249,21851
7150781,286,Active,23,2,2013-12-11 09:50:07.207845,21851
7150782,287,Active,12,14,2013-12-11 09:50:07.213255,21851
7150783,288,Active,39,13,2013-12-11 09:50:07.219913,21851
7150784,289,Active,33,2,2013-12-11 09:50:07.226561,21851
7150785,290,Active,11,28,2013-12-11 09:50:07.23236,21851
7150786,291,Active,18,41,2013-12-11 09:50:07.264265,21851
7150787,292,Active,19,19,2013-12-11 09:50:07.269536,21851
7150788,293,Active,38,21,2013-12-11 09:50:07.274679,21851
7150789,294,Active,0,39,2013-12-11 09:50:07.280317,21851
7150790,295,Active,62,4,2013-12-11 09:50:07.285976,21851
7150791,296,Active,1,50,2013-12-11 09:50:07.291084,21851
7150792,297,Active,28,22,2013-12-11 09:50:07.296313,21851
7150793,298,Active,0,56,2013-12-11 09:50:07.30167,21851
7150794,299,Active,22,16,2013-12-11 09:50:07.307376,21851
7150795,300,Active,4,39,2013-12-11 09:50:07.339481,21851
7150796,301,Active,44,15,2013-12-11 09:50:07.345163,21851
7150797,302,Active,32,6,2013-12-11 09:50:07.351004,21851
7150798,303,Active,32,9,2013-12-11 09:50:07.356893,21851
7150799,305,Active,19,20,2013-12-11 09:50:07.363229,21851
7150800,306,Active,35,8,2013-12-11 09:50:07.36884,21851
7150801,307,Active,0,49,2013-12-11 09:50:07.37426,21851
7150802,308,Active,9,22,2013-12-11 09:50:07.379545,21851
7150803,309,Active,12,16,2013-12-11 09:50:07.410693,21851
7150804,310,Active,1,38,2013-12-11 09:50:07.416787,21851
7150805,311,Active,0,38,2013-12-11 09:50:07.422721,21851
7150806,312,Active,19,12,2013-12-11 09:50:07.430707,21851
7150807,313,Active,26,11,2013-12-11 09:50:07.436126,21851
7150808,314,Active,21,4,2013-12-11 09:50:07.441466,21851
7150809,315,Active,1,36,2013-12-11 09:50:07.447209,21851
7150810,316,Active,10,20,2013-12-11 09:50:07.482212,21851
7150811,317,Active,1,14,2013-12-11 09:50:07.488366,21851
7150812,318,Active,4,23,2013-12-11 09:50:07.493961,21851
7150813,319,Active,29,1,2013-12-11 09:50:07.499478,21851
7150814,320,Active,3,33,2013-12-11 09:50:07.505339,21851
7150815,321,Active,2,10,2013-12-11 09:50:07.511141,21851
7150816,322,Active,0,49,2013-12-11 09:50:07.517523,21851
7150817,332,Active,15,9,2013-12-11 09:50:07.522972,21851
7150818,327,Active,13,21,2013-12-11 09:50:07.528208,21851
7150819,328,Active,0,39,2013-12-11 09:50:07.533456,21851
7150820,331,Active,6,29,2013-12-11 09:50:07.539512,21851
7150821,323,Active,10,29,2013-12-11 09:50:07.545456,21851
7150822,324,Active,17,26,2013-12-11 09:50:07.551862,21851
7150823,329,Active,30,2,2013-12-11 09:50:07.559962,21851
7150824,325,Active,0,35,2013-12-11 09:50:07.567558,21851
7150825,326,Active,20,5,2013-12-11 09:50:07.574812,21851
7150826,1,Active,20,18,2013-12-11 10:00:05.233356,21852
7150827,2,Active,0,33,2013-12-11 10:00:05.242357,21852
7150828,3,Active,9,17,2013-12-11 10:00:05.247551,21852
7150829,4,Active,40,21,2013-12-11 10:00:05.25212,21852
7150830,5,Active,15,22,2013-12-11 10:00:05.257212,21852
7150831,6,Active,8,11,2013-12-11 10:00:05.262161,21852
7150832,7,Active,13,6,2013-12-11 10:00:05.266889,21852
7150833,8,Active,13,18,2013-12-11 10:00:05.27176,21852
7150834,9,Active,7,23,2013-12-11 10:00:05.276618,21852
7150835,10,Active,0,46,2013-12-11 10:00:05.281385,21852
7150836,11,Active,14,9,2013-12-11 10:00:05.285801,21852
7150837,12,Active,16,3,2013-12-11 10:00:05.290548,21852
7150838,13,Active,23,16,2013-12-11 10:00:05.295172,21852
7150839,14,Active,13,20,2013-12-11 10:00:05.303184,21852
7150840,15,Active,30,1,2013-12-11 10:00:05.308058,21852
7150841,16,Active,4,29,2013-12-11 10:00:05.313175,21852
7150842,17,Active,9,20,2013-12-11 10:00:05.318332,21852
7150843,18,Active,1,54,2013-12-11 10:00:05.324328,21852
7150844,19,Active,8,15,2013-12-11 10:00:05.329302,21852
7150845,20,Active,22,4,2013-12-11 10:00:05.334062,21852
7150846,21,Active,11,24,2013-12-11 10:00:05.338796,21852
7150847,22,Active,1,46,2013-12-11 10:00:05.343997,21852
7150848,23,Active,7,37,2013-12-11 10:00:05.348932,21852
7150849,24,Active,1,44,2013-12-11 10:00:05.353993,21852
7150850,25,Active,2,48,2013-12-11 10:00:05.358792,21852
7150851,26,Active,18,12,2013-12-11 10:00:05.36415,21852
7150852,27,Active,0,45,2013-12-11 10:00:05.369191,21852
7150853,28,Active,11,15,2013-12-11 10:00:05.373857,21852
7150854,29,Active,1,22,2013-12-11 10:00:05.378828,21852
7150855,30,Active,23,16,2013-12-11 10:00:05.383661,21852
7150856,31,Active,3,35,2013-12-11 10:00:05.388418,21852
7150857,32,Active,33,0,2013-12-11 10:00:05.393219,21852
7150858,33,Active,1,30,2013-12-11 10:00:05.397986,21852
7150859,34,Active,4,33,2013-12-11 10:00:05.402977,21852
7150860,35,Active,8,47,2013-12-11 10:00:05.407822,21852
7150861,36,Active,0,27,2013-12-11 10:00:05.415264,21852
7150862,37,Active,7,16,2013-12-11 10:00:05.420047,21852
7150863,38,Active,4,35,2013-12-11 10:00:05.424858,21852
7150864,39,Active,35,4,2013-12-11 10:00:05.429868,21852
7150865,40,Active,34,5,2013-12-11 10:00:05.434528,21852
7150866,41,Active,22,8,2013-12-11 10:00:05.439066,21852
7150867,42,Active,0,31,2013-12-11 10:00:05.443753,21852
7150868,43,Active,12,11,2013-12-11 10:00:05.449465,21852
7150869,44,Active,10,13,2013-12-11 10:00:05.454165,21852
7150870,45,Active,22,17,2013-12-11 10:00:05.458953,21852
7150871,46,Active,19,12,2013-12-11 10:00:05.464074,21852
7150872,47,Active,1,22,2013-12-11 10:00:05.468647,21852
7150873,48,Active,12,8,2013-12-11 10:00:05.473641,21852
7150874,49,Active,0,23,2013-12-11 10:00:05.478498,21852
7150875,50,Active,0,27,2013-12-11 10:00:05.483264,21852
7150876,51,Active,1,39,2013-12-11 10:00:05.488027,21852
7150877,52,Active,5,22,2013-12-11 10:00:05.492792,21852
7150878,53,Active,15,16,2013-12-11 10:00:05.497774,21852
7150879,54,Active,19,24,2013-12-11 10:00:05.502584,21852
7150880,55,Active,22,8,2013-12-11 10:00:05.507844,21852
7150881,56,Active,9,30,2013-12-11 10:00:05.535384,21852
7150882,57,Active,12,11,2013-12-11 10:00:05.541301,21852
7150883,58,Active,2,37,2013-12-11 10:00:05.548325,21852
7150884,59,Active,2,33,2013-12-11 10:00:05.553634,21852
7150885,60,Active,6,21,2013-12-11 10:00:05.559294,21852
7150886,61,Active,10,14,2013-12-11 10:00:05.564784,21852
7150887,62,Active,2,29,2013-12-11 10:00:05.571877,21852
7150888,63,Active,2,25,2013-12-11 10:00:05.578349,21852
7150889,64,Active,32,3,2013-12-11 10:00:05.592199,21852
7150890,65,Active,22,2,2013-12-11 10:00:05.597947,21852
7150891,66,Active,20,37,2013-12-11 10:00:05.605744,21852
7150892,67,Active,2,24,2013-12-11 10:00:05.611643,21852
7150893,68,Active,21,2,2013-12-11 10:00:05.618947,21852
7150894,69,Active,12,27,2013-12-11 10:00:05.624914,21852
7150895,70,Active,25,6,2013-12-11 10:00:05.631139,21852
7150896,71,Active,10,9,2013-12-11 10:00:05.642719,21852
7150897,72,Active,4,21,2013-12-11 10:00:05.648248,21852
7150898,73,Active,16,2,2013-12-11 10:00:05.653468,21852
7150899,74,Active,17,2,2013-12-11 10:00:05.659296,21852
7150900,75,Active,28,3,2013-12-11 10:00:05.665095,21852
7150901,76,Active,1,58,2013-12-11 10:00:05.670824,21852
7150902,77,Active,23,4,2013-12-11 10:00:05.676449,21852
7150903,78,Active,42,0,2013-12-11 10:00:05.682765,21852
7150904,79,Active,18,28,2013-12-11 10:00:05.688406,21852
7150905,80,Active,8,11,2013-12-11 10:00:05.694429,21852
7150906,81,Active,12,16,2013-12-11 10:00:05.701409,21852
7150907,82,Active,13,7,2013-12-11 10:00:05.707066,21852
7150908,83,Active,0,53,2013-12-11 10:00:05.713049,21852
7150909,84,Active,1,30,2013-12-11 10:00:05.718703,21852
7150910,85,Active,14,10,2013-12-11 10:00:05.724406,21852
7150911,86,Active,11,24,2013-12-11 10:00:05.731991,21852
7150912,87,Active,22,5,2013-12-11 10:00:05.737611,21852
7150913,88,Active,5,30,2013-12-11 10:00:05.743815,21852
7150914,89,Active,27,26,2013-12-11 10:00:05.749538,21852
7150915,90,Active,36,0,2013-12-11 10:00:05.755942,21852
7150916,91,Active,23,0,2013-12-11 10:00:05.7617,21852
7150917,92,Active,2,28,2013-12-11 10:00:05.767429,21852
7150918,93,Active,6,30,2013-12-11 10:00:05.773326,21852
7150919,94,Active,13,20,2013-12-11 10:00:05.779078,21852
7150920,95,Active,7,30,2013-12-11 10:00:05.784834,21852
7150921,96,Active,28,3,2013-12-11 10:00:05.790707,21852
7150922,97,Active,9,18,2013-12-11 10:00:05.796322,21852
7150923,98,Active,4,37,2013-12-11 10:00:05.802277,21852
7150924,99,Active,31,4,2013-12-11 10:00:05.807751,21852
7150925,100,Active,6,24,2013-12-11 10:00:05.813489,21852
7150926,101,Active,17,14,2013-12-11 10:00:05.819454,21852
7150927,102,Active,10,13,2013-12-11 10:00:05.825428,21852
7150928,103,Active,27,12,2013-12-11 10:00:05.831555,21852
7150929,104,Active,8,21,2013-12-11 10:00:05.836921,21852
7150930,105,Active,9,33,2013-12-11 10:00:05.842554,21852
7150931,106,Active,20,7,2013-12-11 10:00:05.848141,21852
7150932,107,Active,3,28,2013-12-11 10:00:05.853705,21852
7150933,108,Active,14,21,2013-12-11 10:00:05.860048,21852
7150934,109,Active,11,26,2013-12-11 10:00:05.865205,21852
7150935,110,Inactive,0,3,2013-12-11 10:00:05.871799,21852
7150936,111,Active,9,22,2013-12-11 10:00:05.877054,21852
7150937,112,Active,0,39,2013-12-11 10:00:05.904903,21852
7150938,113,Active,5,46,2013-12-11 10:00:05.91202,21852
7150939,114,Active,27,8,2013-12-11 10:00:05.919979,21852
7150940,115,Active,26,0,2013-12-11 10:00:05.925807,21852
7150941,116,Active,17,22,2013-12-11 10:00:05.931967,21852
7150942,117,Active,5,18,2013-12-11 10:00:05.93762,21852
7150943,118,Active,2,29,2013-12-11 10:00:05.943006,21852
7150944,119,Active,1,38,2013-12-11 10:00:05.948795,21852
7150945,120,Active,11,16,2013-12-11 10:00:05.954421,21852
7150946,121,Active,22,2,2013-12-11 10:00:05.960091,21852
7150947,122,Active,23,8,2013-12-11 10:00:05.966124,21852
7150948,123,Active,0,27,2013-12-11 10:00:05.971907,21852
7150949,124,Active,26,9,2013-12-11 10:00:05.977755,21852
7150950,125,Active,14,23,2013-12-11 10:00:05.983384,21852
7150951,126,Active,9,15,2013-12-11 10:00:05.991609,21852
7150952,127,Active,15,12,2013-12-11 10:00:05.997539,21852
7150953,128,Active,0,19,2013-12-11 10:00:06.003439,21852
7150954,129,Active,13,16,2013-12-11 10:00:06.015448,21852
7150955,130,Active,2,21,2013-12-11 10:00:06.021787,21852
7150956,131,Active,8,15,2013-12-11 10:00:06.031381,21852
7150957,132,Active,22,13,2013-12-11 10:00:06.037735,21852
7150958,133,Active,26,1,2013-12-11 10:00:06.043447,21852
7150959,134,Active,1,34,2013-12-11 10:00:06.048859,21852
7150960,135,Active,18,24,2013-12-11 10:00:06.054511,21852
7150961,136,Active,15,8,2013-12-11 10:00:06.061211,21852
7150962,137,Active,14,14,2013-12-11 10:00:06.067072,21852
7150963,138,Active,10,29,2013-12-11 10:00:06.072667,21852
7150964,139,Active,0,35,2013-12-11 10:00:06.078347,21852
7150965,140,Active,5,22,2013-12-11 10:00:06.084211,21852
7150966,141,Active,11,20,2013-12-11 10:00:06.090035,21852
7150967,142,Active,35,8,2013-12-11 10:00:06.095633,21852
7150968,143,Active,16,7,2013-12-11 10:00:06.112617,21852
7150969,144,Active,2,25,2013-12-11 10:00:06.118675,21852
7150970,145,Active,27,7,2013-12-11 10:00:06.124104,21852
7150971,146,Active,0,55,2013-12-11 10:00:06.130218,21852
7150972,147,Active,2,37,2013-12-11 10:00:06.136086,21852
7150973,148,Active,12,31,2013-12-11 10:00:06.142684,21852
7150974,149,Active,11,46,2013-12-11 10:00:06.148239,21852
7150975,150,Active,41,8,2013-12-11 10:00:06.154686,21852
7150976,151,Active,6,21,2013-12-11 10:00:06.160051,21852
7150977,152,Active,8,23,2013-12-11 10:00:06.16563,21852
7150978,153,Active,29,4,2013-12-11 10:00:06.171241,21852
7150979,154,Active,0,32,2013-12-11 10:00:06.176761,21852
7150980,155,Active,28,11,2013-12-11 10:00:06.182388,21852
7150981,156,Active,30,5,2013-12-11 10:00:06.188253,21852
7150982,157,Active,7,20,2013-12-11 10:00:06.194118,21852
7150983,158,Active,19,0,2013-12-11 10:00:06.200342,21852
7150984,159,Active,2,27,2013-12-11 10:00:06.206798,21852
7150985,160,Active,1,42,2013-12-11 10:00:06.212451,21852
7150986,161,Active,1,46,2013-12-11 10:00:06.218097,21852
7150987,162,Active,31,10,2013-12-11 10:00:06.223836,21852
7150988,163,Active,34,5,2013-12-11 10:00:06.229852,21852
7150989,164,Active,28,6,2013-12-11 10:00:06.235729,21852
7150990,165,Active,29,10,2013-12-11 10:00:06.242117,21852
7150991,166,Active,11,20,2013-12-11 10:00:06.24879,21852
7150992,167,Active,12,16,2013-12-11 10:00:06.255235,21852
7150993,168,Active,0,43,2013-12-11 10:00:06.283621,21852
7150994,169,Active,0,39,2013-12-11 10:00:06.290625,21852
7150995,170,Active,1,34,2013-12-11 10:00:06.296984,21852
7150996,171,Active,4,23,2013-12-11 10:00:06.302535,21852
7150997,172,Active,0,31,2013-12-11 10:00:06.308204,21852
7150998,173,Active,12,19,2013-12-11 10:00:06.313845,21852
7150999,174,Active,6,26,2013-12-11 10:00:06.319139,21852
7151000,175,Active,29,2,2013-12-11 10:00:06.324653,21852
7151001,176,Active,25,2,2013-12-11 10:00:06.330978,21852
7151002,177,Active,3,27,2013-12-11 10:00:06.337323,21852
7151003,178,Active,15,10,2013-12-11 10:00:06.343783,21852
7151004,179,Active,7,20,2013-12-11 10:00:06.350087,21852
7151005,180,Active,12,19,2013-12-11 10:00:06.356238,21852
7151006,181,Active,4,23,2013-12-11 10:00:06.362038,21852
7151007,182,Active,13,2,2013-12-11 10:00:06.367999,21852
7151008,183,Active,35,7,2013-12-11 10:00:06.374022,21852
7151009,184,Active,2,36,2013-12-11 10:00:06.379868,21852
7151010,185,Active,24,7,2013-12-11 10:00:06.385553,21852
7151011,186,Active,25,14,2013-12-11 10:00:06.391606,21852
7151012,187,Active,13,26,2013-12-11 10:00:06.3972,21852
7151013,188,Active,19,15,2013-12-11 10:00:06.403344,21852
7151014,189,Active,6,37,2013-12-11 10:00:06.408819,21852
7151015,190,Active,6,17,2013-12-11 10:00:06.414301,21852
7151016,191,Active,9,10,2013-12-11 10:00:06.420298,21852
7151017,192,Active,29,5,2013-12-11 10:00:06.425999,21852
7151018,193,Active,22,1,2013-12-11 10:00:06.436472,21852
7151019,194,Active,6,23,2013-12-11 10:00:06.442535,21852
7151020,195,Active,1,23,2013-12-11 10:00:06.44801,21852
7151021,196,Active,18,24,2013-12-11 10:00:06.453689,21852
7151022,197,Active,7,24,2013-12-11 10:00:06.459186,21852
7151023,198,Active,32,15,2013-12-11 10:00:06.464775,21852
7151024,199,Active,22,1,2013-12-11 10:00:06.470749,21852
7151025,200,Active,14,8,2013-12-11 10:00:06.477091,21852
7151026,201,Active,11,12,2013-12-11 10:00:06.482866,21852
7151027,202,Active,10,9,2013-12-11 10:00:06.488884,21852
7151028,203,Active,39,16,2013-12-11 10:00:06.495061,21852
7151029,204,Active,4,35,2013-12-11 10:00:06.500737,21852
7151030,205,Active,13,18,2013-12-11 10:00:06.506184,21852
7151031,206,Active,7,52,2013-12-11 10:00:06.511936,21852
7151032,207,Active,24,6,2013-12-11 10:00:06.518324,21852
7151033,208,Active,3,24,2013-12-11 10:00:06.52436,21852
7151034,209,Active,6,21,2013-12-11 10:00:06.530425,21852
7151035,210,Active,30,1,2013-12-11 10:00:06.536011,21852
7151036,211,Active,37,1,2013-12-11 10:00:06.541941,21852
7151037,212,Active,26,1,2013-12-11 10:00:06.54811,21852
7151038,213,Active,1,45,2013-12-11 10:00:06.553872,21852
7151039,214,Active,1,26,2013-12-11 10:00:06.559936,21852
7151040,215,Active,12,15,2013-12-11 10:00:06.568594,21852
7151041,216,Active,24,3,2013-12-11 10:00:06.574557,21852
7151042,217,Active,37,1,2013-12-11 10:00:06.581117,21852
7151043,218,Active,1,31,2013-12-11 10:00:06.587073,21852
7151044,219,Active,17,17,2013-12-11 10:00:06.593162,21852
7151045,220,Active,10,40,2013-12-11 10:00:06.599176,21852
7151046,221,Active,14,9,2013-12-11 10:00:06.604888,21852
7151047,222,Active,0,49,2013-12-11 10:00:06.61095,21852
7151048,223,Active,39,3,2013-12-11 10:00:06.617183,21852
7151049,224,Active,33,6,2013-12-11 10:00:06.645124,21852
7151050,225,Active,17,14,2013-12-11 10:00:06.651757,21852
7151051,226,Active,30,1,2013-12-11 10:00:06.657982,21852
7151052,227,Active,14,16,2013-12-11 10:00:06.663825,21852
7151053,228,Active,19,40,2013-12-11 10:00:06.669398,21852
7151054,229,Active,38,1,2013-12-11 10:00:06.675312,21852
7151055,230,Active,13,20,2013-12-11 10:00:06.681007,21852
7151056,231,Active,10,29,2013-12-11 10:00:06.686587,21852
7151057,232,Active,0,33,2013-12-11 10:00:06.694229,21852
7151058,233,Active,25,33,2013-12-11 10:00:06.700152,21852
7151059,234,Active,3,28,2013-12-11 10:00:06.705708,21852
7151060,235,Active,4,17,2013-12-11 10:00:06.711545,21852
7151061,236,Active,12,11,2013-12-11 10:00:06.716912,21852
7151062,237,Active,36,2,2013-12-11 10:00:06.723493,21852
7151063,238,Active,28,19,2013-12-11 10:00:06.729302,21852
7151064,239,Active,4,20,2013-12-11 10:00:06.734953,21852
7151065,240,Active,17,42,2013-12-11 10:00:06.740929,21852
7151066,241,Active,6,33,2013-12-11 10:00:06.746327,21852
7151067,242,Active,1,33,2013-12-11 10:00:06.751816,21852
7151068,243,Active,34,0,2013-12-11 10:00:06.757678,21852
7151069,244,Active,2,57,2013-12-11 10:00:06.764345,21852
7151070,245,Active,14,43,2013-12-11 10:00:06.77286,21852
7151071,246,Active,28,9,2013-12-11 10:00:06.778143,21852
7151072,247,Active,20,7,2013-12-11 10:00:06.784117,21852
7151073,248,Active,2,39,2013-12-11 10:00:06.789721,21852
7151074,249,Active,37,5,2013-12-11 10:00:06.795298,21852
7151075,250,Active,0,46,2013-12-11 10:00:06.80153,21852
7151076,251,Active,13,24,2013-12-11 10:00:06.807252,21852
7151077,252,Active,20,25,2013-12-11 10:00:06.81318,21852
7151078,253,Active,46,13,2013-12-11 10:00:06.819605,21852
7151079,254,Active,17,14,2013-12-11 10:00:06.825101,21852
7151080,255,Active,26,4,2013-12-11 10:00:06.830631,21852
7151081,256,Active,25,2,2013-12-11 10:00:06.837641,21852
7151082,257,Active,6,19,2013-12-11 10:00:06.843193,21852
7151083,258,Active,37,1,2013-12-11 10:00:06.849693,21852
7151084,259,Active,32,3,2013-12-11 10:00:06.855868,21852
7151085,260,Active,0,44,2013-12-11 10:00:06.863221,21852
7151086,261,Active,1,38,2013-12-11 10:00:06.869124,21852
7151087,262,Active,2,36,2013-12-11 10:00:06.874718,21852
7151088,263,Active,33,2,2013-12-11 10:00:06.88054,21852
7151089,264,Active,36,5,2013-12-11 10:00:06.886329,21852
7151090,265,Active,24,12,2013-12-11 10:00:06.891888,21852
7151091,266,Active,52,7,2013-12-11 10:00:06.897632,21852
7151092,267,Active,3,50,2013-12-11 10:00:06.903717,21852
7151093,268,Active,42,7,2013-12-11 10:00:06.909405,21852
7151094,269,Active,0,34,2013-12-11 10:00:06.915262,21852
7151095,270,Active,33,2,2013-12-11 10:00:06.921021,21852
7151096,271,Active,23,2,2013-12-11 10:00:06.926885,21852
7151097,272,Active,11,35,2013-12-11 10:00:06.932607,21852
7151098,273,Active,0,59,2013-12-11 10:00:06.938328,21852
7151099,274,Active,5,25,2013-12-11 10:00:06.944164,21852
7151100,275,Active,15,21,2013-12-11 10:00:06.949556,21852
7151101,276,Active,3,49,2013-12-11 10:00:06.955733,21852
7151102,277,Active,41,1,2013-12-11 10:00:06.962557,21852
7151103,330,Active,7,23,2013-12-11 10:00:06.968732,21852
7151104,278,Active,2,26,2013-12-11 10:00:06.974804,21852
7151105,279,Active,40,2,2013-12-11 10:00:07.002697,21852
7151106,280,Active,27,7,2013-12-11 10:00:07.009129,21852
7151107,281,Active,27,19,2013-12-11 10:00:07.01592,21852
7151108,282,Active,7,15,2013-12-11 10:00:07.021768,21852
7151109,283,Active,32,4,2013-12-11 10:00:07.027751,21852
7151110,284,Active,2,48,2013-12-11 10:00:07.0333,21852
7151111,285,Active,30,2,2013-12-11 10:00:07.039328,21852
7151112,286,Active,23,2,2013-12-11 10:00:07.045061,21852
7151113,287,Active,12,14,2013-12-11 10:00:07.050657,21852
7151114,288,Active,38,14,2013-12-11 10:00:07.056117,21852
7151115,289,Active,32,3,2013-12-11 10:00:07.062386,21852
7151116,290,Active,11,28,2013-12-11 10:00:07.06841,21852
7151117,291,Active,18,41,2013-12-11 10:00:07.073799,21852
7151118,292,Active,19,19,2013-12-11 10:00:07.088158,21852
7151119,293,Active,38,21,2013-12-11 10:00:07.09383,21852
7151120,294,Active,0,39,2013-12-11 10:00:07.099436,21852
7151121,295,Active,62,4,2013-12-11 10:00:07.105437,21852
7151122,296,Active,1,50,2013-12-11 10:00:07.11134,21852
7151123,297,Active,28,22,2013-12-11 10:00:07.117037,21852
7151124,298,Active,0,56,2013-12-11 10:00:07.123181,21852
7151125,299,Active,22,16,2013-12-11 10:00:07.129916,21852
7151126,300,Active,4,39,2013-12-11 10:00:07.137325,21852
7151127,301,Active,44,15,2013-12-11 10:00:07.14337,21852
7151128,302,Active,32,6,2013-12-11 10:00:07.149242,21852
7151129,303,Active,31,10,2013-12-11 10:00:07.154877,21852
7151130,305,Active,20,19,2013-12-11 10:00:07.160754,21852
7151131,306,Active,34,9,2013-12-11 10:00:07.166627,21852
7151132,307,Active,0,49,2013-12-11 10:00:07.172311,21852
7151133,308,Active,9,22,2013-12-11 10:00:07.178345,21852
7151134,309,Active,12,16,2013-12-11 10:00:07.184006,21852
7151135,310,Active,1,38,2013-12-11 10:00:07.189933,21852
7151136,311,Active,0,38,2013-12-11 10:00:07.19618,21852
7151137,312,Active,19,12,2013-12-11 10:00:07.202166,21852
7151138,313,Active,27,10,2013-12-11 10:00:07.208078,21852
7151139,314,Active,21,4,2013-12-11 10:00:07.214314,21852
7151140,315,Active,1,36,2013-12-11 10:00:07.223822,21852
7151141,316,Active,10,20,2013-12-11 10:00:07.230472,21852
7151142,317,Active,1,14,2013-12-11 10:00:07.236545,21852
7151143,318,Active,4,23,2013-12-11 10:00:07.243097,21852
7151144,319,Active,29,1,2013-12-11 10:00:07.24944,21852
7151145,320,Active,3,33,2013-12-11 10:00:07.255493,21852
7151146,321,Active,2,10,2013-12-11 10:00:07.262166,21852
7151147,322,Active,0,49,2013-12-11 10:00:07.267642,21852
7151148,332,Active,15,9,2013-12-11 10:00:07.274065,21852
7151149,327,Active,13,21,2013-12-11 10:00:07.280567,21852
7151150,328,Active,0,39,2013-12-11 10:00:07.286841,21852
7151151,331,Active,5,30,2013-12-11 10:00:07.293588,21852
7151152,323,Active,10,29,2013-12-11 10:00:07.299434,21852
7151153,324,Active,18,25,2013-12-11 10:00:07.30544,21852
7151154,329,Active,31,1,2013-12-11 10:00:07.311314,21852
7151155,325,Active,0,35,2013-12-11 10:00:07.317174,21852
7151156,326,Active,20,5,2013-12-11 10:00:07.323393,21852
7151157,1,Active,20,18,2013-12-11 10:10:05.257059,21853
7151158,2,Active,0,33,2013-12-11 10:10:05.281312,21853
7151159,3,Active,9,17,2013-12-11 10:10:05.286496,21853
7151160,4,Active,40,21,2013-12-11 10:10:05.293268,21853
7151161,5,Active,15,22,2013-12-11 10:10:05.298302,21853
7151162,6,Active,8,11,2013-12-11 10:10:05.303351,21853
7151163,7,Active,13,6,2013-12-11 10:10:05.312647,21853
7151164,8,Active,13,18,2013-12-11 10:10:05.317209,21853
7151165,9,Active,7,23,2013-12-11 10:10:05.324878,21853
7151166,10,Active,0,46,2013-12-11 10:10:05.329845,21853
7151167,11,Active,14,9,2013-12-11 10:10:05.335017,21853
7151168,12,Active,16,3,2013-12-11 10:10:05.339587,21853
7151169,13,Active,23,16,2013-12-11 10:10:05.344067,21853
7151170,14,Active,13,20,2013-12-11 10:10:05.348749,21853
7151171,15,Active,30,1,2013-12-11 10:10:05.353862,21853
7151172,16,Active,4,29,2013-12-11 10:10:05.359083,21853
7151173,17,Active,10,19,2013-12-11 10:10:05.363544,21853
7151174,18,Active,1,54,2013-12-11 10:10:05.368527,21853
7151175,19,Active,8,15,2013-12-11 10:10:05.373129,21853
7151176,20,Active,21,5,2013-12-11 10:10:05.377744,21853
7151177,21,Active,10,25,2013-12-11 10:10:05.382281,21853
7151178,22,Active,1,46,2013-12-11 10:10:05.387044,21853
7151179,23,Active,7,37,2013-12-11 10:10:05.392414,21853
7151180,24,Active,1,44,2013-12-11 10:10:05.397371,21853
7151181,25,Active,2,48,2013-12-11 10:10:05.401929,21853
7151182,26,Active,17,13,2013-12-11 10:10:05.406744,21853
7151183,27,Active,0,45,2013-12-11 10:10:05.411606,21853
7151184,28,Active,12,14,2013-12-11 10:10:05.416109,21853
7151185,29,Active,1,22,2013-12-11 10:10:05.420532,21853
7151186,30,Active,23,16,2013-12-11 10:10:05.425002,21853
7151187,31,Active,3,35,2013-12-11 10:10:05.429376,21853
7151188,32,Active,33,0,2013-12-11 10:10:05.437282,21853
7151189,33,Active,1,30,2013-12-11 10:10:05.4432,21853
7151190,34,Active,4,33,2013-12-11 10:10:05.448492,21853
7151191,35,Active,8,47,2013-12-11 10:10:05.453062,21853
7151192,36,Active,0,27,2013-12-11 10:10:05.457574,21853
7151193,37,Active,7,16,2013-12-11 10:10:05.462046,21853
7151194,38,Active,4,35,2013-12-11 10:10:05.466768,21853
7151195,39,Active,35,4,2013-12-11 10:10:05.471481,21853
7151196,40,Active,35,4,2013-12-11 10:10:05.476013,21853
7151197,41,Active,23,7,2013-12-11 10:10:05.48073,21853
7151198,42,Active,0,31,2013-12-11 10:10:05.485442,21853
7151199,43,Active,12,11,2013-12-11 10:10:05.490047,21853
7151200,44,Active,10,13,2013-12-11 10:10:05.494613,21853
7151201,45,Active,22,17,2013-12-11 10:10:05.499357,21853
7151202,46,Active,19,12,2013-12-11 10:10:05.503922,21853
7151203,47,Active,1,22,2013-12-11 10:10:05.508874,21853
7151204,48,Active,12,8,2013-12-11 10:10:05.513675,21853
7151205,49,Active,0,23,2013-12-11 10:10:05.518285,21853
7151206,50,Active,0,27,2013-12-11 10:10:05.523746,21853
7151207,51,Active,1,39,2013-12-11 10:10:05.52901,21853
7151208,52,Active,5,22,2013-12-11 10:10:05.533787,21853
7151209,53,Active,14,17,2013-12-11 10:10:05.538665,21853
7151210,54,Active,19,28,2013-12-11 10:10:05.544651,21853
7151211,55,Active,22,8,2013-12-11 10:10:05.55029,21853
7151212,56,Active,9,30,2013-12-11 10:10:05.57854,21853
7151213,57,Active,12,11,2013-12-11 10:10:05.585483,21853
7151214,58,Active,2,37,2013-12-11 10:10:05.591218,21853
7151215,59,Active,2,33,2013-12-11 10:10:05.597165,21853
7151216,60,Active,6,21,2013-12-11 10:10:05.602774,21853
7151217,61,Active,10,14,2013-12-11 10:10:05.608327,21853
7151218,62,Active,2,29,2013-12-11 10:10:05.61378,21853
7151219,63,Active,2,25,2013-12-11 10:10:05.619159,21853
7151220,64,Active,32,3,2013-12-11 10:10:05.624368,21853
7151221,65,Active,22,2,2013-12-11 10:10:05.629694,21853
7151222,66,Active,20,37,2013-12-11 10:10:05.636447,21853
7151223,67,Active,2,24,2013-12-11 10:10:05.641945,21853
7151224,68,Active,21,2,2013-12-11 10:10:05.647797,21853
7151225,69,Active,12,27,2013-12-11 10:10:05.652962,21853
7151226,70,Active,25,6,2013-12-11 10:10:05.659162,21853
7151227,71,Active,10,9,2013-12-11 10:10:05.665121,21853
7151228,72,Active,4,21,2013-12-11 10:10:05.670708,21853
7151229,73,Active,16,2,2013-12-11 10:10:05.676815,21853
7151230,74,Active,17,2,2013-12-11 10:10:05.682167,21853
7151231,75,Active,28,3,2013-12-11 10:10:05.687637,21853
7151232,76,Active,2,57,2013-12-11 10:10:05.697152,21853
7151233,77,Active,23,4,2013-12-11 10:10:05.703409,21853
7151234,78,Active,40,2,2013-12-11 10:10:05.709433,21853
7151235,79,Active,19,27,2013-12-11 10:10:05.715297,21853
7151236,80,Active,8,11,2013-12-11 10:10:05.72145,21853
7151237,81,Active,12,16,2013-12-11 10:10:05.726917,21853
7151238,82,Active,12,8,2013-12-11 10:10:05.732201,21853
7151239,83,Active,0,53,2013-12-11 10:10:05.737489,21853
7151240,84,Active,1,30,2013-12-11 10:10:05.742806,21853
7151241,85,Active,15,9,2013-12-11 10:10:05.747934,21853
7151242,86,Active,11,24,2013-12-11 10:10:05.753383,21853
7151243,87,Active,22,5,2013-12-11 10:10:05.758836,21853
7151244,88,Active,6,29,2013-12-11 10:10:05.764376,21853
7151245,89,Active,27,26,2013-12-11 10:10:05.76997,21853
7151246,90,Active,36,0,2013-12-11 10:10:05.775293,21853
7151247,91,Active,22,1,2013-12-11 10:10:05.780494,21853
7151248,92,Active,3,27,2013-12-11 10:10:05.78579,21853
7151249,93,Active,6,30,2013-12-11 10:10:05.791192,21853
7151250,94,Active,13,20,2013-12-11 10:10:05.796451,21853
7151251,95,Active,7,30,2013-12-11 10:10:05.801841,21853
7151252,96,Active,29,2,2013-12-11 10:10:05.807108,21853
7151253,97,Active,9,18,2013-12-11 10:10:05.812416,21853
7151254,98,Active,4,37,2013-12-11 10:10:05.817943,21853
7151255,99,Active,31,4,2013-12-11 10:10:05.824747,21853
7151256,100,Active,6,24,2013-12-11 10:10:05.830572,21853
7151257,101,Active,17,14,2013-12-11 10:10:05.836574,21853
7151258,102,Active,10,13,2013-12-11 10:10:05.841787,21853
7151259,103,Active,27,12,2013-12-11 10:10:05.847306,21853
7151260,104,Active,8,21,2013-12-11 10:10:05.852865,21853
7151261,105,Active,9,33,2013-12-11 10:10:05.858992,21853
7151262,106,Active,21,6,2013-12-11 10:10:05.865319,21853
7151263,107,Active,3,28,2013-12-11 10:10:05.870908,21853
7151264,108,Active,14,21,2013-12-11 10:10:05.876095,21853
7151265,109,Active,11,26,2013-12-11 10:10:05.881458,21853
7151266,110,Inactive,0,3,2013-12-11 10:10:05.886875,21853
7151267,111,Active,9,22,2013-12-11 10:10:05.892787,21853
7151268,112,Active,0,39,2013-12-11 10:10:05.919201,21853
7151269,113,Active,5,46,2013-12-11 10:10:05.925363,21853
7151270,114,Active,27,8,2013-12-11 10:10:05.930706,21853
7151271,115,Active,26,0,2013-12-11 10:10:05.936402,21853
7151272,116,Active,17,22,2013-12-11 10:10:05.941847,21853
7151273,117,Active,5,18,2013-12-11 10:10:05.947559,21853
7151274,118,Active,2,29,2013-12-11 10:10:05.95329,21853
7151275,119,Active,1,38,2013-12-11 10:10:05.959873,21853
7151276,120,Active,11,16,2013-12-11 10:10:05.965181,21853
7151277,121,Active,20,4,2013-12-11 10:10:05.97139,21853
7151278,122,Active,23,8,2013-12-11 10:10:05.976894,21853
7151279,123,Active,0,27,2013-12-11 10:10:05.982586,21853
7151280,124,Active,26,9,2013-12-11 10:10:05.987928,21853
7151281,125,Active,14,23,2013-12-11 10:10:05.993429,21853
7151282,126,Active,9,15,2013-12-11 10:10:05.998811,21853
7151283,127,Active,15,12,2013-12-11 10:10:06.009591,21853
7151284,128,Active,0,19,2013-12-11 10:10:06.015004,21853
7151285,129,Active,12,17,2013-12-11 10:10:06.029551,21853
7151286,130,Active,1,22,2013-12-11 10:10:06.035635,21853
7151287,131,Active,8,15,2013-12-11 10:10:06.041003,21853
7151288,132,Active,22,13,2013-12-11 10:10:06.046053,21853
7151289,133,Active,26,1,2013-12-11 10:10:06.052609,21853
7151290,134,Active,1,34,2013-12-11 10:10:06.058928,21853
7151291,135,Active,18,24,2013-12-11 10:10:06.064204,21853
7151292,136,Active,15,8,2013-12-11 10:10:06.069759,21853
7151293,137,Active,14,14,2013-12-11 10:10:06.07533,21853
7151294,138,Active,10,29,2013-12-11 10:10:06.080857,21853
7151295,139,Active,0,35,2013-12-11 10:10:06.086256,21853
7151296,140,Active,5,22,2013-12-11 10:10:06.091688,21853
7151297,141,Active,12,19,2013-12-11 10:10:06.097276,21853
7151298,142,Active,35,8,2013-12-11 10:10:06.102965,21853
7151299,143,Active,16,7,2013-12-11 10:10:06.108917,21853
7151300,144,Active,2,25,2013-12-11 10:10:06.123544,21853
7151301,145,Active,27,7,2013-12-11 10:10:06.143469,21853
7151302,146,Active,0,55,2013-12-11 10:10:06.149059,21853
7151303,147,Active,2,37,2013-12-11 10:10:06.154407,21853
7151304,148,Active,11,32,2013-12-11 10:10:06.159647,21853
7151305,149,Active,11,46,2013-12-11 10:10:06.169143,21853
7151306,150,Active,40,9,2013-12-11 10:10:06.175299,21853
7151307,151,Active,6,21,2013-12-11 10:10:06.180628,21853
7151308,152,Active,8,23,2013-12-11 10:10:06.185923,21853
7151309,153,Active,29,4,2013-12-11 10:10:06.191243,21853
7151310,154,Active,0,32,2013-12-11 10:10:06.1972,21853
7151311,155,Active,28,11,2013-12-11 10:10:06.202522,21853
7151312,156,Active,30,5,2013-12-11 10:10:06.207957,21853
7151313,157,Active,7,20,2013-12-11 10:10:06.213291,21853
7151314,158,Active,19,0,2013-12-11 10:10:06.218407,21853
7151315,159,Active,2,27,2013-12-11 10:10:06.223781,21853
7151316,160,Active,1,42,2013-12-11 10:10:06.229547,21853
7151317,161,Active,1,46,2013-12-11 10:10:06.237426,21853
7151318,162,Active,32,9,2013-12-11 10:10:06.242675,21853
7151319,163,Active,34,5,2013-12-11 10:10:06.248038,21853
7151320,164,Active,28,6,2013-12-11 10:10:06.253328,21853
7151321,165,Active,29,10,2013-12-11 10:10:06.259543,21853
7151322,166,Active,11,20,2013-12-11 10:10:06.265183,21853
7151323,167,Active,12,16,2013-12-11 10:10:06.27066,21853
7151324,168,Active,0,43,2013-12-11 10:10:06.299326,21853
7151325,169,Active,0,39,2013-12-11 10:10:06.306226,21853
7151326,170,Active,1,34,2013-12-11 10:10:06.311568,21853
7151327,171,Active,4,23,2013-12-11 10:10:06.317713,21853
7151328,172,Active,0,31,2013-12-11 10:10:06.323217,21853
7151329,173,Active,12,19,2013-12-11 10:10:06.328709,21853
7151330,174,Active,6,26,2013-12-11 10:10:06.334984,21853
7151331,175,Active,29,2,2013-12-11 10:10:06.340657,21853
7151332,176,Active,26,1,2013-12-11 10:10:06.346181,21853
7151333,177,Active,3,27,2013-12-11 10:10:06.351401,21853
7151334,178,Active,15,10,2013-12-11 10:10:06.356558,21853
7151335,179,Active,7,20,2013-12-11 10:10:06.362103,21853
7151336,180,Active,12,19,2013-12-11 10:10:06.368131,21853
7151337,181,Active,4,23,2013-12-11 10:10:06.374466,21853
7151338,182,Active,12,3,2013-12-11 10:10:06.380382,21853
7151339,183,Active,34,8,2013-12-11 10:10:06.389309,21853
7151340,184,Active,2,36,2013-12-11 10:10:06.395088,21853
7151341,185,Active,24,7,2013-12-11 10:10:06.40268,21853
7151342,186,Active,25,14,2013-12-11 10:10:06.4099,21853
7151343,187,Active,13,26,2013-12-11 10:10:06.416966,21853
7151344,188,Active,19,15,2013-12-11 10:10:06.423339,21853
7151345,189,Active,6,37,2013-12-11 10:10:06.429594,21853
7151346,190,Active,6,17,2013-12-11 10:10:06.434996,21853
7151347,191,Active,9,10,2013-12-11 10:10:06.44053,21853
7151348,192,Active,29,5,2013-12-11 10:10:06.446337,21853
7151349,193,Active,22,1,2013-12-11 10:10:06.451432,21853
7151350,194,Active,6,23,2013-12-11 10:10:06.456886,21853
7151351,195,Active,1,23,2013-12-11 10:10:06.46242,21853
7151352,196,Active,18,24,2013-12-11 10:10:06.467754,21853
7151353,197,Active,7,24,2013-12-11 10:10:06.474117,21853
7151354,198,Active,33,14,2013-12-11 10:10:06.479494,21853
7151355,199,Active,22,1,2013-12-11 10:10:06.485038,21853
7151356,200,Active,15,7,2013-12-11 10:10:06.491235,21853
7151357,201,Active,11,12,2013-12-11 10:10:06.496844,21853
7151358,202,Active,10,9,2013-12-11 10:10:06.502983,21853
7151359,203,Active,39,16,2013-12-11 10:10:06.508547,21853
7151360,204,Active,4,35,2013-12-11 10:10:06.513983,21853
7151361,205,Active,13,18,2013-12-11 10:10:06.521582,21853
7151362,206,Active,7,52,2013-12-11 10:10:06.526988,21853
7151363,207,Active,24,6,2013-12-11 10:10:06.532557,21853
7151364,208,Active,3,24,2013-12-11 10:10:06.537874,21853
7151365,209,Active,6,21,2013-12-11 10:10:06.543162,21853
7151366,210,Active,29,2,2013-12-11 10:10:06.548959,21853
7151367,211,Active,36,2,2013-12-11 10:10:06.554427,21853
7151368,212,Active,26,1,2013-12-11 10:10:06.559973,21853
7151369,213,Active,1,45,2013-12-11 10:10:06.566029,21853
7151370,214,Active,1,26,2013-12-11 10:10:06.572531,21853
7151371,215,Active,12,15,2013-12-11 10:10:06.579314,21853
7151372,216,Active,24,3,2013-12-11 10:10:06.58543,21853
7151373,217,Active,37,1,2013-12-11 10:10:06.591106,21853
7151374,218,Active,1,31,2013-12-11 10:10:06.596776,21853
7151375,219,Active,17,17,2013-12-11 10:10:06.602368,21853
7151376,220,Active,10,40,2013-12-11 10:10:06.608549,21853
7151377,221,Active,13,10,2013-12-11 10:10:06.616206,21853
7151378,222,Active,0,49,2013-12-11 10:10:06.621891,21853
7151379,223,Active,40,2,2013-12-11 10:10:06.627843,21853
7151380,224,Active,32,7,2013-12-11 10:10:06.658653,21853
7151381,225,Active,17,14,2013-12-11 10:10:06.665961,21853
7151382,226,Active,30,1,2013-12-11 10:10:06.671723,21853
7151383,227,Active,14,16,2013-12-11 10:10:06.677457,21853
7151384,228,Active,19,40,2013-12-11 10:10:06.68554,21853
7151385,229,Active,37,2,2013-12-11 10:10:06.691262,21853
7151386,230,Active,13,20,2013-12-11 10:10:06.696744,21853
7151387,231,Active,10,29,2013-12-11 10:10:06.7036,21853
7151388,232,Active,1,32,2013-12-11 10:10:06.709035,21853
7151389,233,Active,26,32,2013-12-11 10:10:06.71438,21853
7151390,234,Active,3,28,2013-12-11 10:10:06.719731,21853
7151391,235,Active,4,17,2013-12-11 10:10:06.725103,21853
7151392,236,Active,12,11,2013-12-11 10:10:06.730682,21853
7151393,237,Active,35,3,2013-12-11 10:10:06.736303,21853
7151394,238,Active,28,19,2013-12-11 10:10:06.742594,21853
7151395,239,Active,4,20,2013-12-11 10:10:06.748535,21853
7151396,240,Active,16,43,2013-12-11 10:10:06.754299,21853
7151397,241,Active,6,33,2013-12-11 10:10:06.759445,21853
7151398,242,Active,1,33,2013-12-11 10:10:06.764852,21853
7151399,243,Active,34,0,2013-12-11 10:10:06.770152,21853
7151400,244,Active,2,57,2013-12-11 10:10:06.775333,21853
7151401,245,Active,14,43,2013-12-11 10:10:06.780603,21853
7151402,246,Active,28,9,2013-12-11 10:10:06.785741,21853
7151403,247,Active,20,7,2013-12-11 10:10:06.791372,21853
7151404,248,Active,2,39,2013-12-11 10:10:06.797281,21853
7151405,249,Active,37,5,2013-12-11 10:10:06.802541,21853
7151406,250,Active,0,46,2013-12-11 10:10:06.809281,21853
7151407,251,Active,13,24,2013-12-11 10:10:06.814808,21853
7151408,252,Active,20,25,2013-12-11 10:10:06.820145,21853
7151409,253,Active,44,15,2013-12-11 10:10:06.825581,21853
7151410,254,Active,17,14,2013-12-11 10:10:06.831398,21853
7151411,255,Active,26,4,2013-12-11 10:10:06.836839,21853
7151412,256,Active,24,3,2013-12-11 10:10:06.847522,21853
7151413,257,Active,5,20,2013-12-11 10:10:06.869987,21853
7151414,258,Active,37,1,2013-12-11 10:10:06.883289,21853
7151415,259,Active,33,2,2013-12-11 10:10:06.888497,21853
7151416,260,Active,0,44,2013-12-11 10:10:06.893856,21853
7151417,261,Active,1,38,2013-12-11 10:10:06.899258,21853
7151418,262,Active,2,36,2013-12-11 10:10:06.905036,21853
7151419,263,Active,32,3,2013-12-11 10:10:06.910324,21853
7151420,264,Active,37,4,2013-12-11 10:10:06.916127,21853
7151421,265,Active,24,12,2013-12-11 10:10:06.922556,21853
7151422,266,Active,54,5,2013-12-11 10:10:06.92845,21853
7151423,267,Active,3,50,2013-12-11 10:10:06.934291,21853
7151424,268,Active,42,7,2013-12-11 10:10:06.939787,21853
7151425,269,Active,0,34,2013-12-11 10:10:06.94516,21853
7151426,270,Active,32,3,2013-12-11 10:10:06.950445,21853
7151427,271,Active,23,2,2013-12-11 10:10:06.956163,21853
7151428,272,Active,11,35,2013-12-11 10:10:06.96607,21853
7151429,273,Active,0,59,2013-12-11 10:10:06.971604,21853
7151430,274,Active,4,26,2013-12-11 10:10:06.977056,21853
7151431,275,Active,15,21,2013-12-11 10:10:06.982533,21853
7151432,276,Active,3,49,2013-12-11 10:10:06.98806,21853
7151433,277,Active,41,1,2013-12-11 10:10:06.993456,21853
7151434,330,Active,7,23,2013-12-11 10:10:06.998965,21853
7151435,278,Active,2,26,2013-12-11 10:10:07.005287,21853
7151436,279,Active,40,2,2013-12-11 10:10:07.038183,21853
7151437,280,Active,26,8,2013-12-11 10:10:07.045431,21853
7151438,281,Active,27,19,2013-12-11 10:10:07.051518,21853
7151439,282,Active,7,15,2013-12-11 10:10:07.057674,21853
7151440,283,Active,32,4,2013-12-11 10:10:07.064059,21853
7151441,284,Active,2,48,2013-12-11 10:10:07.070302,21853
7151442,285,Active,30,2,2013-12-11 10:10:07.07703,21853
7151443,286,Active,23,2,2013-12-11 10:10:07.08307,21853
7151444,287,Active,12,14,2013-12-11 10:10:07.089658,21853
7151445,288,Active,39,13,2013-12-11 10:10:07.095475,21853
7151446,289,Active,33,2,2013-12-11 10:10:07.100827,21853
7151447,290,Active,11,28,2013-12-11 10:10:07.106311,21853
7151448,291,Active,18,41,2013-12-11 10:10:07.111603,21853
7151449,292,Active,19,19,2013-12-11 10:10:07.117211,21853
7151450,293,Active,38,21,2013-12-11 10:10:07.122969,21853
7151451,294,Active,0,39,2013-12-11 10:10:07.129519,21853
7151452,295,Active,62,4,2013-12-11 10:10:07.135574,21853
7151453,296,Active,1,50,2013-12-11 10:10:07.140987,21853
7151454,297,Active,28,22,2013-12-11 10:10:07.146461,21853
7151455,298,Active,0,56,2013-12-11 10:10:07.152159,21853
7151456,299,Active,22,16,2013-12-11 10:10:07.157584,21853
7151457,300,Active,4,39,2013-12-11 10:10:07.162902,21853
7151458,301,Active,44,15,2013-12-11 10:10:07.168231,21853
7151459,302,Active,32,6,2013-12-11 10:10:07.173842,21853
7151460,303,Active,31,10,2013-12-11 10:10:07.179309,21853
7151461,305,Active,19,20,2013-12-11 10:10:07.184889,21853
7151462,306,Active,36,7,2013-12-11 10:10:07.190199,21853
7151463,307,Active,0,49,2013-12-11 10:10:07.197768,21853
7151464,308,Active,9,22,2013-12-11 10:10:07.203596,21853
7151465,309,Active,12,16,2013-12-11 10:10:07.209401,21853
7151466,310,Active,1,38,2013-12-11 10:10:07.21513,21853
7151467,311,Active,0,38,2013-12-11 10:10:07.220695,21853
7151468,312,Active,19,12,2013-12-11 10:10:07.226071,21853
7151469,313,Active,26,11,2013-12-11 10:10:07.231376,21853
7151470,314,Active,21,4,2013-12-11 10:10:07.236693,21853
7151471,315,Active,1,36,2013-12-11 10:10:07.242059,21853
7151472,316,Active,10,20,2013-12-11 10:10:07.247342,21853
7151473,317,Active,1,14,2013-12-11 10:10:07.252531,21853
7151474,318,Active,4,23,2013-12-11 10:10:07.257888,21853
7151475,319,Active,29,1,2013-12-11 10:10:07.263433,21853
7151476,320,Active,3,33,2013-12-11 10:10:07.268671,21853
7151477,321,Active,2,10,2013-12-11 10:10:07.274211,21853
7151478,322,Active,0,49,2013-12-11 10:10:07.279657,21853
7151479,332,Active,15,9,2013-12-11 10:10:07.285098,21853
7151480,327,Active,13,21,2013-12-11 10:10:07.290419,21853
7151481,328,Active,0,39,2013-12-11 10:10:07.29571,21853
7151482,331,Active,6,29,2013-12-11 10:10:07.301267,21853
7151483,323,Active,10,29,2013-12-11 10:10:07.307161,21853
7151484,324,Active,18,25,2013-12-11 10:10:07.312687,21853
7151485,329,Active,30,2,2013-12-11 10:10:07.319243,21853
7151486,325,Active,0,35,2013-12-11 10:10:07.329326,21853
7151487,326,Active,20,5,2013-12-11 10:10:07.334883,21853
7151488,1,Active,20,18,2013-12-11 10:20:05.056376,21854
7151489,2,Active,0,33,2013-12-11 10:20:05.06883,21854
7151490,3,Active,9,17,2013-12-11 10:20:05.074208,21854
7151491,4,Active,40,21,2013-12-11 10:20:05.079274,21854
7151492,5,Active,15,22,2013-12-11 10:20:05.085026,21854
7151493,6,Active,8,11,2013-12-11 10:20:05.089693,21854
7151494,7,Active,14,5,2013-12-11 10:20:05.094792,21854
7151495,8,Active,13,18,2013-12-11 10:20:05.099885,21854
7151496,9,Active,7,23,2013-12-11 10:20:05.106625,21854
7151497,10,Active,0,46,2013-12-11 10:20:05.111635,21854
7151498,11,Active,13,10,2013-12-11 10:20:05.116778,21854
7151499,12,Active,16,3,2013-12-11 10:20:05.121906,21854
7151500,13,Active,22,17,2013-12-11 10:20:05.127068,21854
7151501,14,Active,13,20,2013-12-11 10:20:05.13231,21854
7151502,15,Active,30,1,2013-12-11 10:20:05.137478,21854
7151503,16,Active,4,29,2013-12-11 10:20:05.142244,21854
7151504,17,Active,10,19,2013-12-11 10:20:05.147312,21854
7151505,18,Active,2,53,2013-12-11 10:20:05.152726,21854
7151506,19,Active,8,15,2013-12-11 10:20:05.157659,21854
7151507,20,Active,22,4,2013-12-11 10:20:05.16246,21854
7151508,21,Active,10,25,2013-12-11 10:20:05.167142,21854
7151509,22,Active,0,47,2013-12-11 10:20:05.171628,21854
7151510,23,Active,7,37,2013-12-11 10:20:05.176925,21854
7151511,24,Active,1,44,2013-12-11 10:20:05.181704,21854
7151512,25,Active,3,47,2013-12-11 10:20:05.186981,21854
7151513,26,Active,17,13,2013-12-11 10:20:05.191678,21854
7151514,27,Active,0,45,2013-12-11 10:20:05.196381,21854
7151515,28,Active,11,15,2013-12-11 10:20:05.201481,21854
7151516,29,Active,1,22,2013-12-11 10:20:05.205865,21854
7151517,30,Active,23,16,2013-12-11 10:20:05.210394,21854
7151518,31,Active,3,35,2013-12-11 10:20:05.215348,21854
7151519,32,Active,32,1,2013-12-11 10:20:05.221802,21854
7151520,33,Active,1,30,2013-12-11 10:20:05.226759,21854
7151521,34,Active,4,33,2013-12-11 10:20:05.231838,21854
7151522,35,Active,8,47,2013-12-11 10:20:05.237042,21854
7151523,36,Active,0,27,2013-12-11 10:20:05.242661,21854
7151524,37,Active,7,16,2013-12-11 10:20:05.247163,21854
7151525,38,Active,4,35,2013-12-11 10:20:05.251615,21854
7151526,39,Active,35,4,2013-12-11 10:20:05.256414,21854
7151527,40,Active,34,5,2013-12-11 10:20:05.261815,21854
7151528,41,Active,21,9,2013-12-11 10:20:05.266761,21854
7151529,42,Active,0,31,2013-12-11 10:20:05.272133,21854
7151530,43,Active,12,11,2013-12-11 10:20:05.278011,21854
7151531,44,Active,10,13,2013-12-11 10:20:05.283029,21854
7151532,45,Active,22,17,2013-12-11 10:20:05.287972,21854
7151533,46,Active,19,12,2013-12-11 10:20:05.293432,21854
7151534,47,Active,1,22,2013-12-11 10:20:05.298632,21854
7151535,48,Active,12,8,2013-12-11 10:20:05.303642,21854
7151536,49,Active,0,23,2013-12-11 10:20:05.308538,21854
7151537,50,Active,0,27,2013-12-11 10:20:05.313242,21854
7151538,51,Active,1,39,2013-12-11 10:20:05.318543,21854
7151539,52,Active,5,22,2013-12-11 10:20:05.323546,21854
7151540,53,Active,14,17,2013-12-11 10:20:05.328036,21854
7151541,54,Active,19,28,2013-12-11 10:20:05.332731,21854
7151542,55,Active,22,8,2013-12-11 10:20:05.337903,21854
7151543,56,Active,8,31,2013-12-11 10:20:05.366002,21854
7151544,57,Active,12,11,2013-12-11 10:20:05.372528,21854
7151545,58,Active,2,37,2013-12-11 10:20:05.378619,21854
7151546,59,Active,2,33,2013-12-11 10:20:05.385372,21854
7151547,60,Active,6,21,2013-12-11 10:20:05.391168,21854
7151548,61,Active,10,14,2013-12-11 10:20:05.396932,21854
7151549,62,Active,2,29,2013-12-11 10:20:05.402778,21854
7151550,63,Active,2,25,2013-12-11 10:20:05.408416,21854
7151551,64,Active,32,3,2013-12-11 10:20:05.414077,21854
7151552,65,Active,22,2,2013-12-11 10:20:05.420862,21854
7151553,66,Active,20,37,2013-12-11 10:20:05.426783,21854
7151554,67,Active,2,24,2013-12-11 10:20:05.432618,21854
7151555,68,Active,21,2,2013-12-11 10:20:05.437907,21854
7151556,69,Active,12,27,2013-12-11 10:20:05.443217,21854
7151557,70,Active,25,6,2013-12-11 10:20:05.448932,21854
7151558,71,Active,9,10,2013-12-11 10:20:05.455087,21854
7151559,72,Active,4,21,2013-12-11 10:20:05.460935,21854
7151560,73,Active,16,2,2013-12-11 10:20:05.467868,21854
7151561,74,Active,17,2,2013-12-11 10:20:05.473658,21854
7151562,75,Active,27,4,2013-12-11 10:20:05.479596,21854
7151563,76,Active,1,57,2013-12-11 10:20:05.48582,21854
7151564,77,Active,23,4,2013-12-11 10:20:05.491732,21854
7151565,78,Active,41,1,2013-12-11 10:20:05.497436,21854
7151566,79,Active,19,27,2013-12-11 10:20:05.503376,21854
7151567,80,Active,7,12,2013-12-11 10:20:05.509044,21854
7151568,81,Active,12,16,2013-12-11 10:20:05.514798,21854
7151569,82,Active,13,7,2013-12-11 10:20:05.520012,21854
7151570,83,Active,0,53,2013-12-11 10:20:05.526293,21854
7151571,84,Active,1,30,2013-12-11 10:20:05.532471,21854
7151572,85,Active,15,9,2013-12-11 10:20:05.53916,21854
7151573,86,Active,11,24,2013-12-11 10:20:05.545194,21854
7151574,87,Active,22,5,2013-12-11 10:20:05.5541,21854
7151575,88,Active,6,29,2013-12-11 10:20:05.559596,21854
7151576,89,Active,27,26,2013-12-11 10:20:05.565462,21854
7151577,90,Active,35,1,2013-12-11 10:20:05.571809,21854
7151578,91,Active,23,0,2013-12-11 10:20:05.577566,21854
7151579,92,Active,3,27,2013-12-11 10:20:05.582827,21854
7151580,93,Active,6,30,2013-12-11 10:20:05.588378,21854
7151581,94,Active,13,20,2013-12-11 10:20:05.595058,21854
7151582,95,Active,7,30,2013-12-11 10:20:05.600448,21854
7151583,96,Active,29,2,2013-12-11 10:20:05.60606,21854
7151584,97,Active,9,18,2013-12-11 10:20:05.612373,21854
7151585,98,Active,4,37,2013-12-11 10:20:05.625822,21854
7151586,99,Active,31,4,2013-12-11 10:20:05.645757,21854
7151587,100,Active,6,24,2013-12-11 10:20:05.654111,21854
7151588,101,Active,17,14,2013-12-11 10:20:05.660239,21854
7151589,102,Active,10,13,2013-12-11 10:20:05.665341,21854
7151590,103,Active,27,12,2013-12-11 10:20:05.670948,21854
7151591,104,Active,8,21,2013-12-11 10:20:05.676874,21854
7151592,105,Active,9,33,2013-12-11 10:20:05.682752,21854
7151593,106,Active,21,6,2013-12-11 10:20:05.688852,21854
7151594,107,Active,3,28,2013-12-11 10:20:05.694393,21854
7151595,108,Active,14,21,2013-12-11 10:20:05.699705,21854
7151596,109,Active,11,26,2013-12-11 10:20:05.704881,21854
7151597,110,Inactive,0,3,2013-12-11 10:20:05.714373,21854
7151598,111,Active,8,23,2013-12-11 10:20:05.720726,21854
7151599,112,Active,0,39,2013-12-11 10:20:05.749619,21854
7151600,113,Active,5,46,2013-12-11 10:20:05.756354,21854
7151601,114,Active,27,8,2013-12-11 10:20:05.76247,21854
7151602,115,Active,26,0,2013-12-11 10:20:05.770549,21854
7151603,116,Active,17,22,2013-12-11 10:20:05.775675,21854
7151604,117,Active,5,18,2013-12-11 10:20:05.78106,21854
7151605,118,Active,2,29,2013-12-11 10:20:05.786949,21854
7151606,119,Active,1,38,2013-12-11 10:20:05.79285,21854
7151607,120,Active,11,16,2013-12-11 10:20:05.798601,21854
7151608,121,Active,20,4,2013-12-11 10:20:05.804369,21854
7151609,122,Active,23,8,2013-12-11 10:20:05.809824,21854
7151610,123,Active,0,27,2013-12-11 10:20:05.815368,21854
7151611,124,Active,25,10,2013-12-11 10:20:05.822211,21854
7151612,125,Active,13,24,2013-12-11 10:20:05.829128,21854
7151613,126,Active,9,15,2013-12-11 10:20:05.834926,21854
7151614,127,Active,15,12,2013-12-11 10:20:05.840434,21854
7151615,128,Active,0,19,2013-12-11 10:20:05.846133,21854
7151616,129,Active,13,16,2013-12-11 10:20:05.851252,21854
7151617,130,Active,1,22,2013-12-11 10:20:05.856338,21854
7151618,131,Active,8,15,2013-12-11 10:20:05.862322,21854
7151619,132,Active,22,13,2013-12-11 10:20:05.867534,21854
7151620,133,Active,26,1,2013-12-11 10:20:05.873544,21854
7151621,134,Active,1,34,2013-12-11 10:20:05.879151,21854
7151622,135,Active,18,24,2013-12-11 10:20:05.884474,21854
7151623,136,Active,15,8,2013-12-11 10:20:05.889931,21854
7151624,137,Active,14,14,2013-12-11 10:20:05.895158,21854
7151625,138,Active,10,29,2013-12-11 10:20:05.901402,21854
7151626,139,Active,0,35,2013-12-11 10:20:05.907482,21854
7151627,140,Active,5,22,2013-12-11 10:20:05.913265,21854
7151628,141,Active,12,19,2013-12-11 10:20:05.919351,21854
7151629,142,Active,35,8,2013-12-11 10:20:05.924518,21854
7151630,143,Active,16,7,2013-12-11 10:20:05.929944,21854
7151631,144,Active,2,25,2013-12-11 10:20:05.935753,21854
7151632,145,Active,27,7,2013-12-11 10:20:05.94133,21854
7151633,146,Active,0,55,2013-12-11 10:20:05.946863,21854
7151634,147,Active,2,37,2013-12-11 10:20:05.95307,21854
7151635,148,Active,11,32,2013-12-11 10:20:05.959536,21854
7151636,149,Active,11,46,2013-12-11 10:20:05.964778,21854
7151637,150,Active,40,9,2013-12-11 10:20:05.970276,21854
7151638,151,Active,7,20,2013-12-11 10:20:05.976307,21854
7151639,152,Active,8,23,2013-12-11 10:20:05.982186,21854
7151640,153,Active,29,4,2013-12-11 10:20:05.988176,21854
7151641,154,Active,0,32,2013-12-11 10:20:05.993495,21854
7151642,155,Active,28,11,2013-12-11 10:20:05.99894,21854
7151643,156,Active,30,5,2013-12-11 10:20:06.005321,21854
7151644,157,Active,7,20,2013-12-11 10:20:06.015302,21854
7151645,158,Active,19,0,2013-12-11 10:20:06.021284,21854
7151646,159,Active,2,27,2013-12-11 10:20:06.031394,21854
7151647,160,Active,1,42,2013-12-11 10:20:06.038616,21854
7151648,161,Active,1,46,2013-12-11 10:20:06.044369,21854
7151649,162,Active,31,10,2013-12-11 10:20:06.050827,21854
7151650,163,Active,33,6,2013-12-11 10:20:06.056938,21854
7151651,164,Active,27,7,2013-12-11 10:20:06.062607,21854
7151652,165,Active,29,10,2013-12-11 10:20:06.068645,21854
7151653,166,Active,11,20,2013-12-11 10:20:06.074138,21854
7151654,167,Active,12,16,2013-12-11 10:20:06.08059,21854
7151655,168,Active,0,43,2013-12-11 10:20:06.108684,21854
7151656,169,Active,0,39,2013-12-11 10:20:06.116523,21854
7151657,170,Active,1,34,2013-12-11 10:20:06.122971,21854
7151658,171,Active,4,23,2013-12-11 10:20:06.129343,21854
7151659,172,Active,0,31,2013-12-11 10:20:06.135009,21854
7151660,173,Active,12,19,2013-12-11 10:20:06.140763,21854
7151661,174,Active,6,26,2013-12-11 10:20:06.146833,21854
7151662,175,Active,29,2,2013-12-11 10:20:06.152634,21854
7151663,176,Active,25,2,2013-12-11 10:20:06.158481,21854
7151664,177,Active,3,27,2013-12-11 10:20:06.164856,21854
7151665,178,Active,15,10,2013-12-11 10:20:06.170881,21854
7151666,179,Active,7,20,2013-12-11 10:20:06.176832,21854
7151667,180,Active,12,19,2013-12-11 10:20:06.182592,21854
7151668,181,Active,4,23,2013-12-11 10:20:06.188649,21854
7151669,182,Active,13,2,2013-12-11 10:20:06.194785,21854
7151670,183,Active,35,7,2013-12-11 10:20:06.200549,21854
7151671,184,Active,2,36,2013-12-11 10:20:06.206408,21854
7151672,185,Active,24,7,2013-12-11 10:20:06.212725,21854
7151673,186,Active,25,14,2013-12-11 10:20:06.218877,21854
7151674,187,Active,13,26,2013-12-11 10:20:06.224855,21854
7151675,188,Active,19,15,2013-12-11 10:20:06.231105,21854
7151676,189,Active,6,37,2013-12-11 10:20:06.236579,21854
7151677,190,Active,6,17,2013-12-11 10:20:06.242492,21854
7151678,191,Active,9,10,2013-12-11 10:20:06.248317,21854
7151679,192,Active,29,5,2013-12-11 10:20:06.253504,21854
7151680,193,Active,23,0,2013-12-11 10:20:06.259819,21854
7151681,194,Active,6,23,2013-12-11 10:20:06.267221,21854
7151682,195,Active,1,23,2013-12-11 10:20:06.273284,21854
7151683,196,Active,18,24,2013-12-11 10:20:06.280515,21854
7151684,197,Active,7,24,2013-12-11 10:20:06.286916,21854
7151685,198,Active,34,13,2013-12-11 10:20:06.292855,21854
7151686,199,Active,22,1,2013-12-11 10:20:06.298565,21854
7151687,200,Active,15,7,2013-12-11 10:20:06.304419,21854
7151688,201,Active,11,12,2013-12-11 10:20:06.310843,21854
7151689,202,Active,10,9,2013-12-11 10:20:06.316657,21854
7151690,203,Active,39,16,2013-12-11 10:20:06.322746,21854
7151691,204,Active,3,36,2013-12-11 10:20:06.33043,21854
7151692,205,Active,14,17,2013-12-11 10:20:06.336205,21854
7151693,206,Active,7,52,2013-12-11 10:20:06.341386,21854
7151694,207,Active,24,6,2013-12-11 10:20:06.347387,21854
7151695,208,Active,3,24,2013-12-11 10:20:06.353268,21854
7151696,209,Active,6,21,2013-12-11 10:20:06.359382,21854
7151697,210,Active,28,3,2013-12-11 10:20:06.365161,21854
7151698,211,Active,37,1,2013-12-11 10:20:06.370463,21854
7151699,212,Active,26,1,2013-12-11 10:20:06.375666,21854
7151700,213,Active,0,46,2013-12-11 10:20:06.381001,21854
7151701,214,Active,1,26,2013-12-11 10:20:06.387998,21854
7151702,215,Active,12,15,2013-12-11 10:20:06.394162,21854
7151703,216,Active,24,3,2013-12-11 10:20:06.40002,21854
7151704,217,Active,36,2,2013-12-11 10:20:06.4067,21854
7151705,218,Active,1,31,2013-12-11 10:20:06.412576,21854
7151706,219,Active,17,17,2013-12-11 10:20:06.418014,21854
7151707,220,Active,10,40,2013-12-11 10:20:06.42338,21854
7151708,221,Active,13,10,2013-12-11 10:20:06.429522,21854
7151709,222,Active,0,49,2013-12-11 10:20:06.435462,21854
7151710,223,Active,39,3,2013-12-11 10:20:06.44219,21854
7151711,224,Active,33,6,2013-12-11 10:20:06.470453,21854
7151712,225,Active,17,14,2013-12-11 10:20:06.477058,21854
7151713,226,Active,30,1,2013-12-11 10:20:06.482945,21854
7151714,227,Active,14,16,2013-12-11 10:20:06.490335,21854
7151715,228,Active,19,40,2013-12-11 10:20:06.496925,21854
7151716,229,Active,37,2,2013-12-11 10:20:06.503018,21854
7151717,230,Active,13,20,2013-12-11 10:20:06.509095,21854
7151718,231,Active,10,29,2013-12-11 10:20:06.515671,21854
7151719,232,Active,1,32,2013-12-11 10:20:06.521909,21854
7151720,233,Active,26,32,2013-12-11 10:20:06.527737,21854
7151721,234,Active,3,28,2013-12-11 10:20:06.533664,21854
7151722,235,Active,4,17,2013-12-11 10:20:06.539546,21854
7151723,236,Active,12,11,2013-12-11 10:20:06.545275,21854
7151724,237,Active,36,2,2013-12-11 10:20:06.552191,21854
7151725,238,Active,28,19,2013-12-11 10:20:06.558406,21854
7151726,239,Active,4,20,2013-12-11 10:20:06.564047,21854
7151727,240,Active,16,43,2013-12-11 10:20:06.569539,21854
7151728,241,Active,6,33,2013-12-11 10:20:06.575211,21854
7151729,242,Active,1,33,2013-12-11 10:20:06.581649,21854
7151730,243,Active,34,0,2013-12-11 10:20:06.58809,21854
7151731,244,Active,2,57,2013-12-11 10:20:06.593563,21854
7151732,245,Active,14,43,2013-12-11 10:20:06.599423,21854
7151733,246,Active,28,9,2013-12-11 10:20:06.606843,21854
7151734,247,Active,20,7,2013-12-11 10:20:06.612769,21854
7151735,248,Active,2,39,2013-12-11 10:20:06.618582,21854
7151736,249,Active,37,5,2013-12-11 10:20:06.626247,21854
7151737,250,Active,0,46,2013-12-11 10:20:06.631427,21854
7151738,251,Active,13,24,2013-12-11 10:20:06.636542,21854
7151739,252,Active,20,25,2013-12-11 10:20:06.641823,21854
7151740,253,Active,43,16,2013-12-11 10:20:06.646997,21854
7151741,254,Active,17,14,2013-12-11 10:20:06.653642,21854
7151742,255,Active,26,4,2013-12-11 10:20:06.660116,21854
7151743,256,Active,25,2,2013-12-11 10:20:06.665826,21854
7151744,257,Active,6,19,2013-12-11 10:20:06.6712,21854
7151745,258,Active,37,1,2013-12-11 10:20:06.676886,21854
7151746,259,Active,31,4,2013-12-11 10:20:06.68238,21854
7151747,260,Active,0,44,2013-12-11 10:20:06.687762,21854
7151748,261,Active,1,38,2013-12-11 10:20:06.693133,21854
7151749,262,Active,2,36,2013-12-11 10:20:06.698593,21854
7151750,263,Active,32,3,2013-12-11 10:20:06.703808,21854
7151751,264,Active,36,5,2013-12-11 10:20:06.709115,21854
7151752,265,Active,25,11,2013-12-11 10:20:06.714445,21854
7151753,266,Active,54,5,2013-12-11 10:20:06.7197,21854
7151754,267,Active,3,50,2013-12-11 10:20:06.725274,21854
7151755,268,Active,42,7,2013-12-11 10:20:06.730573,21854
7151756,269,Active,0,34,2013-12-11 10:20:06.735878,21854
7151757,270,Active,32,3,2013-12-11 10:20:06.741174,21854
7151758,271,Active,23,2,2013-12-11 10:20:06.750398,21854
7151759,272,Active,11,35,2013-12-11 10:20:06.75597,21854
7151760,273,Active,0,59,2013-12-11 10:20:06.762005,21854
7151761,274,Active,4,26,2013-12-11 10:20:06.767283,21854
7151762,275,Active,15,21,2013-12-11 10:20:06.772687,21854
7151763,276,Active,3,49,2013-12-11 10:20:06.778932,21854
7151764,277,Active,41,1,2013-12-11 10:20:06.785442,21854
7151765,330,Active,7,23,2013-12-11 10:20:06.793126,21854
7151766,278,Active,2,26,2013-12-11 10:20:06.810096,21854
7151767,279,Active,40,2,2013-12-11 10:20:06.845744,21854
7151768,280,Active,26,8,2013-12-11 10:20:06.852173,21854
7151769,281,Active,27,19,2013-12-11 10:20:06.857308,21854
7151770,282,Active,7,15,2013-12-11 10:20:06.862648,21854
7151771,283,Active,33,3,2013-12-11 10:20:06.867949,21854
7151772,284,Active,2,48,2013-12-11 10:20:06.873115,21854
7151773,285,Active,30,2,2013-12-11 10:20:06.878598,21854
7151774,286,Active,23,2,2013-12-11 10:20:06.884314,21854
7151775,287,Active,12,14,2013-12-11 10:20:06.889558,21854
7151776,288,Active,39,13,2013-12-11 10:20:06.894821,21854
7151777,289,Active,32,3,2013-12-11 10:20:06.900749,21854
7151778,290,Active,11,28,2013-12-11 10:20:06.906229,21854
7151779,291,Active,18,41,2013-12-11 10:20:06.911674,21854
7151780,292,Active,19,19,2013-12-11 10:20:06.917174,21854
7151781,293,Active,38,21,2013-12-11 10:20:06.926368,21854
7151782,294,Active,0,39,2013-12-11 10:20:06.931741,21854
7151783,295,Active,59,7,2013-12-11 10:20:06.937111,21854
7151784,296,Active,0,51,2013-12-11 10:20:06.946254,21854
7151785,297,Active,28,22,2013-12-11 10:20:06.951502,21854
7151786,298,Active,0,56,2013-12-11 10:20:06.956664,21854
7151787,299,Active,22,16,2013-12-11 10:20:06.961996,21854
7151788,300,Active,4,39,2013-12-11 10:20:06.967474,21854
7151789,301,Active,43,16,2013-12-11 10:20:06.972773,21854
7151790,302,Active,32,6,2013-12-11 10:20:06.978017,21854
7151791,303,Active,31,10,2013-12-11 10:20:06.983275,21854
7151792,305,Active,19,20,2013-12-11 10:20:06.988828,21854
7151793,306,Active,35,8,2013-12-11 10:20:06.994031,21854
7151794,307,Active,0,49,2013-12-11 10:20:06.999382,21854
7151795,308,Active,9,22,2013-12-11 10:20:07.004694,21854
7151796,309,Active,12,16,2013-12-11 10:20:07.014576,21854
7151797,310,Active,1,38,2013-12-11 10:20:07.020342,21854
7151798,311,Active,0,38,2013-12-11 10:20:07.025547,21854
7151799,312,Active,19,12,2013-12-11 10:20:07.031735,21854
7151800,313,Active,27,10,2013-12-11 10:20:07.037232,21854
7151801,314,Active,21,4,2013-12-11 10:20:07.042443,21854
7151802,315,Active,1,36,2013-12-11 10:20:07.047938,21854
7151803,316,Active,10,20,2013-12-11 10:20:07.053303,21854
7151804,317,Active,1,14,2013-12-11 10:20:07.058636,21854
7151805,318,Active,4,23,2013-12-11 10:20:07.063903,21854
7151806,319,Active,29,1,2013-12-11 10:20:07.070034,21854
7151807,320,Active,3,33,2013-12-11 10:20:07.075265,21854
7151808,321,Active,2,10,2013-12-11 10:20:07.080556,21854
7151809,322,Active,0,49,2013-12-11 10:20:07.085829,21854
7151810,332,Active,14,10,2013-12-11 10:20:07.091105,21854
7151811,327,Active,13,21,2013-12-11 10:20:07.096995,21854
7151812,328,Active,0,39,2013-12-11 10:20:07.102184,21854
7151813,331,Active,5,30,2013-12-11 10:20:07.107628,21854
7151814,323,Active,10,29,2013-12-11 10:20:07.113023,21854
7151815,324,Active,17,26,2013-12-11 10:20:07.119327,21854
7151816,329,Active,30,2,2013-12-11 10:20:07.124757,21854
7151817,325,Active,0,35,2013-12-11 10:20:07.130346,21854
7151818,326,Active,20,5,2013-12-11 10:20:07.135641,21854
7151819,1,Active,20,18,2013-12-11 10:30:05.270322,21855
7151820,2,Active,0,33,2013-12-11 10:30:05.28141,21855
7151821,3,Active,9,17,2013-12-11 10:30:05.286347,21855
7151822,4,Active,40,21,2013-12-11 10:30:05.29097,21855
7151823,5,Active,16,21,2013-12-11 10:30:05.29546,21855
7151824,6,Active,8,11,2013-12-11 10:30:05.327994,21855
7151825,7,Active,14,5,2013-12-11 10:30:05.332613,21855
7151826,8,Active,13,18,2013-12-11 10:30:05.3374,21855
7151827,9,Active,6,24,2013-12-11 10:30:05.341818,21855
7151828,10,Active,0,46,2013-12-11 10:30:05.346303,21855
7151829,11,Active,14,9,2013-12-11 10:30:05.350667,21855
7151830,12,Active,16,3,2013-12-11 10:30:05.355831,21855
7151831,13,Active,23,16,2013-12-11 10:30:05.360598,21855
7151832,14,Active,14,19,2013-12-11 10:30:05.365185,21855
7151833,15,Active,30,1,2013-12-11 10:30:05.399083,21855
7151834,16,Active,4,29,2013-12-11 10:30:05.40474,21855
7151835,17,Active,10,19,2013-12-11 10:30:05.409829,21855
7151836,18,Active,2,53,2013-12-11 10:30:05.415136,21855
7151837,19,Active,8,15,2013-12-11 10:30:05.420219,21855
7151838,20,Active,22,4,2013-12-11 10:30:05.424832,21855
7151839,21,Active,10,25,2013-12-11 10:30:05.430968,21855
7151840,22,Active,0,47,2013-12-11 10:30:05.464314,21855
7151841,23,Active,8,36,2013-12-11 10:30:05.468736,21855
7151842,24,Active,1,44,2013-12-11 10:30:05.473952,21855
7151843,25,Active,3,47,2013-12-11 10:30:05.479481,21855
7151844,26,Active,17,13,2013-12-11 10:30:05.484877,21855
7151845,27,Active,0,45,2013-12-11 10:30:05.489824,21855
7151846,28,Active,13,13,2013-12-11 10:30:05.495296,21855
7151847,29,Active,1,22,2013-12-11 10:30:05.528616,21855
7151848,30,Active,23,16,2013-12-11 10:30:05.533441,21855
7151849,31,Active,3,35,2013-12-11 10:30:05.539029,21855
7151850,32,Active,33,0,2013-12-11 10:30:05.543793,21855
7151851,33,Active,1,30,2013-12-11 10:30:05.548445,21855
7151852,34,Active,4,33,2013-12-11 10:30:05.552891,21855
7151853,35,Active,8,47,2013-12-11 10:30:05.557555,21855
7151854,36,Active,0,27,2013-12-11 10:30:05.561907,21855
7151855,37,Active,7,16,2013-12-11 10:30:05.597053,21855
7151856,38,Active,4,35,2013-12-11 10:30:05.602599,21855
7151857,39,Active,34,5,2013-12-11 10:30:05.608402,21855
7151858,40,Active,34,5,2013-12-11 10:30:05.613263,21855
7151859,41,Active,22,8,2013-12-11 10:30:05.61786,21855
7151860,42,Active,0,31,2013-12-11 10:30:05.623549,21855
7151861,43,Active,12,11,2013-12-11 10:30:05.631725,21855
7151862,44,Active,10,13,2013-12-11 10:30:05.66334,21855
7151863,45,Active,22,17,2013-12-11 10:30:05.668619,21855
7151864,46,Active,19,12,2013-12-11 10:30:05.673438,21855
7151865,47,Active,1,22,2013-12-11 10:30:05.678098,21855
7151866,48,Active,12,8,2013-12-11 10:30:05.682635,21855
7151867,49,Active,0,23,2013-12-11 10:30:05.687839,21855
7151868,50,Active,0,27,2013-12-11 10:30:05.692476,21855
7151869,51,Active,0,40,2013-12-11 10:30:05.725549,21855
7151870,52,Active,5,22,2013-12-11 10:30:05.730252,21855
7151871,53,Active,14,17,2013-12-11 10:30:05.734725,21855
7151872,54,Active,19,28,2013-12-11 10:30:05.739549,21855
7151873,55,Active,22,8,2013-12-11 10:30:05.743991,21855
7151874,56,Active,9,30,2013-12-11 10:30:05.774689,21855
7151875,57,Active,12,11,2013-12-11 10:30:05.800997,21855
7151876,58,Active,2,37,2013-12-11 10:30:05.807055,21855
7151877,59,Active,2,33,2013-12-11 10:30:05.812566,21855
7151878,60,Active,6,21,2013-12-11 10:30:05.817986,21855
7151879,61,Active,10,14,2013-12-11 10:30:05.824095,21855
7151880,62,Active,2,29,2013-12-11 10:30:05.830475,21855
7151881,63,Active,2,25,2013-12-11 10:30:05.836277,21855
7151882,64,Active,32,3,2013-12-11 10:30:05.870024,21855
7151883,65,Active,21,3,2013-12-11 10:30:05.877436,21855
7151884,66,Active,20,37,2013-12-11 10:30:05.883058,21855
7151885,67,Active,2,24,2013-12-11 10:30:05.888234,21855
7151886,68,Active,21,2,2013-12-11 10:30:05.893598,21855
7151887,69,Active,12,27,2013-12-11 10:30:05.899004,21855
7151888,70,Active,25,6,2013-12-11 10:30:05.904501,21855
7151889,71,Active,10,9,2013-12-11 10:30:05.909919,21855
7151890,72,Active,4,21,2013-12-11 10:30:05.915138,21855
7151891,73,Active,16,2,2013-12-11 10:30:05.949348,21855
7151892,74,Active,17,2,2013-12-11 10:30:05.955632,21855
7151893,75,Active,27,4,2013-12-11 10:30:05.961211,21855
7151894,76,Active,0,58,2013-12-11 10:30:05.970714,21855
7151895,77,Active,22,5,2013-12-11 10:30:05.976701,21855
7151896,78,Active,42,0,2013-12-11 10:30:05.982329,21855
7151897,79,Active,18,28,2013-12-11 10:30:05.987672,21855
7151898,80,Active,8,11,2013-12-11 10:30:05.993197,21855
7151899,81,Active,12,16,2013-12-11 10:30:06.028907,21855
7151900,82,Active,13,7,2013-12-11 10:30:06.035774,21855
7151901,83,Active,0,53,2013-12-11 10:30:06.042225,21855
7151902,84,Active,1,30,2013-12-11 10:30:06.047544,21855
7151903,85,Active,15,9,2013-12-11 10:30:06.052753,21855
7151904,86,Active,11,24,2013-12-11 10:30:06.058491,21855
7151905,87,Active,22,5,2013-12-11 10:30:06.093144,21855
7151906,88,Active,6,29,2013-12-11 10:30:06.100148,21855
7151907,89,Active,27,26,2013-12-11 10:30:06.106836,21855
7151908,90,Active,36,0,2013-12-11 10:30:06.112525,21855
7151909,91,Active,23,0,2013-12-11 10:30:06.118448,21855
7151910,92,Active,3,27,2013-12-11 10:30:06.124369,21855
7151911,93,Active,6,30,2013-12-11 10:30:06.15779,21855
7151912,94,Active,14,19,2013-12-11 10:30:06.165236,21855
7151913,95,Active,7,30,2013-12-11 10:30:06.170496,21855
7151914,96,Active,29,2,2013-12-11 10:30:06.175698,21855
7151915,97,Active,9,18,2013-12-11 10:30:06.181422,21855
7151916,98,Active,7,34,2013-12-11 10:30:06.189065,21855
7151917,99,Active,31,4,2013-12-11 10:30:06.22174,21855
7151918,100,Active,6,24,2013-12-11 10:30:06.228075,21855
7151919,101,Active,17,14,2013-12-11 10:30:06.23389,21855
7151920,102,Active,10,13,2013-12-11 10:30:06.239714,21855
7151921,103,Active,27,12,2013-12-11 10:30:06.245554,21855
7151922,104,Active,8,21,2013-12-11 10:30:06.251013,21855
7151923,105,Active,8,34,2013-12-11 10:30:06.256415,21855
7151924,106,Active,21,6,2013-12-11 10:30:06.289964,21855
7151925,107,Active,3,28,2013-12-11 10:30:06.295902,21855
7151926,108,Active,14,21,2013-12-11 10:30:06.301444,21855
7151927,109,Active,11,26,2013-12-11 10:30:06.306697,21855
7151928,110,Inactive,0,3,2013-12-11 10:30:06.312036,21855
7151929,111,Active,8,23,2013-12-11 10:30:06.319339,21855
7151930,112,Active,0,39,2013-12-11 10:30:06.377313,21855
7151931,113,Active,5,46,2013-12-11 10:30:06.384252,21855
7151932,114,Active,27,8,2013-12-11 10:30:06.418336,21855
7151933,115,Active,26,0,2013-12-11 10:30:06.424045,21855
7151934,116,Active,16,23,2013-12-11 10:30:06.429094,21855
7151935,117,Active,6,17,2013-12-11 10:30:06.434691,21855
7151936,118,Active,2,29,2013-12-11 10:30:06.439784,21855
7151937,119,Active,1,38,2013-12-11 10:30:06.445873,21855
7151938,120,Active,11,16,2013-12-11 10:30:06.48152,21855
7151939,121,Active,21,3,2013-12-11 10:30:06.48768,21855
7151940,122,Active,23,8,2013-12-11 10:30:06.493432,21855
7151941,123,Active,0,27,2013-12-11 10:30:06.499617,21855
7151942,124,Active,26,9,2013-12-11 10:30:06.505629,21855
7151943,125,Active,14,23,2013-12-11 10:30:06.511215,21855
7151944,126,Active,9,15,2013-12-11 10:30:06.549126,21855
7151945,127,Active,15,12,2013-12-11 10:30:06.554984,21855
7151946,128,Active,0,19,2013-12-11 10:30:06.561291,21855
7151947,129,Active,13,16,2013-12-11 10:30:06.568235,21855
7151948,130,Active,1,22,2013-12-11 10:30:06.574036,21855
7151949,131,Active,8,15,2013-12-11 10:30:06.580552,21855
7151950,132,Active,22,13,2013-12-11 10:30:06.61547,21855
7151951,133,Active,26,1,2013-12-11 10:30:06.621763,21855
7151952,134,Active,1,34,2013-12-11 10:30:06.628995,21855
7151953,135,Active,18,24,2013-12-11 10:30:06.634513,21855
7151954,136,Active,15,8,2013-12-11 10:30:06.639967,21855
7151955,137,Active,14,14,2013-12-11 10:30:06.646686,21855
7151956,138,Active,10,29,2013-12-11 10:30:06.678007,21855
7151957,139,Active,0,35,2013-12-11 10:30:06.685385,21855
7151958,140,Active,5,22,2013-12-11 10:30:06.691073,21855
7151959,141,Active,12,19,2013-12-11 10:30:06.696098,21855
7151960,142,Active,35,8,2013-12-11 10:30:06.701325,21855
7151961,143,Active,16,7,2013-12-11 10:30:06.706684,21855
7151962,144,Active,2,25,2013-12-11 10:30:06.741162,21855
7151963,145,Active,26,8,2013-12-11 10:30:06.746709,21855
7151964,146,Active,0,55,2013-12-11 10:30:06.752095,21855
7151965,147,Active,2,37,2013-12-11 10:30:06.757332,21855
7151966,148,Active,11,32,2013-12-11 10:30:06.762796,21855
7151967,149,Active,11,46,2013-12-11 10:30:06.768195,21855
7151968,150,Active,40,9,2013-12-11 10:30:06.773488,21855
7151969,151,Active,6,21,2013-12-11 10:30:06.778985,21855
7151970,152,Active,8,23,2013-12-11 10:30:06.814697,21855
7151971,153,Active,29,4,2013-12-11 10:30:06.82297,21855
7151972,154,Active,0,32,2013-12-11 10:30:06.828513,21855
7151973,155,Active,28,11,2013-12-11 10:30:06.833783,21855
7151974,156,Active,30,5,2013-12-11 10:30:06.839033,21855
7151975,157,Active,7,20,2013-12-11 10:30:06.845122,21855
7151976,158,Active,19,0,2013-12-11 10:30:06.879172,21855
7151977,159,Active,2,27,2013-12-11 10:30:06.885339,21855
7151978,160,Active,0,43,2013-12-11 10:30:06.890883,21855
7151979,161,Active,1,46,2013-12-11 10:30:06.896413,21855
7151980,162,Active,32,9,2013-12-11 10:30:06.902035,21855
7151981,163,Active,34,5,2013-12-11 10:30:06.908356,21855
7151982,164,Active,28,6,2013-12-11 10:30:06.944355,21855
7151983,165,Active,29,10,2013-12-11 10:30:06.952704,21855
7151984,166,Active,11,20,2013-12-11 10:30:06.958599,21855
7151985,167,Active,12,16,2013-12-11 10:30:06.964633,21855
7151986,168,Active,0,43,2013-12-11 10:30:06.995821,21855
7151987,169,Active,0,39,2013-12-11 10:30:07.013157,21855
7151988,170,Active,1,34,2013-12-11 10:30:07.020028,21855
7151989,171,Active,4,23,2013-12-11 10:30:07.027258,21855
7151990,172,Active,0,31,2013-12-11 10:30:07.032807,21855
7151991,173,Active,12,19,2013-12-11 10:30:07.038389,21855
7151992,174,Active,6,26,2013-12-11 10:30:07.043906,21855
7151993,175,Active,29,2,2013-12-11 10:30:07.050926,21855
7151994,176,Active,25,2,2013-12-11 10:30:07.083756,21855
7151995,177,Active,3,27,2013-12-11 10:30:07.09014,21855
7151996,178,Active,15,10,2013-12-11 10:30:07.096059,21855
7151997,179,Active,7,20,2013-12-11 10:30:07.103658,21855
7151998,180,Active,12,19,2013-12-11 10:30:07.111688,21855
7151999,181,Active,4,23,2013-12-11 10:30:07.117993,21855
7152000,182,Active,12,3,2013-12-11 10:30:07.124009,21855
7152001,183,Active,35,7,2013-12-11 10:30:07.132169,21855
7152002,184,Active,2,36,2013-12-11 10:30:07.166871,21855
7152003,185,Active,24,7,2013-12-11 10:30:07.17293,21855
7152004,186,Active,25,14,2013-12-11 10:30:07.179074,21855
7152005,187,Active,13,26,2013-12-11 10:30:07.185416,21855
7152006,188,Active,19,15,2013-12-11 10:30:07.191686,21855
7152007,189,Active,6,37,2013-12-11 10:30:07.197466,21855
7152008,190,Active,6,17,2013-12-11 10:30:07.202938,21855
7152009,191,Active,9,10,2013-12-11 10:30:07.208458,21855
7152010,192,Active,29,5,2013-12-11 10:30:07.242654,21855
7152011,193,Active,23,0,2013-12-11 10:30:07.248585,21855
7152012,194,Active,6,23,2013-12-11 10:30:07.253922,21855
7152013,195,Active,1,23,2013-12-11 10:30:07.259506,21855
7152014,196,Active,18,24,2013-12-11 10:30:07.264879,21855
7152015,197,Active,7,24,2013-12-11 10:30:07.270886,21855
7152016,198,Active,34,13,2013-12-11 10:30:07.276435,21855
7152017,199,Active,22,1,2013-12-11 10:30:07.282019,21855
7152018,200,Active,15,7,2013-12-11 10:30:07.288256,21855
7152019,201,Active,11,12,2013-12-11 10:30:07.323038,21855
7152020,202,Active,10,9,2013-12-11 10:30:07.329496,21855
7152021,203,Active,39,16,2013-12-11 10:30:07.33832,21855
7152022,204,Active,4,35,2013-12-11 10:30:07.344333,21855
7152023,205,Active,14,17,2013-12-11 10:30:07.349908,21855
7152024,206,Active,7,52,2013-12-11 10:30:07.3555,21855
7152025,207,Active,25,5,2013-12-11 10:30:07.361886,21855
7152026,208,Active,4,23,2013-12-11 10:30:07.368495,21855
7152027,209,Active,6,21,2013-12-11 10:30:07.400303,21855
7152028,210,Active,29,2,2013-12-11 10:30:07.406825,21855
7152029,211,Active,37,1,2013-12-11 10:30:07.413622,21855
7152030,212,Active,26,1,2013-12-11 10:30:07.419679,21855
7152031,213,Active,1,45,2013-12-11 10:30:07.425561,21855
7152032,214,Active,1,26,2013-12-11 10:30:07.431327,21855
7152033,215,Active,12,15,2013-12-11 10:30:07.437228,21855
7152034,216,Active,24,3,2013-12-11 10:30:07.442772,21855
7152035,217,Active,36,2,2013-12-11 10:30:07.475238,21855
7152036,218,Active,1,31,2013-12-11 10:30:07.480924,21855
7152037,219,Active,17,17,2013-12-11 10:30:07.486355,21855
7152038,220,Active,10,40,2013-12-11 10:30:07.491811,21855
7152039,221,Active,13,10,2013-12-11 10:30:07.497318,21855
7152040,222,Active,0,49,2013-12-11 10:30:07.502852,21855
7152041,223,Active,41,1,2013-12-11 10:30:07.508696,21855
7152042,224,Active,32,7,2013-12-11 10:30:07.53825,21855
7152043,225,Active,16,15,2013-12-11 10:30:07.558618,21855
7152044,226,Active,29,2,2013-12-11 10:30:07.564196,21855
7152045,227,Active,14,16,2013-12-11 10:30:07.569525,21855
7152046,228,Active,19,40,2013-12-11 10:30:07.575055,21855
7152047,229,Active,38,1,2013-12-11 10:30:07.580602,21855
7152048,230,Active,13,20,2013-12-11 10:30:07.586219,21855
7152049,231,Active,10,29,2013-12-11 10:30:07.593125,21855
7152050,232,Active,2,31,2013-12-11 10:30:07.598768,21855
7152051,233,Active,26,32,2013-12-11 10:30:07.604107,21855
7152052,234,Active,3,28,2013-12-11 10:30:07.635924,21855
7152053,235,Active,4,17,2013-12-11 10:30:07.642573,21855
7152054,236,Active,11,12,2013-12-11 10:30:07.648914,21855
7152055,237,Active,36,2,2013-12-11 10:30:07.655595,21855
7152056,238,Active,28,19,2013-12-11 10:30:07.660894,21855
7152057,239,Active,4,20,2013-12-11 10:30:07.666242,21855
7152058,240,Active,17,42,2013-12-11 10:30:07.671508,21855
7152059,241,Active,5,34,2013-12-11 10:30:07.676573,21855
7152060,242,Active,1,33,2013-12-11 10:30:07.712322,21855
7152061,243,Active,34,0,2013-12-11 10:30:07.719352,21855
7152062,244,Active,2,57,2013-12-11 10:30:07.725948,21855
7152063,245,Active,14,43,2013-12-11 10:30:07.731881,21855
7152064,246,Active,28,9,2013-12-11 10:30:07.739629,21855
7152065,247,Active,20,7,2013-12-11 10:30:07.746225,21855
7152066,248,Active,2,39,2013-12-11 10:30:07.751978,21855
7152067,249,Active,37,5,2013-12-11 10:30:07.758282,21855
7152068,250,Active,0,46,2013-12-11 10:30:07.792681,21855
7152069,251,Active,13,24,2013-12-11 10:30:07.798934,21855
7152070,252,Active,20,25,2013-12-11 10:30:07.804914,21855
7152071,253,Active,43,16,2013-12-11 10:30:07.812252,21855
7152072,254,Active,18,13,2013-12-11 10:30:07.818234,21855
7152073,255,Active,26,4,2013-12-11 10:30:07.824619,21855
7152074,256,Active,25,2,2013-12-11 10:30:07.830039,21855
7152075,257,Active,6,19,2013-12-11 10:30:07.835155,21855
7152076,258,Active,37,1,2013-12-11 10:30:07.86854,21855
7152077,259,Active,31,4,2013-12-11 10:30:07.875741,21855
7152078,260,Active,0,44,2013-12-11 10:30:07.881882,21855
7152079,261,Active,0,39,2013-12-11 10:30:07.887785,21855
7152080,262,Active,2,36,2013-12-11 10:30:07.894272,21855
7152081,263,Active,32,3,2013-12-11 10:30:07.899686,21855
7152082,264,Active,36,5,2013-12-11 10:30:07.905031,21855
7152083,265,Active,25,11,2013-12-11 10:30:07.91028,21855
7152084,266,Active,54,5,2013-12-11 10:30:07.915606,21855
7152085,267,Active,3,50,2013-12-11 10:30:07.949345,21855
7152086,268,Active,41,8,2013-12-11 10:30:07.957407,21855
7152087,269,Active,0,34,2013-12-11 10:30:07.962694,21855
7152088,270,Active,32,3,2013-12-11 10:30:07.967982,21855
7152089,271,Active,23,2,2013-12-11 10:30:07.973451,21855
7152090,272,Active,11,35,2013-12-11 10:30:07.979945,21855
7152091,273,Active,0,59,2013-12-11 10:30:07.98555,21855
7152092,274,Active,4,26,2013-12-11 10:30:07.991201,21855
7152093,275,Active,15,21,2013-12-11 10:30:07.99789,21855
7152094,276,Active,3,49,2013-12-11 10:30:08.030915,21855
7152095,277,Active,41,1,2013-12-11 10:30:08.037843,21855
7152096,330,Active,7,23,2013-12-11 10:30:08.043917,21855
7152097,278,Active,2,26,2013-12-11 10:30:08.049306,21855
7152098,279,Active,40,2,2013-12-11 10:30:08.081611,21855
7152099,280,Active,25,9,2013-12-11 10:30:08.109421,21855
7152100,281,Active,27,19,2013-12-11 10:30:08.114855,21855
7152101,282,Active,7,15,2013-12-11 10:30:08.120168,21855
7152102,283,Active,33,3,2013-12-11 10:30:08.126634,21855
7152103,284,Active,2,48,2013-12-11 10:30:08.132601,21855
7152104,285,Active,30,2,2013-12-11 10:30:08.138199,21855
7152105,286,Active,23,2,2013-12-11 10:30:08.144028,21855
7152106,287,Active,12,14,2013-12-11 10:30:08.150575,21855
7152107,288,Active,39,13,2013-12-11 10:30:08.156451,21855
7152108,289,Active,32,3,2013-12-11 10:30:08.189021,21855
7152109,290,Active,11,28,2013-12-11 10:30:08.199346,21855
7152110,291,Active,18,41,2013-12-11 10:30:08.20453,21855
7152111,292,Active,19,19,2013-12-11 10:30:08.210078,21855
7152112,293,Active,39,20,2013-12-11 10:30:08.215527,21855
7152113,294,Active,0,39,2013-12-11 10:30:08.222967,21855
7152114,295,Active,60,6,2013-12-11 10:30:08.228521,21855
7152115,296,Active,0,51,2013-12-11 10:30:08.233947,21855
7152116,297,Active,28,22,2013-12-11 10:30:08.268619,21855
7152117,298,Active,0,56,2013-12-11 10:30:08.274232,21855
7152118,299,Active,22,16,2013-12-11 10:30:08.279483,21855
7152119,300,Active,4,39,2013-12-11 10:30:08.28639,21855
7152120,301,Active,44,15,2013-12-11 10:30:08.293592,21855
7152121,302,Active,32,6,2013-12-11 10:30:08.299432,21855
7152122,303,Active,31,10,2013-12-11 10:30:08.305698,21855
7152123,305,Active,19,20,2013-12-11 10:30:08.311223,21855
7152124,306,Active,35,8,2013-12-11 10:30:08.316557,21855
7152125,307,Active,0,49,2013-12-11 10:30:08.348889,21855
7152126,308,Active,9,22,2013-12-11 10:30:08.355225,21855
7152127,309,Active,12,16,2013-12-11 10:30:08.360436,21855
7152128,310,Active,1,38,2013-12-11 10:30:08.366268,21855
7152129,311,Active,0,38,2013-12-11 10:30:08.371874,21855
7152130,312,Active,19,12,2013-12-11 10:30:08.377031,21855
7152131,313,Active,27,10,2013-12-11 10:30:08.382366,21855
7152132,314,Active,21,4,2013-12-11 10:30:08.387502,21855
7152133,315,Active,1,36,2013-12-11 10:30:08.393275,21855
7152134,316,Active,10,20,2013-12-11 10:30:08.427152,21855
7152135,317,Active,1,14,2013-12-11 10:30:08.433364,21855
7152136,318,Active,4,23,2013-12-11 10:30:08.439762,21855
7152137,319,Active,29,1,2013-12-11 10:30:08.445463,21855
7152138,320,Active,3,33,2013-12-11 10:30:08.450919,21855
7152139,321,Active,2,10,2013-12-11 10:30:08.456388,21855
7152140,322,Active,0,49,2013-12-11 10:30:08.462954,21855
7152141,332,Active,15,9,2013-12-11 10:30:08.469,21855
7152142,327,Active,12,22,2013-12-11 10:30:08.474325,21855
7152143,328,Active,0,39,2013-12-11 10:30:08.508193,21855
7152144,331,Active,5,30,2013-12-11 10:30:08.513854,21855
7152145,323,Active,10,29,2013-12-11 10:30:08.519791,21855
7152146,324,Active,17,26,2013-12-11 10:30:08.525219,21855
7152147,329,Active,30,2,2013-12-11 10:30:08.530533,21855
7152148,325,Active,0,35,2013-12-11 10:30:08.53597,21855
7152149,326,Active,20,5,2013-12-11 10:30:08.571356,21855
7152150,1,Active,21,17,2013-12-11 10:40:05.436837,21856
7152151,2,Active,0,33,2013-12-11 10:40:05.445592,21856
7152152,3,Active,10,16,2013-12-11 10:40:05.451008,21856
7152153,4,Active,40,21,2013-12-11 10:40:05.455473,21856
7152154,5,Active,16,21,2013-12-11 10:40:05.459797,21856
7152155,6,Active,8,11,2013-12-11 10:40:05.46462,21856
7152156,7,Active,15,4,2013-12-11 10:40:05.46908,21856
7152157,8,Active,13,18,2013-12-11 10:40:05.476313,21856
7152158,9,Active,6,24,2013-12-11 10:40:05.481335,21856
7152159,10,Active,1,45,2013-12-11 10:40:05.485741,21856
7152160,11,Active,14,9,2013-12-11 10:40:05.490161,21856
7152161,12,Active,17,2,2013-12-11 10:40:05.495003,21856
7152162,13,Active,23,16,2013-12-11 10:40:05.499865,21856
7152163,14,Active,14,19,2013-12-11 10:40:05.504405,21856
7152164,15,Active,30,1,2013-12-11 10:40:05.509403,21856
7152165,16,Active,4,29,2013-12-11 10:40:05.51404,21856
7152166,17,Active,10,19,2013-12-11 10:40:05.519506,21856
7152167,18,Active,2,53,2013-12-11 10:40:05.524192,21856
7152168,19,Active,8,15,2013-12-11 10:40:05.529079,21856
7152169,20,Active,22,4,2013-12-11 10:40:05.533552,21856
7152170,21,Active,11,24,2013-12-11 10:40:05.5382,21856
7152171,22,Active,0,47,2013-12-11 10:40:05.542649,21856
7152172,23,Active,7,37,2013-12-11 10:40:05.547457,21856
7152173,24,Active,1,44,2013-12-11 10:40:05.551823,21856
7152174,25,Active,3,47,2013-12-11 10:40:05.556754,21856
7152175,26,Active,18,12,2013-12-11 10:40:05.561679,21856
7152176,27,Active,0,45,2013-12-11 10:40:05.566537,21856
7152177,28,Active,13,13,2013-12-11 10:40:05.570912,21856
7152178,29,Active,1,22,2013-12-11 10:40:05.575758,21856
7152179,30,Active,23,16,2013-12-11 10:40:05.583982,21856
7152180,31,Active,3,35,2013-12-11 10:40:05.588818,21856
7152181,32,Active,33,0,2013-12-11 10:40:05.593221,21856
7152182,33,Active,1,30,2013-12-11 10:40:05.598404,21856
7152183,34,Active,4,33,2013-12-11 10:40:05.603002,21856
7152184,35,Active,8,47,2013-12-11 10:40:05.607373,21856
7152185,36,Active,0,27,2013-12-11 10:40:05.611863,21856
7152186,37,Active,7,16,2013-12-11 10:40:05.6163,21856
7152187,38,Active,4,35,2013-12-11 10:40:05.621194,21856
7152188,39,Active,35,4,2013-12-11 10:40:05.625554,21856
7152189,40,Active,35,4,2013-12-11 10:40:05.630398,21856
7152190,41,Active,22,8,2013-12-11 10:40:05.635191,21856
7152191,42,Active,0,31,2013-12-11 10:40:05.640083,21856
7152192,43,Active,12,11,2013-12-11 10:40:05.645521,21856
7152193,44,Active,10,13,2013-12-11 10:40:05.650581,21856
7152194,45,Active,22,17,2013-12-11 10:40:05.655264,21856
7152195,46,Active,19,12,2013-12-11 10:40:05.660141,21856
7152196,47,Active,1,22,2013-12-11 10:40:05.665204,21856
7152197,48,Active,12,8,2013-12-11 10:40:05.669675,21856
7152198,49,Active,0,23,2013-12-11 10:40:05.67446,21856
7152199,50,Active,0,27,2013-12-11 10:40:05.678944,21856
7152200,51,Active,1,39,2013-12-11 10:40:05.683481,21856
7152201,52,Active,5,22,2013-12-11 10:40:05.687914,21856
7152202,53,Active,15,16,2013-12-11 10:40:05.696186,21856
7152203,54,Active,19,28,2013-12-11 10:40:05.701336,21856
7152204,55,Active,21,9,2013-12-11 10:40:05.705773,21856
7152205,56,Active,8,31,2013-12-11 10:40:05.734143,21856
7152206,57,Active,12,11,2013-12-11 10:40:05.739639,21856
7152207,58,Active,2,37,2013-12-11 10:40:05.745474,21856
7152208,59,Active,2,33,2013-12-11 10:40:05.750982,21856
7152209,60,Active,6,21,2013-12-11 10:40:05.757633,21856
7152210,61,Active,10,14,2013-12-11 10:40:05.763645,21856
7152211,62,Active,2,29,2013-12-11 10:40:05.769114,21856
7152212,63,Active,2,25,2013-12-11 10:40:05.775322,21856
7152213,64,Active,32,3,2013-12-11 10:40:05.781715,21856
7152214,65,Active,7,17,2013-12-11 10:40:05.788672,21856
7152215,66,Active,20,37,2013-12-11 10:40:05.794552,21856
7152216,67,Active,2,24,2013-12-11 10:40:05.799801,21856
7152217,68,Active,21,2,2013-12-11 10:40:05.805166,21856
7152218,69,Active,12,27,2013-12-11 10:40:05.810352,21856
7152219,70,Active,25,6,2013-12-11 10:40:05.816003,21856
7152220,71,Active,10,9,2013-12-11 10:40:05.82129,21856
7152221,72,Active,4,21,2013-12-11 10:40:05.826958,21856
7152222,73,Active,16,2,2013-12-11 10:40:05.832389,21856
7152223,74,Active,17,2,2013-12-11 10:40:05.837692,21856
7152224,75,Active,27,4,2013-12-11 10:40:05.844877,21856
7152225,76,Active,0,58,2013-12-11 10:40:05.850681,21856
7152226,77,Active,23,4,2013-12-11 10:40:05.855888,21856
7152227,78,Active,30,12,2013-12-11 10:40:05.861623,21856
7152228,79,Active,20,26,2013-12-11 10:40:05.86703,21856
7152229,80,Active,8,11,2013-12-11 10:40:05.872293,21856
7152230,81,Active,13,15,2013-12-11 10:40:05.877637,21856
7152231,82,Active,12,8,2013-12-11 10:40:05.882934,21856
7152232,83,Active,0,53,2013-12-11 10:40:05.888851,21856
7152233,84,Active,1,30,2013-12-11 10:40:05.894566,21856
7152234,85,Active,15,9,2013-12-11 10:40:05.899623,21856
7152235,86,Active,11,24,2013-12-11 10:40:05.905166,21856
7152236,87,Active,21,6,2013-12-11 10:40:05.91033,21856
7152237,88,Active,5,30,2013-12-11 10:40:05.915652,21856
7152238,89,Active,27,26,2013-12-11 10:40:05.921062,21856
7152239,90,Active,36,0,2013-12-11 10:40:05.926389,21856
7152240,91,Active,23,0,2013-12-11 10:40:05.931809,21856
7152241,92,Active,3,27,2013-12-11 10:40:05.937608,21856
7152242,93,Active,6,30,2013-12-11 10:40:05.942834,21856
7152243,94,Active,14,19,2013-12-11 10:40:05.948014,21856
7152244,95,Active,7,30,2013-12-11 10:40:05.954471,21856
7152245,96,Active,29,2,2013-12-11 10:40:05.959708,21856
7152246,97,Active,9,18,2013-12-11 10:40:05.969019,21856
7152247,98,Active,7,34,2013-12-11 10:40:05.974313,21856
7152248,99,Active,31,4,2013-12-11 10:40:05.981296,21856
7152249,100,Active,6,24,2013-12-11 10:40:05.987001,21856
7152250,101,Active,17,14,2013-12-11 10:40:05.992741,21856
7152251,102,Active,10,13,2013-12-11 10:40:05.998032,21856
7152252,103,Active,26,13,2013-12-11 10:40:06.006373,21856
7152253,104,Active,8,21,2013-12-11 10:40:06.021509,21856
7152254,105,Active,8,34,2013-12-11 10:40:06.031355,21856
7152255,106,Active,21,6,2013-12-11 10:40:06.036836,21856
7152256,107,Active,3,28,2013-12-11 10:40:06.042346,21856
7152257,108,Active,13,22,2013-12-11 10:40:06.0478,21856
7152258,109,Active,11,26,2013-12-11 10:40:06.053534,21856
7152259,110,Inactive,0,3,2013-12-11 10:40:06.060277,21856
7152260,111,Active,8,23,2013-12-11 10:40:06.065263,21856
7152261,112,Active,0,39,2013-12-11 10:40:06.092613,21856
7152262,113,Active,5,46,2013-12-11 10:40:06.100791,21856
7152263,114,Active,27,8,2013-12-11 10:40:06.106783,21856
7152264,115,Active,26,0,2013-12-11 10:40:06.112261,21856
7152265,116,Active,16,23,2013-12-11 10:40:06.11772,21856
7152266,117,Active,5,18,2013-12-11 10:40:06.123132,21856
7152267,118,Active,3,28,2013-12-11 10:40:06.128298,21856
7152268,119,Active,1,38,2013-12-11 10:40:06.134199,21856
7152269,120,Active,11,16,2013-12-11 10:40:06.13938,21856
7152270,121,Active,20,4,2013-12-11 10:40:06.145079,21856
7152271,122,Active,23,8,2013-12-11 10:40:06.150297,21856
7152272,123,Active,0,27,2013-12-11 10:40:06.156419,21856
7152273,124,Active,25,10,2013-12-11 10:40:06.162582,21856
7152274,125,Active,14,23,2013-12-11 10:40:06.168066,21856
7152275,126,Active,9,15,2013-12-11 10:40:06.173797,21856
7152276,127,Active,15,12,2013-12-11 10:40:06.178848,21856
7152277,128,Active,0,19,2013-12-11 10:40:06.184174,21856
7152278,129,Active,14,15,2013-12-11 10:40:06.189702,21856
7152279,130,Active,1,22,2013-12-11 10:40:06.194994,21856
7152280,131,Active,8,15,2013-12-11 10:40:06.200281,21856
7152281,132,Active,22,13,2013-12-11 10:40:06.205532,21856
7152282,133,Active,26,1,2013-12-11 10:40:06.210804,21856
7152283,134,Active,1,34,2013-12-11 10:40:06.216095,21856
7152284,135,Active,18,24,2013-12-11 10:40:06.224618,21856
7152285,136,Active,15,8,2013-12-11 10:40:06.229822,21856
7152286,137,Active,14,14,2013-12-11 10:40:06.236406,21856
7152287,138,Active,10,29,2013-12-11 10:40:06.241758,21856
7152288,139,Active,0,35,2013-12-11 10:40:06.248251,21856
7152289,140,Active,5,22,2013-12-11 10:40:06.254009,21856
7152290,141,Active,12,19,2013-12-11 10:40:06.259011,21856
7152291,142,Active,34,9,2013-12-11 10:40:06.264276,21856
7152292,143,Active,16,7,2013-12-11 10:40:06.271216,21856
7152293,144,Active,2,25,2013-12-11 10:40:06.276411,21856
7152294,145,Active,25,9,2013-12-11 10:40:06.281785,21856
7152295,146,Active,0,55,2013-12-11 10:40:06.28723,21856
7152296,147,Active,2,37,2013-12-11 10:40:06.292319,21856
7152297,148,Active,10,33,2013-12-11 10:40:06.297573,21856
7152298,149,Active,11,46,2013-12-11 10:40:06.302735,21856
7152299,150,Active,40,9,2013-12-11 10:40:06.30896,21856
7152300,151,Active,6,21,2013-12-11 10:40:06.314319,21856
7152301,152,Active,8,23,2013-12-11 10:40:06.320016,21856
7152302,153,Active,28,5,2013-12-11 10:40:06.325306,21856
7152303,154,Active,0,32,2013-12-11 10:40:06.33078,21856
7152304,155,Active,27,12,2013-12-11 10:40:06.336201,21856
7152305,156,Active,30,5,2013-12-11 10:40:06.341271,21856
7152306,157,Active,7,20,2013-12-11 10:40:06.347047,21856
7152307,158,Active,19,0,2013-12-11 10:40:06.356799,21856
7152308,159,Active,2,27,2013-12-11 10:40:06.362703,21856
7152309,160,Active,0,43,2013-12-11 10:40:06.368452,21856
7152310,161,Active,1,46,2013-12-11 10:40:06.373801,21856
7152311,162,Active,31,10,2013-12-11 10:40:06.379183,21856
7152312,163,Active,35,4,2013-12-11 10:40:06.3848,21856
7152313,164,Active,28,6,2013-12-11 10:40:06.390714,21856
7152314,165,Active,29,10,2013-12-11 10:40:06.396065,21856
7152315,166,Active,11,20,2013-12-11 10:40:06.401691,21856
7152316,167,Active,12,16,2013-12-11 10:40:06.407034,21856
7152317,168,Active,0,43,2013-12-11 10:40:06.43516,21856
7152318,169,Active,0,39,2013-12-11 10:40:06.441304,21856
7152319,170,Active,1,34,2013-12-11 10:40:06.446742,21856
7152320,171,Active,4,23,2013-12-11 10:40:06.452445,21856
7152321,172,Active,0,31,2013-12-11 10:40:06.45783,21856
7152322,173,Active,12,19,2013-12-11 10:40:06.463316,21856
7152323,174,Active,6,26,2013-12-11 10:40:06.468356,21856
7152324,175,Active,29,2,2013-12-11 10:40:06.474025,21856
7152325,176,Active,25,2,2013-12-11 10:40:06.4803,21856
7152326,177,Active,3,27,2013-12-11 10:40:06.485678,21856
7152327,178,Active,15,10,2013-12-11 10:40:06.491334,21856
7152328,179,Active,7,20,2013-12-11 10:40:06.49741,21856
7152329,180,Active,12,19,2013-12-11 10:40:06.503114,21856
7152330,181,Active,4,23,2013-12-11 10:40:06.508984,21856
7152331,182,Active,12,3,2013-12-11 10:40:06.514665,21856
7152332,183,Active,34,8,2013-12-11 10:40:06.519815,21856
7152333,184,Active,2,36,2013-12-11 10:40:06.525399,21856
7152334,185,Active,23,8,2013-12-11 10:40:06.530338,21856
7152335,186,Active,25,14,2013-12-11 10:40:06.535746,21856
7152336,187,Active,13,26,2013-12-11 10:40:06.541617,21856
7152337,188,Active,19,15,2013-12-11 10:40:06.547005,21856
7152338,189,Active,6,37,2013-12-11 10:40:06.552102,21856
7152339,190,Active,6,17,2013-12-11 10:40:06.557225,21856
7152340,191,Active,9,10,2013-12-11 10:40:06.56543,21856
7152341,192,Active,28,6,2013-12-11 10:40:06.571065,21856
7152342,193,Active,23,0,2013-12-11 10:40:06.576978,21856
7152343,194,Active,6,23,2013-12-11 10:40:06.582203,21856
7152344,195,Active,1,23,2013-12-11 10:40:06.587256,21856
7152345,196,Active,18,24,2013-12-11 10:40:06.592512,21856
7152346,197,Active,7,24,2013-12-11 10:40:06.597976,21856
7152347,198,Active,33,14,2013-12-11 10:40:06.603207,21856
7152348,199,Active,22,1,2013-12-11 10:40:06.608334,21856
7152349,200,Active,15,7,2013-12-11 10:40:06.61448,21856
7152350,201,Active,11,12,2013-12-11 10:40:06.620057,21856
7152351,202,Active,10,9,2013-12-11 10:40:06.625283,21856
7152352,203,Active,38,17,2013-12-11 10:40:06.63093,21856
7152353,204,Active,4,35,2013-12-11 10:40:06.636103,21856
7152354,205,Active,14,17,2013-12-11 10:40:06.641285,21856
7152355,206,Active,7,52,2013-12-11 10:40:06.646432,21856
7152356,207,Active,25,5,2013-12-11 10:40:06.651751,21856
7152357,208,Active,4,23,2013-12-11 10:40:06.656928,21856
7152358,209,Active,6,21,2013-12-11 10:40:06.662127,21856
7152359,210,Active,27,4,2013-12-11 10:40:06.667427,21856
7152360,211,Active,37,1,2013-12-11 10:40:06.673072,21856
7152361,212,Active,26,1,2013-12-11 10:40:06.678513,21856
7152362,213,Active,2,44,2013-12-11 10:40:06.684791,21856
7152363,214,Active,1,26,2013-12-11 10:40:06.690491,21856
7152364,215,Active,12,15,2013-12-11 10:40:06.695736,21856
7152365,216,Active,24,3,2013-12-11 10:40:06.700776,21856
7152366,217,Active,37,1,2013-12-11 10:40:06.706359,21856
7152367,218,Active,1,31,2013-12-11 10:40:06.711381,21856
7152368,219,Active,17,17,2013-12-11 10:40:06.716955,21856
7152369,220,Active,10,40,2013-12-11 10:40:06.722336,21856
7152370,221,Active,13,10,2013-12-11 10:40:06.72816,21856
7152371,222,Active,0,49,2013-12-11 10:40:06.733563,21856
7152372,223,Active,40,2,2013-12-11 10:40:06.738977,21856
7152373,224,Active,32,7,2013-12-11 10:40:06.766733,21856
7152374,225,Active,15,16,2013-12-11 10:40:06.772902,21856
7152375,226,Active,29,2,2013-12-11 10:40:06.77868,21856
7152376,227,Active,14,16,2013-12-11 10:40:06.785429,21856
7152377,228,Active,19,40,2013-12-11 10:40:06.791378,21856
7152378,229,Active,37,2,2013-12-11 10:40:06.796808,21856
7152379,230,Active,13,20,2013-12-11 10:40:06.803083,21856
7152380,231,Active,10,29,2013-12-11 10:40:06.808775,21856
7152381,232,Active,2,31,2013-12-11 10:40:06.814683,21856
7152382,233,Active,26,32,2013-12-11 10:40:06.820465,21856
7152383,234,Active,4,27,2013-12-11 10:40:06.825992,21856
7152384,235,Active,6,15,2013-12-11 10:40:06.83146,21856
7152385,236,Active,12,11,2013-12-11 10:40:06.837015,21856
7152386,237,Active,36,2,2013-12-11 10:40:06.843496,21856
7152387,238,Active,28,19,2013-12-11 10:40:06.849192,21856
7152388,239,Active,4,20,2013-12-11 10:40:06.854945,21856
7152389,240,Active,17,42,2013-12-11 10:40:06.859955,21856
7152390,241,Active,5,34,2013-12-11 10:40:06.865648,21856
7152391,242,Active,1,33,2013-12-11 10:40:06.870859,21856
7152392,243,Active,33,1,2013-12-11 10:40:06.876284,21856
7152393,244,Active,2,57,2013-12-11 10:40:06.881438,21856
7152394,245,Active,14,43,2013-12-11 10:40:06.886675,21856
7152395,246,Active,28,9,2013-12-11 10:40:06.891976,21856
7152396,247,Active,20,7,2013-12-11 10:40:06.897245,21856
7152397,248,Active,3,38,2013-12-11 10:40:06.905193,21856
7152398,249,Active,37,5,2013-12-11 10:40:06.910861,21856
7152399,250,Active,0,46,2013-12-11 10:40:06.916237,21856
7152400,251,Active,13,24,2013-12-11 10:40:06.921907,21856
7152401,252,Active,20,25,2013-12-11 10:40:06.92775,21856
7152402,253,Active,41,18,2013-12-11 10:40:06.933916,21856
7152403,254,Active,18,13,2013-12-11 10:40:06.939178,21856
7152404,255,Active,25,5,2013-12-11 10:40:06.944619,21856
7152405,256,Active,25,2,2013-12-11 10:40:06.950275,21856
7152406,257,Active,6,19,2013-12-11 10:40:06.955657,21856
7152407,258,Active,37,1,2013-12-11 10:40:06.960972,21856
7152408,259,Active,32,3,2013-12-11 10:40:06.966241,21856
7152409,260,Active,1,43,2013-12-11 10:40:06.971747,21856
7152410,261,Active,0,39,2013-12-11 10:40:06.977253,21856
7152411,262,Active,2,36,2013-12-11 10:40:06.983086,21856
7152412,263,Active,32,3,2013-12-11 10:40:06.98893,21856
7152413,264,Active,36,5,2013-12-11 10:40:06.994714,21856
7152414,265,Active,25,11,2013-12-11 10:40:06.999954,21856
7152415,266,Active,54,5,2013-12-11 10:40:07.008962,21856
7152416,267,Active,4,49,2013-12-11 10:40:07.01415,21856
7152417,268,Active,40,9,2013-12-11 10:40:07.019281,21856
7152418,269,Active,0,34,2013-12-11 10:40:07.024478,21856
7152419,270,Active,32,3,2013-12-11 10:40:07.029679,21856
7152420,271,Active,23,2,2013-12-11 10:40:07.036031,21856
7152421,272,Active,11,35,2013-12-11 10:40:07.041234,21856
7152422,273,Active,0,59,2013-12-11 10:40:07.046558,21856
7152423,274,Active,4,26,2013-12-11 10:40:07.051877,21856
7152424,275,Active,16,20,2013-12-11 10:40:07.057237,21856
7152425,276,Active,3,49,2013-12-11 10:40:07.06265,21856
7152426,277,Active,41,1,2013-12-11 10:40:07.068008,21856
7152427,330,Active,7,23,2013-12-11 10:40:07.073497,21856
7152428,278,Active,2,26,2013-12-11 10:40:07.0789,21856
7152429,279,Active,40,2,2013-12-11 10:40:07.108102,21856
7152430,280,Active,25,9,2013-12-11 10:40:07.113749,21856
7152431,281,Active,27,19,2013-12-11 10:40:07.120837,21856
7152432,282,Active,7,15,2013-12-11 10:40:07.126723,21856
7152433,283,Active,32,4,2013-12-11 10:40:07.132199,21856
7152434,284,Active,2,48,2013-12-11 10:40:07.137483,21856
7152435,285,Active,30,2,2013-12-11 10:40:07.143125,21856
7152436,286,Active,23,2,2013-12-11 10:40:07.148598,21856
7152437,287,Active,12,14,2013-12-11 10:40:07.154252,21856
7152438,288,Active,39,13,2013-12-11 10:40:07.15995,21856
7152439,289,Active,30,5,2013-12-11 10:40:07.166017,21856
7152440,290,Active,11,28,2013-12-11 10:40:07.171432,21856
7152441,291,Active,19,40,2013-12-11 10:40:07.177059,21856
7152442,292,Active,19,19,2013-12-11 10:40:07.182345,21856
7152443,293,Active,39,20,2013-12-11 10:40:07.187468,21856
7152444,294,Active,0,39,2013-12-11 10:40:07.192761,21856
7152445,295,Active,59,7,2013-12-11 10:40:07.198077,21856
7152446,296,Active,0,51,2013-12-11 10:40:07.203344,21856
7152447,297,Active,28,22,2013-12-11 10:40:07.208571,21856
7152448,298,Active,0,56,2013-12-11 10:40:07.213881,21856
7152449,299,Active,22,16,2013-12-11 10:40:07.219005,21856
7152450,300,Active,4,39,2013-12-11 10:40:07.227995,21856
7152451,301,Active,44,15,2013-12-11 10:40:07.23331,21856
7152452,302,Active,32,6,2013-12-11 10:40:07.23879,21856
7152453,303,Active,30,11,2013-12-11 10:40:07.244201,21856
7152454,305,Active,19,20,2013-12-11 10:40:07.250614,21856
7152455,306,Active,34,9,2013-12-11 10:40:07.256638,21856
7152456,307,Active,0,49,2013-12-11 10:40:07.263188,21856
7152457,308,Active,8,23,2013-12-11 10:40:07.268435,21856
7152458,309,Active,12,16,2013-12-11 10:40:07.273749,21856
7152459,310,Active,1,38,2013-12-11 10:40:07.279141,21856
7152460,311,Active,0,38,2013-12-11 10:40:07.284676,21856
7152461,312,Active,19,12,2013-12-11 10:40:07.293046,21856
7152462,313,Active,28,9,2013-12-11 10:40:07.29825,21856
7152463,314,Active,21,4,2013-12-11 10:40:07.303915,21856
7152464,315,Active,2,35,2013-12-11 10:40:07.309573,21856
7152465,316,Active,10,20,2013-12-11 10:40:07.315102,21856
7152466,317,Active,1,14,2013-12-11 10:40:07.320372,21856
7152467,318,Active,4,23,2013-12-11 10:40:07.326719,21856
7152468,319,Active,29,1,2013-12-11 10:40:07.336651,21856
7152469,320,Active,3,33,2013-12-11 10:40:07.342001,21856
7152470,321,Active,2,10,2013-12-11 10:40:07.347329,21856
7152471,322,Active,0,49,2013-12-11 10:40:07.352645,21856
7152472,332,Active,15,9,2013-12-11 10:40:07.358062,21856
7152473,327,Active,12,22,2013-12-11 10:40:07.363339,21856
7152474,328,Active,0,39,2013-12-11 10:40:07.368573,21856
7152475,331,Active,5,30,2013-12-11 10:40:07.374083,21856
7152476,323,Active,10,29,2013-12-11 10:40:07.379349,21856
7152477,324,Active,17,26,2013-12-11 10:40:07.389139,21856
7152478,329,Active,31,1,2013-12-11 10:40:07.394593,21856
7152479,325,Active,0,35,2013-12-11 10:40:07.400072,21856
7152480,326,Active,20,5,2013-12-11 10:40:07.406028,21856
7152481,1,Active,21,17,2013-12-11 10:50:05.504567,21857
7152482,2,Active,0,33,2013-12-11 10:50:05.514702,21857
7152483,3,Active,10,16,2013-12-11 10:50:05.521316,21857
7152484,4,Active,40,21,2013-12-11 10:50:05.526093,21857
7152485,5,Active,17,20,2013-12-11 10:50:05.530682,21857
7152486,6,Active,8,11,2013-12-11 10:50:05.535913,21857
7152487,7,Active,14,5,2013-12-11 10:50:05.540588,21857
7152488,8,Active,13,18,2013-12-11 10:50:05.545274,21857
7152489,9,Active,6,24,2013-12-11 10:50:05.549851,21857
7152490,10,Active,1,45,2013-12-11 10:50:05.554317,21857
7152491,11,Active,14,9,2013-12-11 10:50:05.558783,21857
7152492,12,Active,16,3,2013-12-11 10:50:05.563268,21857
7152493,13,Active,23,16,2013-12-11 10:50:05.56773,21857
7152494,14,Active,15,18,2013-12-11 10:50:05.572263,21857
7152495,15,Active,29,2,2013-12-11 10:50:05.576716,21857
7152496,16,Active,4,29,2013-12-11 10:50:05.58121,21857
7152497,17,Active,10,19,2013-12-11 10:50:05.585741,21857
7152498,18,Active,2,53,2013-12-11 10:50:05.590241,21857
7152499,19,Active,8,15,2013-12-11 10:50:05.5951,21857
7152500,20,Active,22,4,2013-12-11 10:50:05.599733,21857
7152501,21,Active,10,25,2013-12-11 10:50:05.604677,21857
7152502,22,Active,0,47,2013-12-11 10:50:05.609261,21857
7152503,23,Active,8,36,2013-12-11 10:50:05.613975,21857
7152504,24,Active,1,44,2013-12-11 10:50:05.618696,21857
7152505,25,Active,3,47,2013-12-11 10:50:05.625391,21857
7152506,26,Active,17,13,2013-12-11 10:50:05.630027,21857
7152507,27,Active,1,44,2013-12-11 10:50:05.63454,21857
7152508,28,Active,12,14,2013-12-11 10:50:05.638927,21857
7152509,29,Active,1,22,2013-12-11 10:50:05.643324,21857
7152510,30,Active,23,16,2013-12-11 10:50:05.648022,21857
7152511,31,Active,3,35,2013-12-11 10:50:05.652636,21857
7152512,32,Active,33,0,2013-12-11 10:50:05.657982,21857
7152513,33,Active,1,30,2013-12-11 10:50:05.663064,21857
7152514,34,Active,4,33,2013-12-11 10:50:05.667661,21857
7152515,35,Active,8,47,2013-12-11 10:50:05.6727,21857
7152516,36,Active,0,27,2013-12-11 10:50:05.678313,21857
7152517,37,Active,7,16,2013-12-11 10:50:05.683509,21857
7152518,38,Active,4,35,2013-12-11 10:50:05.688512,21857
7152519,39,Active,35,4,2013-12-11 10:50:05.694054,21857
7152520,40,Active,35,4,2013-12-11 10:50:05.699172,21857
7152521,41,Active,22,8,2013-12-11 10:50:05.703959,21857
7152522,42,Active,0,31,2013-12-11 10:50:05.70911,21857
7152523,43,Active,12,11,2013-12-11 10:50:05.714164,21857
7152524,44,Active,10,13,2013-12-11 10:50:05.71951,21857
7152525,45,Active,23,16,2013-12-11 10:50:05.724324,21857
7152526,46,Active,19,12,2013-12-11 10:50:05.729969,21857
7152527,47,Active,1,22,2013-12-11 10:50:05.735572,21857
7152528,48,Active,12,8,2013-12-11 10:50:05.741707,21857
7152529,49,Active,0,23,2013-12-11 10:50:05.747111,21857
7152530,50,Active,0,27,2013-12-11 10:50:05.751993,21857
7152531,51,Active,2,38,2013-12-11 10:50:05.757147,21857
7152532,52,Active,5,22,2013-12-11 10:50:05.761817,21857
7152533,53,Active,14,17,2013-12-11 10:50:05.766786,21857
7152534,54,Active,19,28,2013-12-11 10:50:05.771909,21857
7152535,55,Active,21,9,2013-12-11 10:50:05.777215,21857
7152536,56,Active,9,30,2013-12-11 10:50:05.805919,21857
7152537,57,Active,12,11,2013-12-11 10:50:05.811731,21857
7152538,58,Active,2,37,2013-12-11 10:50:05.817724,21857
7152539,59,Active,2,33,2013-12-11 10:50:05.823639,21857
7152540,60,Active,6,21,2013-12-11 10:50:05.829269,21857
7152541,61,Active,10,14,2013-12-11 10:50:05.835504,21857
7152542,62,Active,2,29,2013-12-11 10:50:05.841404,21857
7152543,63,Active,2,25,2013-12-11 10:50:05.847408,21857
7152544,64,Active,32,3,2013-12-11 10:50:05.853663,21857
7152545,65,Active,6,18,2013-12-11 10:50:05.85929,21857
7152546,66,Active,20,37,2013-12-11 10:50:05.864768,21857
7152547,67,Active,3,23,2013-12-11 10:50:05.871404,21857
7152548,68,Active,20,3,2013-12-11 10:50:05.877042,21857
7152549,69,Active,12,27,2013-12-11 10:50:05.883548,21857
7152550,70,Active,25,6,2013-12-11 10:50:05.891082,21857
7152551,71,Active,9,10,2013-12-11 10:50:05.897076,21857
7152552,72,Active,4,21,2013-12-11 10:50:05.903234,21857
7152553,73,Active,16,2,2013-12-11 10:50:05.909278,21857
7152554,74,Active,17,2,2013-12-11 10:50:05.915562,21857
7152555,75,Active,27,4,2013-12-11 10:50:05.920994,21857
7152556,76,Active,1,57,2013-12-11 10:50:05.926971,21857
7152557,77,Active,23,4,2013-12-11 10:50:05.93262,21857
7152558,78,Active,23,19,2013-12-11 10:50:05.93847,21857
7152559,79,Active,21,25,2013-12-11 10:50:05.943833,21857
7152560,80,Active,8,11,2013-12-11 10:50:05.949596,21857
7152561,81,Active,12,16,2013-12-11 10:50:05.955462,21857
7152562,82,Active,11,9,2013-12-11 10:50:05.961438,21857
7152563,83,Active,0,53,2013-12-11 10:50:05.969516,21857
7152564,84,Active,1,30,2013-12-11 10:50:05.975881,21857
7152565,85,Active,15,9,2013-12-11 10:50:05.982084,21857
7152566,86,Active,11,24,2013-12-11 10:50:05.987835,21857
7152567,87,Active,20,7,2013-12-11 10:50:05.993734,21857
7152568,88,Active,5,30,2013-12-11 10:50:05.999932,21857
7152569,89,Active,27,26,2013-12-11 10:50:06.010285,21857
7152570,90,Active,36,0,2013-12-11 10:50:06.022444,21857
7152571,91,Active,23,0,2013-12-11 10:50:06.031497,21857
7152572,92,Active,3,27,2013-12-11 10:50:06.038202,21857
7152573,93,Active,6,30,2013-12-11 10:50:06.044624,21857
7152574,94,Active,14,19,2013-12-11 10:50:06.050499,21857
7152575,95,Active,6,31,2013-12-11 10:50:06.056074,21857
7152576,96,Active,29,2,2013-12-11 10:50:06.061564,21857
7152577,97,Active,8,19,2013-12-11 10:50:06.06738,21857
7152578,98,Active,7,34,2013-12-11 10:50:06.073941,21857
7152579,99,Active,31,4,2013-12-11 10:50:06.08004,21857
7152580,100,Active,6,24,2013-12-11 10:50:06.085836,21857
7152581,101,Active,17,14,2013-12-11 10:50:06.0922,21857
7152582,102,Active,10,13,2013-12-11 10:50:06.098415,21857
7152583,103,Active,27,12,2013-12-11 10:50:06.104322,21857
7152584,104,Active,8,21,2013-12-11 10:50:06.110561,21857
7152585,105,Active,8,34,2013-12-11 10:50:06.116251,21857
7152586,106,Active,21,6,2013-12-11 10:50:06.122117,21857
7152587,107,Active,3,28,2013-12-11 10:50:06.127858,21857
7152588,108,Active,13,22,2013-12-11 10:50:06.133768,21857
7152589,109,Active,13,24,2013-12-11 10:50:06.139819,21857
7152590,110,Inactive,0,3,2013-12-11 10:50:06.145204,21857
7152591,111,Active,7,24,2013-12-11 10:50:06.153771,21857
7152592,112,Active,0,39,2013-12-11 10:50:06.181905,21857
7152593,113,Active,5,46,2013-12-11 10:50:06.188758,21857
7152594,114,Active,27,8,2013-12-11 10:50:06.194319,21857
7152595,115,Active,25,1,2013-12-11 10:50:06.200559,21857
7152596,116,Active,16,23,2013-12-11 10:50:06.206339,21857
7152597,117,Active,5,18,2013-12-11 10:50:06.212439,21857
7152598,118,Active,2,29,2013-12-11 10:50:06.218329,21857
7152599,119,Active,1,38,2013-12-11 10:50:06.224625,21857
7152600,120,Active,11,16,2013-12-11 10:50:06.234756,21857
7152601,121,Active,21,3,2013-12-11 10:50:06.241458,21857
7152602,122,Active,23,8,2013-12-11 10:50:06.248204,21857
7152603,123,Active,0,27,2013-12-11 10:50:06.254078,21857
7152604,124,Active,25,10,2013-12-11 10:50:06.260213,21857
7152605,125,Active,14,23,2013-12-11 10:50:06.266518,21857
7152606,126,Active,9,15,2013-12-11 10:50:06.272073,21857
7152607,127,Active,15,12,2013-12-11 10:50:06.277975,21857
7152608,128,Active,0,19,2013-12-11 10:50:06.283789,21857
7152609,129,Active,14,15,2013-12-11 10:50:06.289433,21857
7152610,130,Active,1,22,2013-12-11 10:50:06.295389,21857
7152611,131,Active,8,15,2013-12-11 10:50:06.301055,21857
7152612,132,Active,22,13,2013-12-11 10:50:06.307313,21857
7152613,133,Active,25,2,2013-12-11 10:50:06.313432,21857
7152614,134,Active,1,34,2013-12-11 10:50:06.3198,21857
7152615,135,Active,18,24,2013-12-11 10:50:06.326096,21857
7152616,136,Active,15,8,2013-12-11 10:50:06.332149,21857
7152617,137,Active,14,14,2013-12-11 10:50:06.338659,21857
7152618,138,Active,10,29,2013-12-11 10:50:06.344688,21857
7152619,139,Active,0,35,2013-12-11 10:50:06.351543,21857
7152620,140,Active,5,22,2013-12-11 10:50:06.357427,21857
7152621,141,Active,12,19,2013-12-11 10:50:06.363166,21857
7152622,142,Active,35,8,2013-12-11 10:50:06.370209,21857
7152623,143,Active,16,7,2013-12-11 10:50:06.375691,21857
7152624,144,Active,2,25,2013-12-11 10:50:06.381285,21857
7152625,145,Active,24,10,2013-12-11 10:50:06.386678,21857
7152626,146,Active,0,55,2013-12-11 10:50:06.39195,21857
7152627,147,Active,2,37,2013-12-11 10:50:06.39728,21857
7152628,148,Active,9,34,2013-12-11 10:50:06.402724,21857
7152629,149,Active,11,46,2013-12-11 10:50:06.408177,21857
7152630,150,Active,39,10,2013-12-11 10:50:06.413934,21857
7152631,151,Active,6,21,2013-12-11 10:50:06.419031,21857
7152632,152,Active,8,23,2013-12-11 10:50:06.42438,21857
7152633,153,Active,28,5,2013-12-11 10:50:06.429643,21857
7152634,154,Active,0,32,2013-12-11 10:50:06.435237,21857
7152635,155,Active,26,13,2013-12-11 10:50:06.440545,21857
7152636,156,Active,29,6,2013-12-11 10:50:06.446059,21857
7152637,157,Active,7,20,2013-12-11 10:50:06.451505,21857
7152638,158,Active,19,0,2013-12-11 10:50:06.457017,21857
7152639,159,Active,2,27,2013-12-11 10:50:06.462295,21857
7152640,160,Active,0,43,2013-12-11 10:50:06.467702,21857
7152641,161,Active,1,46,2013-12-11 10:50:06.473022,21857
7152642,162,Active,31,10,2013-12-11 10:50:06.478607,21857
7152643,163,Active,35,4,2013-12-11 10:50:06.484482,21857
7152644,164,Active,28,6,2013-12-11 10:50:06.489762,21857
7152645,165,Active,30,9,2013-12-11 10:50:06.498064,21857
7152646,166,Active,11,20,2013-12-11 10:50:06.503609,21857
7152647,167,Active,12,16,2013-12-11 10:50:06.509392,21857
7152648,168,Active,0,43,2013-12-11 10:50:06.535956,21857
7152649,169,Active,0,39,2013-12-11 10:50:06.542374,21857
7152650,170,Active,1,34,2013-12-11 10:50:06.547835,21857
7152651,171,Active,4,23,2013-12-11 10:50:06.55378,21857
7152652,172,Active,0,31,2013-12-11 10:50:06.559205,21857
7152653,173,Active,11,20,2013-12-11 10:50:06.564808,21857
7152654,174,Active,6,26,2013-12-11 10:50:06.570827,21857
7152655,175,Active,28,3,2013-12-11 10:50:06.576547,21857
7152656,176,Active,25,2,2013-12-11 10:50:06.582495,21857
7152657,177,Active,3,27,2013-12-11 10:50:06.587891,21857
7152658,178,Active,15,10,2013-12-11 10:50:06.593125,21857
7152659,179,Active,7,20,2013-12-11 10:50:06.598999,21857
7152660,180,Active,12,19,2013-12-11 10:50:06.604893,21857
7152661,181,Active,4,23,2013-12-11 10:50:06.611377,21857
7152662,182,Active,12,3,2013-12-11 10:50:06.617169,21857
7152663,183,Active,35,7,2013-12-11 10:50:06.622863,21857
7152664,184,Active,2,36,2013-12-11 10:50:06.628344,21857
7152665,185,Active,25,6,2013-12-11 10:50:06.633801,21857
7152666,186,Active,24,15,2013-12-11 10:50:06.639885,21857
7152667,187,Active,13,26,2013-12-11 10:50:06.646064,21857
7152668,188,Active,19,15,2013-12-11 10:50:06.652412,21857
7152669,189,Active,6,37,2013-12-11 10:50:06.658507,21857
7152670,190,Active,6,17,2013-12-11 10:50:06.664509,21857
7152671,191,Active,9,10,2013-12-11 10:50:06.670197,21857
7152672,192,Active,29,5,2013-12-11 10:50:06.675998,21857
7152673,193,Active,14,9,2013-12-11 10:50:06.681689,21857
7152674,194,Active,6,23,2013-12-11 10:50:06.687347,21857
7152675,195,Active,1,23,2013-12-11 10:50:06.693075,21857
7152676,196,Active,18,24,2013-12-11 10:50:06.698622,21857
7152677,197,Active,7,24,2013-12-11 10:50:06.704209,21857
7152678,198,Active,33,14,2013-12-11 10:50:06.709944,21857
7152679,199,Active,22,1,2013-12-11 10:50:06.715792,21857
7152680,200,Active,13,9,2013-12-11 10:50:06.721199,21857
7152681,201,Active,11,12,2013-12-11 10:50:06.726926,21857
7152682,202,Active,10,9,2013-12-11 10:50:06.733049,21857
7152683,203,Active,38,17,2013-12-11 10:50:06.738769,21857
7152684,204,Active,4,35,2013-12-11 10:50:06.74395,21857
7152685,205,Active,14,17,2013-12-11 10:50:06.74991,21857
7152686,206,Active,7,52,2013-12-11 10:50:06.755221,21857
7152687,207,Active,24,6,2013-12-11 10:50:06.760308,21857
7152688,208,Active,4,23,2013-12-11 10:50:06.765601,21857
7152689,209,Active,6,21,2013-12-11 10:50:06.770935,21857
7152690,210,Active,26,5,2013-12-11 10:50:06.77629,21857
7152691,211,Active,36,2,2013-12-11 10:50:06.781624,21857
7152692,212,Active,26,1,2013-12-11 10:50:06.787173,21857
7152693,213,Active,1,45,2013-12-11 10:50:06.792372,21857
7152694,214,Active,1,26,2013-12-11 10:50:06.797583,21857
7152695,215,Active,12,15,2013-12-11 10:50:06.802776,21857
7152696,216,Active,23,4,2013-12-11 10:50:06.808105,21857
7152697,217,Active,37,1,2013-12-11 10:50:06.813736,21857
7152698,218,Active,1,31,2013-12-11 10:50:06.819186,21857
7152699,219,Active,17,17,2013-12-11 10:50:06.824631,21857
7152700,220,Active,10,40,2013-12-11 10:50:06.834013,21857
7152701,221,Active,13,10,2013-12-11 10:50:06.839357,21857
7152702,222,Active,0,49,2013-12-11 10:50:06.844669,21857
7152703,223,Active,39,3,2013-12-11 10:50:06.850256,21857
7152704,224,Active,33,6,2013-12-11 10:50:06.878943,21857
7152705,225,Active,16,15,2013-12-11 10:50:06.884707,21857
7152706,226,Active,29,2,2013-12-11 10:50:06.890029,21857
7152707,227,Active,14,16,2013-12-11 10:50:06.895343,21857
7152708,228,Active,18,41,2013-12-11 10:50:06.900561,21857
7152709,229,Active,36,3,2013-12-11 10:50:06.906122,21857
7152710,230,Active,12,21,2013-12-11 10:50:06.911317,21857
7152711,231,Active,10,29,2013-12-11 10:50:06.916525,21857
7152712,232,Active,1,32,2013-12-11 10:50:06.921786,21857
7152713,233,Active,26,32,2013-12-11 10:50:06.927162,21857
7152714,234,Active,5,26,2013-12-11 10:50:06.932397,21857
7152715,235,Active,6,15,2013-12-11 10:50:06.937763,21857
7152716,236,Active,11,12,2013-12-11 10:50:06.943,21857
7152717,237,Active,36,2,2013-12-11 10:50:06.948256,21857
7152718,238,Active,27,20,2013-12-11 10:50:06.95355,21857
7152719,239,Active,3,21,2013-12-11 10:50:06.958877,21857
7152720,240,Active,16,43,2013-12-11 10:50:06.964528,21857
7152721,241,Active,5,34,2013-12-11 10:50:06.969567,21857
7152722,242,Active,1,33,2013-12-11 10:50:06.978364,21857
7152723,243,Active,34,0,2013-12-11 10:50:06.983725,21857
7152724,244,Active,2,57,2013-12-11 10:50:06.988979,21857
7152725,245,Active,14,43,2013-12-11 10:50:06.994196,21857
7152726,246,Active,28,9,2013-12-11 10:50:06.999329,21857
7152727,247,Active,20,7,2013-12-11 10:50:07.004551,21857
7152728,248,Active,3,38,2013-12-11 10:50:07.010269,21857
7152729,249,Active,37,5,2013-12-11 10:50:07.016247,21857
7152730,250,Active,0,46,2013-12-11 10:50:07.021974,21857
7152731,251,Active,13,24,2013-12-11 10:50:07.027568,21857
7152732,252,Active,20,25,2013-12-11 10:50:07.033044,21857
7152733,253,Active,39,20,2013-12-11 10:50:07.039301,21857
7152734,254,Active,18,13,2013-12-11 10:50:07.045977,21857
7152735,255,Active,25,5,2013-12-11 10:50:07.051264,21857
7152736,256,Active,25,2,2013-12-11 10:50:07.056484,21857
7152737,257,Active,5,20,2013-12-11 10:50:07.061687,21857
7152738,258,Active,36,2,2013-12-11 10:50:07.067164,21857
7152739,259,Active,32,3,2013-12-11 10:50:07.073915,21857
7152740,260,Active,1,43,2013-12-11 10:50:07.080027,21857
7152741,261,Active,1,38,2013-12-11 10:50:07.085222,21857
7152742,262,Active,2,36,2013-12-11 10:50:07.091452,21857
7152743,263,Active,32,3,2013-12-11 10:50:07.096798,21857
7152744,264,Active,36,5,2013-12-11 10:50:07.102551,21857
7152745,265,Active,25,11,2013-12-11 10:50:07.108675,21857
7152746,266,Active,54,5,2013-12-11 10:50:07.114616,21857
7152747,267,Active,5,48,2013-12-11 10:50:07.120044,21857
7152748,268,Active,40,9,2013-12-11 10:50:07.125378,21857
7152749,269,Active,1,33,2013-12-11 10:50:07.130689,21857
7152750,270,Active,32,3,2013-12-11 10:50:07.136006,21857
7152751,271,Active,22,3,2013-12-11 10:50:07.141375,21857
7152752,272,Active,12,34,2013-12-11 10:50:07.146942,21857
7152753,273,Active,0,59,2013-12-11 10:50:07.152294,21857
7152754,274,Active,4,26,2013-12-11 10:50:07.157501,21857
7152755,275,Active,15,21,2013-12-11 10:50:07.162839,21857
7152756,276,Active,3,49,2013-12-11 10:50:07.168042,21857
7152757,277,Active,41,1,2013-12-11 10:50:07.173482,21857
7152758,330,Active,7,23,2013-12-11 10:50:07.178871,21857
7152759,278,Active,2,26,2013-12-11 10:50:07.184237,21857
7152760,279,Active,40,2,2013-12-11 10:50:07.213666,21857
7152761,280,Active,26,8,2013-12-11 10:50:07.221155,21857
7152762,281,Active,27,19,2013-12-11 10:50:07.226608,21857
7152763,282,Active,7,15,2013-12-11 10:50:07.231782,21857
7152764,283,Active,32,4,2013-12-11 10:50:07.237607,21857
7152765,284,Active,2,48,2013-12-11 10:50:07.2432,21857
7152766,285,Active,28,4,2013-12-11 10:50:07.24882,21857
7152767,286,Active,23,2,2013-12-11 10:50:07.254347,21857
7152768,287,Active,12,14,2013-12-11 10:50:07.259669,21857
7152769,288,Active,38,14,2013-12-11 10:50:07.264994,21857
7152770,289,Active,30,5,2013-12-11 10:50:07.270706,21857
7152771,290,Active,12,27,2013-12-11 10:50:07.276052,21857
7152772,291,Active,19,40,2013-12-11 10:50:07.281271,21857
7152773,292,Active,21,18,2013-12-11 10:50:07.286632,21857
7152774,293,Active,39,20,2013-12-11 10:50:07.292136,21857
7152775,294,Active,0,39,2013-12-11 10:50:07.297305,21857
7152776,295,Active,59,7,2013-12-11 10:50:07.302626,21857
7152777,296,Active,0,51,2013-12-11 10:50:07.307814,21857
7152778,297,Active,28,22,2013-12-11 10:50:07.313101,21857
7152779,298,Active,0,56,2013-12-11 10:50:07.318568,21857
7152780,299,Active,22,16,2013-12-11 10:50:07.324184,21857
7152781,300,Active,4,39,2013-12-11 10:50:07.333763,21857
7152782,301,Active,45,14,2013-12-11 10:50:07.33932,21857
7152783,302,Active,32,6,2013-12-11 10:50:07.34463,21857
7152784,303,Active,30,11,2013-12-11 10:50:07.350117,21857
7152785,305,Active,19,20,2013-12-11 10:50:07.355293,21857
7152786,306,Active,34,9,2013-12-11 10:50:07.360385,21857
7152787,307,Active,1,48,2013-12-11 10:50:07.36594,21857
7152788,308,Active,8,23,2013-12-11 10:50:07.371191,21857
7152789,309,Active,13,15,2013-12-11 10:50:07.376331,21857
7152790,310,Active,1,38,2013-12-11 10:50:07.381608,21857
7152791,311,Active,0,38,2013-12-11 10:50:07.386871,21857
7152792,312,Active,19,12,2013-12-11 10:50:07.392189,21857
7152793,313,Active,28,9,2013-12-11 10:50:07.397403,21857
7152794,314,Active,21,4,2013-12-11 10:50:07.406077,21857
7152795,315,Active,3,34,2013-12-11 10:50:07.411289,21857
7152796,316,Active,10,20,2013-12-11 10:50:07.416692,21857
7152797,317,Active,1,14,2013-12-11 10:50:07.422399,21857
7152798,318,Active,4,23,2013-12-11 10:50:07.42827,21857
7152799,319,Active,29,1,2013-12-11 10:50:07.434102,21857
7152800,320,Active,3,33,2013-12-11 10:50:07.43981,21857
7152801,321,Active,2,10,2013-12-11 10:50:07.445976,21857
7152802,322,Active,0,49,2013-12-11 10:50:07.451475,21857
7152803,332,Active,15,9,2013-12-11 10:50:07.456761,21857
7152804,327,Active,12,22,2013-12-11 10:50:07.462442,21857
7152805,328,Active,0,39,2013-12-11 10:50:07.467749,21857
7152806,331,Active,5,30,2013-12-11 10:50:07.473205,21857
7152807,323,Active,10,29,2013-12-11 10:50:07.47868,21857
7152808,324,Active,17,26,2013-12-11 10:50:07.483967,21857
7152809,329,Active,31,1,2013-12-11 10:50:07.489326,21857
7152810,325,Active,0,35,2013-12-11 10:50:07.49488,21857
7152811,326,Active,20,5,2013-12-11 10:50:07.500182,21857
7152812,1,Active,21,17,2013-12-11 11:00:05.560853,21858
7152813,2,Active,0,33,2013-12-11 11:00:05.571699,21858
7152814,3,Active,10,16,2013-12-11 11:00:05.577734,21858
7152815,4,Active,39,22,2013-12-11 11:00:05.584747,21858
7152816,5,Active,17,20,2013-12-11 11:00:05.589832,21858
7152817,6,Active,8,11,2013-12-11 11:00:05.59431,21858
7152818,7,Active,14,5,2013-12-11 11:00:05.59878,21858
7152819,8,Active,13,18,2013-12-11 11:00:05.603176,21858
7152820,9,Active,6,24,2013-12-11 11:00:05.607852,21858
7152821,10,Active,1,45,2013-12-11 11:00:05.612252,21858
7152822,11,Active,14,9,2013-12-11 11:00:05.61665,21858
7152823,12,Active,16,3,2013-12-11 11:00:05.621099,21858
7152824,13,Active,22,17,2013-12-11 11:00:05.625474,21858
7152825,14,Active,15,18,2013-12-11 11:00:05.629898,21858
7152826,15,Active,28,3,2013-12-11 11:00:05.635026,21858
7152827,16,Active,4,29,2013-12-11 11:00:05.642266,21858
7152828,17,Active,10,19,2013-12-11 11:00:05.647008,21858
7152829,18,Active,2,53,2013-12-11 11:00:05.651475,21858
7152830,19,Active,8,15,2013-12-11 11:00:05.65595,21858
7152831,20,Active,22,4,2013-12-11 11:00:05.6628,21858
7152832,21,Active,11,24,2013-12-11 11:00:05.667413,21858
7152833,22,Active,0,47,2013-12-11 11:00:05.671821,21858
7152834,23,Active,8,36,2013-12-11 11:00:05.678158,21858
7152835,24,Active,1,44,2013-12-11 11:00:05.682734,21858
7152836,25,Active,3,47,2013-12-11 11:00:05.687144,21858
7152837,26,Active,18,12,2013-12-11 11:00:05.691599,21858
7152838,27,Active,1,44,2013-12-11 11:00:05.696475,21858
7152839,28,Active,13,13,2013-12-11 11:00:05.700973,21858
7152840,29,Active,1,22,2013-12-11 11:00:05.705345,21858
7152841,30,Active,23,16,2013-12-11 11:00:05.709856,21858
7152842,31,Active,3,35,2013-12-11 11:00:05.718353,21858
7152843,32,Active,33,0,2013-12-11 11:00:05.722838,21858
7152844,33,Active,1,30,2013-12-11 11:00:05.727351,21858
7152845,34,Active,4,33,2013-12-11 11:00:05.733356,21858
7152846,35,Active,8,47,2013-12-11 11:00:05.737893,21858
7152847,36,Active,1,26,2013-12-11 11:00:05.742309,21858
7152848,37,Active,7,16,2013-12-11 11:00:05.747188,21858
7152849,38,Active,5,34,2013-12-11 11:00:05.751666,21858
7152850,39,Active,35,4,2013-12-11 11:00:05.756222,21858
7152851,40,Active,34,5,2013-12-11 11:00:05.760646,21858
7152852,41,Active,21,9,2013-12-11 11:00:05.765614,21858
7152853,42,Active,1,30,2013-12-11 11:00:05.77009,21858
7152854,43,Active,11,12,2013-12-11 11:00:05.774614,21858
7152855,44,Active,10,13,2013-12-11 11:00:05.779237,21858
7152856,45,Active,23,16,2013-12-11 11:00:05.783878,21858
7152857,46,Active,19,12,2013-12-11 11:00:05.788371,21858
7152858,47,Active,1,22,2013-12-11 11:00:05.793972,21858
7152859,48,Active,12,8,2013-12-11 11:00:05.800293,21858
7152860,49,Active,0,23,2013-12-11 11:00:05.806153,21858
7152861,50,Active,0,27,2013-12-11 11:00:05.810672,21858
7152862,51,Active,2,38,2013-12-11 11:00:05.815165,21858
7152863,52,Active,5,22,2013-12-11 11:00:05.819574,21858
7152864,53,Active,15,16,2013-12-11 11:00:05.824707,21858
7152865,54,Active,19,28,2013-12-11 11:00:05.829329,21858
7152866,55,Active,21,9,2013-12-11 11:00:05.833788,21858
7152867,56,Active,9,30,2013-12-11 11:00:05.862763,21858
7152868,57,Active,12,11,2013-12-11 11:00:05.86795,21858
7152869,58,Active,2,37,2013-12-11 11:00:05.873364,21858
7152870,59,Active,2,33,2013-12-11 11:00:05.878511,21858
7152871,60,Active,6,21,2013-12-11 11:00:05.887844,21858
7152872,61,Active,10,14,2013-12-11 11:00:05.893087,21858
7152873,62,Active,2,29,2013-12-11 11:00:05.898249,21858
7152874,63,Active,2,25,2013-12-11 11:00:05.903443,21858
7152875,64,Active,32,3,2013-12-11 11:00:05.908579,21858
7152876,65,Active,6,18,2013-12-11 11:00:05.913752,21858
7152877,66,Active,20,37,2013-12-11 11:00:05.918927,21858
7152878,67,Active,3,23,2013-12-11 11:00:05.925044,21858
7152879,68,Active,20,3,2013-12-11 11:00:05.931261,21858
7152880,69,Active,11,28,2013-12-11 11:00:05.93652,21858
7152881,70,Active,25,6,2013-12-11 11:00:05.942427,21858
7152882,71,Active,10,9,2013-12-11 11:00:05.947492,21858
7152883,72,Active,4,21,2013-12-11 11:00:05.952632,21858
7152884,73,Active,16,2,2013-12-11 11:00:05.957876,21858
7152885,74,Active,17,2,2013-12-11 11:00:05.963646,21858
7152886,75,Active,27,4,2013-12-11 11:00:05.968994,21858
7152887,76,Active,1,57,2013-12-11 11:00:05.974301,21858
7152888,77,Active,23,4,2013-12-11 11:00:05.979429,21858
7152889,78,Active,23,19,2013-12-11 11:00:05.985103,21858
7152890,79,Active,20,26,2013-12-11 11:00:05.992998,21858
7152891,80,Active,8,11,2013-12-11 11:00:05.998571,21858
7152892,81,Active,12,16,2013-12-11 11:00:06.005558,21858
7152893,82,Active,13,7,2013-12-11 11:00:06.01753,21858
7152894,83,Active,0,53,2013-12-11 11:00:06.0237,21858
7152895,84,Active,1,30,2013-12-11 11:00:06.034907,21858
7152896,85,Active,14,10,2013-12-11 11:00:06.040567,21858
7152897,86,Active,11,24,2013-12-11 11:00:06.046524,21858
7152898,87,Active,20,7,2013-12-11 11:00:06.052169,21858
7152899,88,Active,6,29,2013-12-11 11:00:06.057498,21858
7152900,89,Active,27,26,2013-12-11 11:00:06.062936,21858
7152901,90,Active,36,0,2013-12-11 11:00:06.068819,21858
7152902,91,Active,23,0,2013-12-11 11:00:06.075445,21858
7152903,92,Active,3,27,2013-12-11 11:00:06.082281,21858
7152904,93,Active,6,30,2013-12-11 11:00:06.088677,21858
7152905,94,Active,15,18,2013-12-11 11:00:06.09487,21858
7152906,95,Active,5,32,2013-12-11 11:00:06.100607,21858
7152907,96,Active,29,2,2013-12-11 11:00:06.106298,21858
7152908,97,Active,8,19,2013-12-11 11:00:06.111568,21858
7152909,98,Active,8,33,2013-12-11 11:00:06.120685,21858
7152910,99,Active,31,4,2013-12-11 11:00:06.1265,21858
7152911,100,Active,7,23,2013-12-11 11:00:06.132914,21858
7152912,101,Active,17,14,2013-12-11 11:00:06.167869,21858
7152913,102,Active,10,13,2013-12-11 11:00:06.174787,21858
7152914,103,Active,27,12,2013-12-11 11:00:06.18115,21858
7152915,104,Active,8,21,2013-12-11 11:00:06.18751,21858
7152916,105,Active,8,34,2013-12-11 11:00:06.193999,21858
7152917,106,Active,21,6,2013-12-11 11:00:06.20125,21858
7152918,107,Active,1,30,2013-12-11 11:00:06.236713,21858
7152919,108,Active,13,22,2013-12-11 11:00:06.243472,21858
7152920,109,Active,13,24,2013-12-11 11:00:06.24936,21858
7152921,110,Inactive,0,3,2013-12-11 11:00:06.254622,21858
7152922,111,Active,7,24,2013-12-11 11:00:06.263566,21858
7152923,112,Active,0,39,2013-12-11 11:00:06.293396,21858
7152924,113,Active,5,46,2013-12-11 11:00:06.299535,21858
7152925,114,Active,27,8,2013-12-11 11:00:06.304881,21858
7152926,115,Active,25,1,2013-12-11 11:00:06.311785,21858
7152927,116,Active,15,24,2013-12-11 11:00:06.319088,21858
7152928,117,Active,5,18,2013-12-11 11:00:06.326018,21858
7152929,118,Active,3,28,2013-12-11 11:00:06.332558,21858
7152930,119,Active,1,38,2013-12-11 11:00:06.340995,21858
7152931,120,Active,10,17,2013-12-11 11:00:06.349318,21858
7152932,121,Active,20,4,2013-12-11 11:00:06.355435,21858
7152933,122,Active,24,7,2013-12-11 11:00:06.363366,21858
7152934,123,Active,1,26,2013-12-11 11:00:06.368656,21858
7152935,124,Active,24,11,2013-12-11 11:00:06.373738,21858
7152936,125,Active,15,22,2013-12-11 11:00:06.378899,21858
7152937,126,Active,9,15,2013-12-11 11:00:06.38724,21858
7152938,127,Active,15,12,2013-12-11 11:00:06.392256,21858
7152939,128,Active,0,19,2013-12-11 11:00:06.398608,21858
7152940,129,Active,14,15,2013-12-11 11:00:06.404233,21858
7152941,130,Active,1,22,2013-12-11 11:00:06.409882,21858
7152942,131,Active,8,15,2013-12-11 11:00:06.423244,21858
7152943,132,Active,22,13,2013-12-11 11:00:06.428737,21858
7152944,133,Active,25,2,2013-12-11 11:00:06.433919,21858
7152945,134,Active,3,32,2013-12-11 11:00:06.439545,21858
7152946,135,Active,19,23,2013-12-11 11:00:06.444559,21858
7152947,136,Active,15,8,2013-12-11 11:00:06.451034,21858
7152948,137,Active,14,14,2013-12-11 11:00:06.456246,21858
7152949,138,Active,10,29,2013-12-11 11:00:06.461851,21858
7152950,139,Active,1,34,2013-12-11 11:00:06.467335,21858
7152951,140,Active,4,23,2013-12-11 11:00:06.47283,21858
7152952,141,Active,13,18,2013-12-11 11:00:06.478468,21858
7152953,142,Active,35,8,2013-12-11 11:00:06.483891,21858
7152954,143,Active,16,7,2013-12-11 11:00:06.489387,21858
7152955,144,Active,2,25,2013-12-11 11:00:06.494524,21858
7152956,145,Active,24,10,2013-12-11 11:00:06.499957,21858
7152957,146,Active,1,54,2013-12-11 11:00:06.50501,21858
7152958,147,Active,2,37,2013-12-11 11:00:06.510535,21858
7152959,148,Active,8,35,2013-12-11 11:00:06.518956,21858
7152960,149,Active,11,46,2013-12-11 11:00:06.525286,21858
7152961,150,Active,38,11,2013-12-11 11:00:06.531234,21858
7152962,151,Active,7,20,2013-12-11 11:00:06.536932,21858
7152963,152,Active,8,23,2013-12-11 11:00:06.54215,21858
7152964,153,Active,28,5,2013-12-11 11:00:06.547352,21858
7152965,154,Active,0,32,2013-12-11 11:00:06.55253,21858
7152966,155,Active,25,14,2013-12-11 11:00:06.557713,21858
7152967,156,Active,28,7,2013-12-11 11:00:06.563417,21858
7152968,157,Active,6,21,2013-12-11 11:00:06.568649,21858
7152969,158,Active,19,0,2013-12-11 11:00:06.574747,21858
7152970,159,Active,3,26,2013-12-11 11:00:06.580889,21858
7152971,160,Active,0,43,2013-12-11 11:00:06.586457,21858
7152972,161,Active,1,46,2013-12-11 11:00:06.591802,21858
7152973,162,Active,29,12,2013-12-11 11:00:06.597158,21858
7152974,163,Active,34,5,2013-12-11 11:00:06.602571,21858
7152975,164,Active,29,5,2013-12-11 11:00:06.60979,21858
7152976,165,Active,31,8,2013-12-11 11:00:06.61546,21858
7152977,166,Active,11,20,2013-12-11 11:00:06.621054,21858
7152978,167,Active,12,16,2013-12-11 11:00:06.629221,21858
7152979,168,Active,0,43,2013-12-11 11:00:06.659931,21858
7152980,169,Active,0,39,2013-12-11 11:00:06.666061,21858
7152981,170,Active,1,34,2013-12-11 11:00:06.671483,21858
7152982,171,Active,4,23,2013-12-11 11:00:06.680735,21858
7152983,172,Active,0,31,2013-12-11 11:00:06.686688,21858
7152984,173,Active,11,20,2013-12-11 11:00:06.692168,21858
7152985,174,Active,6,26,2013-12-11 11:00:06.698774,21858
7152986,175,Active,28,3,2013-12-11 11:00:06.70476,21858
7152987,176,Active,25,2,2013-12-11 11:00:06.710335,21858
7152988,177,Active,3,27,2013-12-11 11:00:06.716506,21858
7152989,178,Active,15,10,2013-12-11 11:00:06.723144,21858
7152990,179,Active,7,20,2013-12-11 11:00:06.729415,21858
7152991,180,Active,12,19,2013-12-11 11:00:06.735432,21858
7152992,181,Active,4,23,2013-12-11 11:00:06.74465,21858
7152993,182,Active,12,3,2013-12-11 11:00:06.75267,21858
7152994,183,Active,35,7,2013-12-11 11:00:06.75808,21858
7152995,184,Active,2,36,2013-12-11 11:00:06.763981,21858
7152996,185,Active,25,6,2013-12-11 11:00:06.771331,21858
7152997,186,Active,25,14,2013-12-11 11:00:06.776556,21858
7152998,187,Active,14,25,2013-12-11 11:00:06.781967,21858
7152999,188,Active,19,15,2013-12-11 11:00:06.787171,21858
7153000,189,Active,6,37,2013-12-11 11:00:06.79264,21858
7153001,190,Active,6,17,2013-12-11 11:00:06.799042,21858
7153002,191,Active,9,10,2013-12-11 11:00:06.804164,21858
7153003,192,Active,29,5,2013-12-11 11:00:06.811828,21858
7153004,193,Active,6,17,2013-12-11 11:00:06.817124,21858
7153005,194,Active,6,23,2013-12-11 11:00:06.822497,21858
7153006,195,Active,1,23,2013-12-11 11:00:06.828336,21858
7153007,196,Active,18,24,2013-12-11 11:00:06.833744,21858
7153008,197,Active,7,24,2013-12-11 11:00:06.839424,21858
7153009,198,Active,33,14,2013-12-11 11:00:06.845151,21858
7153010,199,Active,22,1,2013-12-11 11:00:06.850596,21858
7153011,200,Active,13,9,2013-12-11 11:00:06.855842,21858
7153012,201,Active,11,12,2013-12-11 11:00:06.861412,21858
7153013,202,Active,10,9,2013-12-11 11:00:06.866734,21858
7153014,203,Active,38,17,2013-12-11 11:00:06.874899,21858
7153015,204,Active,4,35,2013-12-11 11:00:06.880136,21858
7153016,205,Active,15,16,2013-12-11 11:00:06.885388,21858
7153017,206,Active,7,52,2013-12-11 11:00:06.890931,21858
7153018,207,Active,23,7,2013-12-11 11:00:06.896092,21858
7153019,208,Active,4,23,2013-12-11 11:00:06.901614,21858
7153020,209,Active,6,21,2013-12-11 11:00:06.906834,21858
7153021,210,Active,28,3,2013-12-11 11:00:06.911935,21858
7153022,211,Active,36,2,2013-12-11 11:00:06.917107,21858
7153023,212,Active,26,1,2013-12-11 11:00:06.922502,21858
7153024,213,Active,1,45,2013-12-11 11:00:06.927896,21858
7153025,214,Active,1,26,2013-12-11 11:00:06.933035,21858
7153026,215,Active,12,15,2013-12-11 11:00:06.938485,21858
7153027,216,Active,23,4,2013-12-11 11:00:06.944489,21858
7153028,217,Active,37,1,2013-12-11 11:00:06.949806,21858
7153029,218,Active,1,31,2013-12-11 11:00:06.955438,21858
7153030,219,Active,17,17,2013-12-11 11:00:06.960926,21858
7153031,220,Active,10,40,2013-12-11 11:00:06.966496,21858
7153032,221,Active,13,10,2013-12-11 11:00:06.973691,21858
7153033,222,Active,0,49,2013-12-11 11:00:06.979749,21858
7153034,223,Active,38,4,2013-12-11 11:00:06.985182,21858
7153035,224,Active,32,7,2013-12-11 11:00:07.015929,21858
7153036,225,Active,16,15,2013-12-11 11:00:07.025211,21858
7153037,226,Active,29,2,2013-12-11 11:00:07.031071,21858
7153038,227,Active,13,17,2013-12-11 11:00:07.0362,21858
7153039,228,Active,18,41,2013-12-11 11:00:07.042253,21858
7153040,229,Active,36,3,2013-12-11 11:00:07.048235,21858
7153041,230,Active,11,22,2013-12-11 11:00:07.054314,21858
7153042,231,Active,10,29,2013-12-11 11:00:07.060093,21858
7153043,232,Active,1,32,2013-12-11 11:00:07.065787,21858
7153044,233,Active,25,33,2013-12-11 11:00:07.071388,21858
7153045,234,Active,5,26,2013-12-11 11:00:07.077052,21858
7153046,235,Active,6,15,2013-12-11 11:00:07.08598,21858
7153047,236,Active,12,11,2013-12-11 11:00:07.091976,21858
7153048,237,Active,37,1,2013-12-11 11:00:07.097214,21858
7153049,238,Active,26,21,2013-12-11 11:00:07.10262,21858
7153050,239,Active,3,21,2013-12-11 11:00:07.107943,21858
7153051,240,Active,17,42,2013-12-11 11:00:07.113086,21858
7153052,241,Active,5,34,2013-12-11 11:00:07.1188,21858
7153053,242,Active,1,33,2013-12-11 11:00:07.124572,21858
7153054,243,Active,33,1,2013-12-11 11:00:07.129927,21858
7153055,244,Active,2,57,2013-12-11 11:00:07.137138,21858
7153056,245,Active,14,43,2013-12-11 11:00:07.142388,21858
7153057,246,Active,29,8,2013-12-11 11:00:07.147921,21858
7153058,247,Active,20,7,2013-12-11 11:00:07.153587,21858
7153059,248,Active,4,37,2013-12-11 11:00:07.163464,21858
7153060,249,Active,37,5,2013-12-11 11:00:07.169094,21858
7153061,250,Active,0,46,2013-12-11 11:00:07.17521,21858
7153062,251,Active,12,25,2013-12-11 11:00:07.181291,21858
7153063,252,Active,20,25,2013-12-11 11:00:07.216691,21858
7153064,253,Active,38,21,2013-12-11 11:00:07.223901,21858
7153065,254,Active,18,13,2013-12-11 11:00:07.230468,21858
7153066,255,Active,26,4,2013-12-11 11:00:07.239762,21858
7153067,256,Active,25,2,2013-12-11 11:00:07.248276,21858
7153068,257,Active,6,19,2013-12-11 11:00:07.253774,21858
7153069,258,Active,36,2,2013-12-11 11:00:07.289173,21858
7153070,259,Active,31,4,2013-12-11 11:00:07.295421,21858
7153071,260,Active,2,42,2013-12-11 11:00:07.301255,21858
7153072,261,Active,2,37,2013-12-11 11:00:07.307384,21858
7153073,262,Active,2,36,2013-12-11 11:00:07.313533,21858
7153074,263,Active,32,3,2013-12-11 11:00:07.319419,21858
7153075,264,Active,34,7,2013-12-11 11:00:07.325491,21858
7153076,265,Active,24,12,2013-12-11 11:00:07.360813,21858
7153077,266,Active,54,5,2013-12-11 11:00:07.366777,21858
7153078,267,Active,6,47,2013-12-11 11:00:07.372578,21858
7153079,268,Active,40,9,2013-12-11 11:00:07.378307,21858
7153080,269,Active,0,34,2013-12-11 11:00:07.383638,21858
7153081,270,Active,32,3,2013-12-11 11:00:07.388992,21858
7153082,271,Active,22,3,2013-12-11 11:00:07.394545,21858
7153083,272,Active,12,34,2013-12-11 11:00:07.40134,21858
7153084,273,Active,1,58,2013-12-11 11:00:07.435906,21858
7153085,274,Active,4,26,2013-12-11 11:00:07.442123,21858
7153086,275,Active,15,21,2013-12-11 11:00:07.448797,21858
7153087,276,Active,4,48,2013-12-11 11:00:07.455093,21858
7153088,277,Active,41,1,2013-12-11 11:00:07.462227,21858
7153089,330,Active,7,23,2013-12-11 11:00:07.468127,21858
7153090,278,Active,2,26,2013-12-11 11:00:07.474781,21858
7153091,279,Active,40,2,2013-12-11 11:00:07.509388,21858
7153092,280,Active,26,8,2013-12-11 11:00:07.51762,21858
7153093,281,Active,27,19,2013-12-11 11:00:07.523319,21858
7153094,282,Active,7,15,2013-12-11 11:00:07.529024,21858
7153095,283,Active,33,3,2013-12-11 11:00:07.534655,21858
7153096,284,Active,3,47,2013-12-11 11:00:07.540124,21858
7153097,285,Active,27,5,2013-12-11 11:00:07.547657,21858
7153098,286,Active,23,2,2013-12-11 11:00:07.580553,21858
7153099,287,Active,12,14,2013-12-11 11:00:07.587696,21858
7153100,288,Active,39,13,2013-12-11 11:00:07.59405,21858
7153101,289,Active,30,5,2013-12-11 11:00:07.599459,21858
7153102,290,Active,12,27,2013-12-11 11:00:07.605284,21858
7153103,291,Active,19,40,2013-12-11 11:00:07.611109,21858
7153104,292,Active,21,18,2013-12-11 11:00:07.618216,21858
7153105,293,Active,38,21,2013-12-11 11:00:07.650614,21858
7153106,294,Active,0,39,2013-12-11 11:00:07.659544,21858
7153107,295,Active,58,8,2013-12-11 11:00:07.665318,21858
7153108,296,Active,0,51,2013-12-11 11:00:07.670677,21858
7153109,297,Active,28,22,2013-12-11 11:00:07.678479,21858
7153110,298,Active,0,56,2013-12-11 11:00:07.684085,21858
7153111,299,Active,22,16,2013-12-11 11:00:07.71789,21858
7153112,300,Active,4,39,2013-12-11 11:00:07.723247,21858
7153113,301,Active,44,15,2013-12-11 11:00:07.728413,21858
7153114,302,Active,32,6,2013-12-11 11:00:07.733701,21858
7153115,303,Active,30,11,2013-12-11 11:00:07.739042,21858
7153116,305,Active,20,19,2013-12-11 11:00:07.74407,21858
7153117,306,Active,35,8,2013-12-11 11:00:07.753186,21858
7153118,307,Active,2,47,2013-12-11 11:00:07.787968,21858
7153119,308,Active,11,20,2013-12-11 11:00:07.796126,21858
7153120,309,Active,13,15,2013-12-11 11:00:07.801267,21858
7153121,310,Active,1,38,2013-12-11 11:00:07.806546,21858
7153122,311,Active,0,38,2013-12-11 11:00:07.811687,21858
7153123,312,Active,19,12,2013-12-11 11:00:07.816868,21858
7153124,313,Active,28,9,2013-12-11 11:00:07.822183,21858
7153125,314,Active,21,4,2013-12-11 11:00:07.827669,21858
7153126,315,Active,4,33,2013-12-11 11:00:07.859392,21858
7153127,316,Active,10,20,2013-12-11 11:00:07.864899,21858
7153128,317,Active,1,14,2013-12-11 11:00:07.870254,21858
7153129,318,Active,4,23,2013-12-11 11:00:07.875952,21858
7153130,319,Active,29,1,2013-12-11 11:00:07.881361,21858
7153131,320,Active,3,33,2013-12-11 11:00:07.886601,21858
7153132,321,Active,2,10,2013-12-11 11:00:07.891874,21858
7153133,322,Active,0,49,2013-12-11 11:00:07.897219,21858
7153134,332,Active,15,9,2013-12-11 11:00:07.931056,21858
7153135,327,Active,12,22,2013-12-11 11:00:07.937012,21858
7153136,328,Active,0,39,2013-12-11 11:00:07.942453,21858
7153137,331,Active,6,29,2013-12-11 11:00:07.947661,21858
7153138,323,Active,10,29,2013-12-11 11:00:07.95312,21858
7153139,324,Active,17,26,2013-12-11 11:00:07.95857,21858
7153140,329,Active,30,2,2013-12-11 11:00:07.963918,21858
7153141,325,Active,0,35,2013-12-11 11:00:08.000263,21858
7153142,326,Active,20,5,2013-12-11 11:00:08.006954,21858
7153143,1,Active,21,17,2013-12-11 11:10:04.764391,21859
7153144,2,Active,0,33,2013-12-11 11:10:04.777815,21859
7153145,3,Active,10,16,2013-12-11 11:10:04.78254,21859
7153146,4,Active,39,22,2013-12-11 11:10:04.787187,21859
7153147,5,Active,17,20,2013-12-11 11:10:04.79203,21859
7153148,6,Active,8,11,2013-12-11 11:10:04.797254,21859
7153149,7,Active,13,6,2013-12-11 11:10:04.801738,21859
7153150,8,Active,12,19,2013-12-11 11:10:04.806198,21859
7153151,9,Active,6,24,2013-12-11 11:10:04.810959,21859
7153152,10,Active,1,45,2013-12-11 11:10:04.81582,21859
7153153,11,Active,14,9,2013-12-11 11:10:04.820232,21859
7153154,12,Active,16,3,2013-12-11 11:10:04.824697,21859
7153155,13,Active,23,16,2013-12-11 11:10:04.831783,21859
7153156,14,Active,15,18,2013-12-11 11:10:04.836744,21859
7153157,15,Active,29,2,2013-12-11 11:10:04.841214,21859
7153158,16,Active,4,29,2013-12-11 11:10:04.84639,21859
7153159,17,Active,10,19,2013-12-11 11:10:04.850842,21859
7153160,18,Active,2,53,2013-12-11 11:10:04.855343,21859
7153161,19,Active,8,15,2013-12-11 11:10:04.861014,21859
7153162,20,Active,22,4,2013-12-11 11:10:04.866058,21859
7153163,21,Active,10,25,2013-12-11 11:10:04.870618,21859
7153164,22,Active,0,47,2013-12-11 11:10:04.875325,21859
7153165,23,Active,9,35,2013-12-11 11:10:04.879787,21859
7153166,24,Active,1,44,2013-12-11 11:10:04.88472,21859
7153167,25,Active,5,45,2013-12-11 11:10:04.889336,21859
7153168,26,Active,18,12,2013-12-11 11:10:04.893948,21859
7153169,27,Active,1,44,2013-12-11 11:10:04.898367,21859
7153170,28,Active,14,12,2013-12-11 11:10:04.903016,21859
7153171,29,Active,1,22,2013-12-11 11:10:04.907335,21859
7153172,30,Active,22,17,2013-12-11 11:10:04.91168,21859
7153173,31,Active,3,35,2013-12-11 11:10:04.916571,21859
7153174,32,Active,33,0,2013-12-11 11:10:04.921183,21859
7153175,33,Active,0,31,2013-12-11 11:10:04.927344,21859
7153176,34,Active,4,33,2013-12-11 11:10:04.931805,21859
7153177,35,Active,8,47,2013-12-11 11:10:04.937372,21859
7153178,36,Active,3,24,2013-12-11 11:10:04.941876,21859
7153179,37,Active,7,16,2013-12-11 11:10:04.946698,21859
7153180,38,Active,5,34,2013-12-11 11:10:04.951281,21859
7153181,39,Active,35,4,2013-12-11 11:10:04.955873,21859
7153182,40,Active,36,3,2013-12-11 11:10:04.960455,21859
7153183,41,Active,22,8,2013-12-11 11:10:04.965245,21859
7153184,42,Active,1,30,2013-12-11 11:10:04.969972,21859
7153185,43,Active,11,12,2013-12-11 11:10:04.974366,21859
7153186,44,Active,11,12,2013-12-11 11:10:04.978997,21859
7153187,45,Active,24,15,2013-12-11 11:10:04.983464,21859
7153188,46,Active,19,12,2013-12-11 11:10:04.988037,21859
7153189,47,Active,1,22,2013-12-11 11:10:04.993811,21859
7153190,48,Active,12,8,2013-12-11 11:10:04.998834,21859
7153191,49,Active,0,23,2013-12-11 11:10:05.004078,21859
7153192,50,Active,0,27,2013-12-11 11:10:05.009077,21859
7153193,51,Active,3,37,2013-12-11 11:10:05.013966,21859
7153194,52,Active,5,22,2013-12-11 11:10:05.019159,21859
7153195,53,Active,14,17,2013-12-11 11:10:05.02391,21859
7153196,54,Active,19,28,2013-12-11 11:10:05.029202,21859
7153197,55,Active,20,10,2013-12-11 11:10:05.034316,21859
7153198,56,Active,9,30,2013-12-11 11:10:05.064116,21859
7153199,57,Active,12,11,2013-12-11 11:10:05.070325,21859
7153200,58,Active,2,37,2013-12-11 11:10:05.07687,21859
7153201,59,Active,2,33,2013-12-11 11:10:05.082552,21859
7153202,60,Active,6,21,2013-12-11 11:10:05.088444,21859
7153203,61,Active,10,14,2013-12-11 11:10:05.095495,21859
7153204,62,Active,2,29,2013-12-11 11:10:05.10155,21859
7153205,63,Active,2,25,2013-12-11 11:10:05.107168,21859
7153206,64,Active,32,3,2013-12-11 11:10:05.112855,21859
7153207,65,Active,7,17,2013-12-11 11:10:05.118801,21859
7153208,66,Active,20,37,2013-12-11 11:10:05.125056,21859
7153209,67,Active,3,23,2013-12-11 11:10:05.130689,21859
7153210,68,Active,20,3,2013-12-11 11:10:05.137007,21859
7153211,69,Active,10,29,2013-12-11 11:10:05.142289,21859
7153212,70,Active,25,6,2013-12-11 11:10:05.148138,21859
7153213,71,Active,9,10,2013-12-11 11:10:05.154408,21859
7153214,72,Active,4,21,2013-12-11 11:10:05.161122,21859
7153215,73,Active,16,2,2013-12-11 11:10:05.167311,21859
7153216,74,Active,17,2,2013-12-11 11:10:05.172628,21859
7153217,75,Active,27,4,2013-12-11 11:10:05.178357,21859
7153218,76,Active,1,57,2013-12-11 11:10:05.184327,21859
7153219,77,Active,23,4,2013-12-11 11:10:05.190139,21859
7153220,78,Active,24,18,2013-12-11 11:10:05.196013,21859
7153221,79,Active,20,26,2013-12-11 11:10:05.20124,21859
7153222,80,Active,8,11,2013-12-11 11:10:05.206405,21859
7153223,81,Active,12,16,2013-12-11 11:10:05.211564,21859
7153224,82,Active,13,7,2013-12-11 11:10:05.217065,21859
7153225,83,Active,0,53,2013-12-11 11:10:05.222645,21859
7153226,84,Active,1,30,2013-12-11 11:10:05.227953,21859
7153227,85,Active,15,9,2013-12-11 11:10:05.23354,21859
7153228,86,Active,11,24,2013-12-11 11:10:05.238812,21859
7153229,87,Active,20,7,2013-12-11 11:10:05.244192,21859
7153230,88,Active,6,29,2013-12-11 11:10:05.249727,21859
7153231,89,Active,26,27,2013-12-11 11:10:05.25524,21859
7153232,90,Active,34,2,2013-12-11 11:10:05.260829,21859
7153233,91,Active,8,15,2013-12-11 11:10:05.2689,21859
7153234,92,Active,3,27,2013-12-11 11:10:05.274451,21859
7153235,93,Active,6,30,2013-12-11 11:10:05.279851,21859
7153236,94,Active,15,18,2013-12-11 11:10:05.285155,21859
7153237,95,Active,6,31,2013-12-11 11:10:05.290446,21859
7153238,96,Active,29,2,2013-12-11 11:10:05.295756,21859
7153239,97,Active,8,19,2013-12-11 11:10:05.301901,21859
7153240,98,Active,8,33,2013-12-11 11:10:05.307643,21859
7153241,99,Active,31,4,2013-12-11 11:10:05.313386,21859
7153242,100,Active,7,23,2013-12-11 11:10:05.319351,21859
7153243,101,Active,17,14,2013-12-11 11:10:05.32486,21859
7153244,102,Active,10,13,2013-12-11 11:10:05.331109,21859
7153245,103,Active,27,12,2013-12-11 11:10:05.337188,21859
7153246,104,Active,8,21,2013-12-11 11:10:05.343022,21859
7153247,105,Active,8,34,2013-12-11 11:10:05.348826,21859
7153248,106,Active,20,7,2013-12-11 11:10:05.355604,21859
7153249,107,Active,2,29,2013-12-11 11:10:05.363116,21859
7153250,108,Active,13,22,2013-12-11 11:10:05.368409,21859
7153251,109,Active,13,24,2013-12-11 11:10:05.374053,21859
7153252,110,Inactive,0,3,2013-12-11 11:10:05.379619,21859
7153253,111,Active,7,24,2013-12-11 11:10:05.386087,21859
7153254,112,Active,0,39,2013-12-11 11:10:05.41585,21859
7153255,113,Active,6,45,2013-12-11 11:10:05.422345,21859
7153256,114,Active,27,8,2013-12-11 11:10:05.427745,21859
7153257,115,Active,25,1,2013-12-11 11:10:05.433326,21859
7153258,116,Active,15,24,2013-12-11 11:10:05.439558,21859
7153259,117,Active,5,18,2013-12-11 11:10:05.445961,21859
7153260,118,Active,4,27,2013-12-11 11:10:05.451323,21859
7153261,119,Active,1,38,2013-12-11 11:10:05.456843,21859
7153262,120,Active,11,16,2013-12-11 11:10:05.462268,21859
7153263,121,Active,20,4,2013-12-11 11:10:05.467753,21859
7153264,122,Active,25,6,2013-12-11 11:10:05.473552,21859
7153265,123,Active,1,26,2013-12-11 11:10:05.479853,21859
7153266,124,Active,24,11,2013-12-11 11:10:05.485143,21859
7153267,125,Active,15,22,2013-12-11 11:10:05.490776,21859
7153268,126,Active,9,15,2013-12-11 11:10:05.495941,21859
7153269,127,Active,15,12,2013-12-11 11:10:05.501281,21859
7153270,128,Active,0,19,2013-12-11 11:10:05.50681,21859
7153271,129,Active,14,15,2013-12-11 11:10:05.512461,21859
7153272,130,Active,1,22,2013-12-11 11:10:05.51784,21859
7153273,131,Active,8,15,2013-12-11 11:10:05.523131,21859
7153274,132,Active,22,13,2013-12-11 11:10:05.528253,21859
7153275,133,Active,25,2,2013-12-11 11:10:05.533556,21859
7153276,134,Active,3,32,2013-12-11 11:10:05.539161,21859
7153277,135,Active,19,23,2013-12-11 11:10:05.546363,21859
7153278,136,Active,14,9,2013-12-11 11:10:05.552302,21859
7153279,137,Active,14,14,2013-12-11 11:10:05.558055,21859
7153280,138,Active,10,29,2013-12-11 11:10:05.563223,21859
7153281,139,Active,1,34,2013-12-11 11:10:05.56841,21859
7153282,140,Active,4,23,2013-12-11 11:10:05.573902,21859
7153283,141,Active,12,19,2013-12-11 11:10:05.580611,21859
7153284,142,Active,36,7,2013-12-11 11:10:05.585915,21859
7153285,143,Active,16,7,2013-12-11 11:10:05.591553,21859
7153286,144,Active,2,25,2013-12-11 11:10:05.596726,21859
7153287,145,Active,21,13,2013-12-11 11:10:05.602059,21859
7153288,146,Active,1,54,2013-12-11 11:10:05.607572,21859
7153289,147,Active,2,37,2013-12-11 11:10:05.612913,21859
7153290,148,Active,8,35,2013-12-11 11:10:05.620298,21859
7153291,149,Active,11,46,2013-12-11 11:10:05.625646,21859
7153292,150,Active,38,11,2013-12-11 11:10:05.630865,21859
7153293,151,Active,7,20,2013-12-11 11:10:05.636101,21859
7153294,152,Active,8,23,2013-12-11 11:10:05.641714,21859
7153295,153,Active,28,5,2013-12-11 11:10:05.647658,21859
7153296,154,Active,0,32,2013-12-11 11:10:05.653361,21859
7153297,155,Active,25,14,2013-12-11 11:10:05.659171,21859
7153298,156,Active,28,7,2013-12-11 11:10:05.665137,21859
7153299,157,Active,6,21,2013-12-11 11:10:05.67136,21859
7153300,158,Active,19,0,2013-12-11 11:10:05.676746,21859
7153301,159,Active,3,26,2013-12-11 11:10:05.682615,21859
7153302,160,Active,0,43,2013-12-11 11:10:05.688372,21859
7153303,161,Active,1,46,2013-12-11 11:10:05.69474,21859
7153304,162,Active,27,14,2013-12-11 11:10:05.700497,21859
7153305,163,Active,35,4,2013-12-11 11:10:05.706027,21859
7153306,164,Active,28,6,2013-12-11 11:10:05.712585,21859
7153307,165,Active,31,8,2013-12-11 11:10:05.718265,21859
7153308,166,Active,11,20,2013-12-11 11:10:05.723594,21859
7153309,167,Active,12,16,2013-12-11 11:10:05.728905,21859
7153310,168,Active,0,43,2013-12-11 11:10:05.759221,21859
7153311,169,Active,0,39,2013-12-11 11:10:05.766177,21859
7153312,170,Active,1,34,2013-12-11 11:10:05.771977,21859
7153313,171,Active,4,23,2013-12-11 11:10:05.778178,21859
7153314,172,Active,0,31,2013-12-11 11:10:05.784179,21859
7153315,173,Active,11,20,2013-12-11 11:10:05.789861,21859
7153316,174,Active,6,26,2013-12-11 11:10:05.795852,21859
7153317,175,Active,28,3,2013-12-11 11:10:05.801282,21859
7153318,176,Active,25,2,2013-12-11 11:10:05.807968,21859
7153319,177,Active,3,27,2013-12-11 11:10:05.813402,21859
7153320,178,Active,15,10,2013-12-11 11:10:05.818846,21859
7153321,179,Active,7,20,2013-12-11 11:10:05.824132,21859
7153322,180,Active,12,19,2013-12-11 11:10:05.829544,21859
7153323,181,Active,4,23,2013-12-11 11:10:05.834969,21859
7153324,182,Active,13,2,2013-12-11 11:10:05.84114,21859
7153325,183,Active,35,7,2013-12-11 11:10:05.847541,21859
7153326,184,Active,2,36,2013-12-11 11:10:05.854207,21859
7153327,185,Active,25,6,2013-12-11 11:10:05.862884,21859
7153328,186,Active,25,14,2013-12-11 11:10:05.870626,21859
7153329,187,Active,14,25,2013-12-11 11:10:05.876163,21859
7153330,188,Active,19,15,2013-12-11 11:10:05.882159,21859
7153331,189,Active,6,37,2013-12-11 11:10:05.887747,21859
7153332,190,Active,6,17,2013-12-11 11:10:05.893488,21859
7153333,191,Active,9,10,2013-12-11 11:10:05.900241,21859
7153334,192,Active,29,5,2013-12-11 11:10:05.906813,21859
7153335,193,Active,7,16,2013-12-11 11:10:05.91336,21859
7153336,194,Active,6,23,2013-12-11 11:10:05.919379,21859
7153337,195,Active,1,23,2013-12-11 11:10:05.926968,21859
7153338,196,Active,18,24,2013-12-11 11:10:05.932903,21859
7153339,197,Active,7,24,2013-12-11 11:10:05.939517,21859
7153340,198,Active,32,15,2013-12-11 11:10:05.945371,21859
7153341,199,Active,22,1,2013-12-11 11:10:05.950715,21859
7153342,200,Active,14,8,2013-12-11 11:10:05.958125,21859
7153343,201,Active,11,12,2013-12-11 11:10:05.963779,21859
7153344,202,Active,10,9,2013-12-11 11:10:05.969584,21859
7153345,203,Active,36,19,2013-12-11 11:10:05.974996,21859
7153346,204,Active,4,35,2013-12-11 11:10:05.980418,21859
7153347,205,Active,15,16,2013-12-11 11:10:05.986863,21859
7153348,206,Active,7,52,2013-12-11 11:10:06.010371,21859
7153349,207,Active,24,6,2013-12-11 11:10:06.030155,21859
7153350,208,Active,4,23,2013-12-11 11:10:06.048477,21859
7153351,209,Active,6,21,2013-12-11 11:10:06.054704,21859
7153352,210,Active,27,4,2013-12-11 11:10:06.060547,21859
7153353,211,Active,38,0,2013-12-11 11:10:06.066095,21859
7153354,212,Active,26,1,2013-12-11 11:10:06.072054,21859
7153355,213,Active,1,45,2013-12-11 11:10:06.077773,21859
7153356,214,Active,0,27,2013-12-11 11:10:06.082999,21859
7153357,215,Active,12,15,2013-12-11 11:10:06.089497,21859
7153358,216,Active,24,3,2013-12-11 11:10:06.095417,21859
7153359,217,Active,36,2,2013-12-11 11:10:06.101776,21859
7153360,218,Active,1,31,2013-12-11 11:10:06.107147,21859
7153361,219,Active,17,17,2013-12-11 11:10:06.113519,21859
7153362,220,Active,10,40,2013-12-11 11:10:06.120646,21859
7153363,221,Active,14,9,2013-12-11 11:10:06.126164,21859
7153364,222,Active,1,48,2013-12-11 11:10:06.13142,21859
7153365,223,Active,39,3,2013-12-11 11:10:06.137904,21859
7153366,224,Active,32,7,2013-12-11 11:10:06.169827,21859
7153367,225,Active,15,16,2013-12-11 11:10:06.176556,21859
7153368,226,Active,29,2,2013-12-11 11:10:06.183858,21859
7153369,227,Active,13,17,2013-12-11 11:10:06.189931,21859
7153370,228,Active,18,41,2013-12-11 11:10:06.195188,21859
7153371,229,Active,18,21,2013-12-11 11:10:06.200472,21859
7153372,230,Active,11,22,2013-12-11 11:10:06.205804,21859
7153373,231,Active,11,28,2013-12-11 11:10:06.21104,21859
7153374,232,Active,1,32,2013-12-11 11:10:06.216256,21859
7153375,233,Active,25,33,2013-12-11 11:10:06.221547,21859
7153376,234,Active,5,26,2013-12-11 11:10:06.22676,21859
7153377,235,Active,6,15,2013-12-11 11:10:06.231943,21859
7153378,236,Active,11,12,2013-12-11 11:10:06.237737,21859
7153379,237,Active,36,2,2013-12-11 11:10:06.243223,21859
7153380,238,Active,26,21,2013-12-11 11:10:06.248365,21859
7153381,239,Active,3,21,2013-12-11 11:10:06.254208,21859
7153382,240,Active,16,43,2013-12-11 11:10:06.260406,21859
7153383,241,Active,5,34,2013-12-11 11:10:06.266783,21859
7153384,242,Active,1,33,2013-12-11 11:10:06.272965,21859
7153385,243,Active,34,0,2013-12-11 11:10:06.278777,21859
7153386,244,Active,3,56,2013-12-11 11:10:06.284627,21859
7153387,245,Active,14,43,2013-12-11 11:10:06.291728,21859
7153388,246,Active,29,8,2013-12-11 11:10:06.300412,21859
7153389,247,Active,20,7,2013-12-11 11:10:06.306194,21859
7153390,248,Active,4,37,2013-12-11 11:10:06.311549,21859
7153391,249,Active,37,5,2013-12-11 11:10:06.317291,21859
7153392,250,Active,0,46,2013-12-11 11:10:06.323388,21859
7153393,251,Active,12,25,2013-12-11 11:10:06.329044,21859
7153394,252,Active,20,25,2013-12-11 11:10:06.336193,21859
7153395,253,Active,32,27,2013-12-11 11:10:06.343172,21859
7153396,254,Active,17,14,2013-12-11 11:10:06.349043,21859
7153397,255,Active,25,5,2013-12-11 11:10:06.354342,21859
7153398,256,Active,25,2,2013-12-11 11:10:06.359938,21859
7153399,257,Active,5,20,2013-12-11 11:10:06.365117,21859
7153400,258,Active,36,2,2013-12-11 11:10:06.370388,21859
7153401,259,Active,32,3,2013-12-11 11:10:06.375508,21859
7153402,260,Active,2,42,2013-12-11 11:10:06.380768,21859
7153403,261,Active,2,37,2013-12-11 11:10:06.386322,21859
7153404,262,Active,3,35,2013-12-11 11:10:06.391573,21859
7153405,263,Active,32,3,2013-12-11 11:10:06.396836,21859
7153406,264,Active,36,5,2013-12-11 11:10:06.402098,21859
7153407,265,Active,25,11,2013-12-11 11:10:06.407359,21859
7153408,266,Active,54,5,2013-12-11 11:10:06.412663,21859
7153409,267,Active,7,46,2013-12-11 11:10:06.417908,21859
7153410,268,Active,39,10,2013-12-11 11:10:06.423694,21859
7153411,269,Active,0,34,2013-12-11 11:10:06.429942,21859
7153412,270,Active,32,3,2013-12-11 11:10:06.435336,21859
7153413,271,Active,21,4,2013-12-11 11:10:06.44086,21859
7153414,272,Active,12,34,2013-12-11 11:10:06.446561,21859
7153415,273,Active,1,58,2013-12-11 11:10:06.45232,21859
7153416,274,Active,4,26,2013-12-11 11:10:06.458971,21859
7153417,275,Active,15,21,2013-12-11 11:10:06.464805,21859
7153418,276,Active,4,48,2013-12-11 11:10:06.470464,21859
7153419,277,Active,41,1,2013-12-11 11:10:06.475799,21859
7153420,330,Active,7,23,2013-12-11 11:10:06.481095,21859
7153421,278,Active,1,27,2013-12-11 11:10:06.486321,21859
7153422,279,Active,40,2,2013-12-11 11:10:06.515373,21859
7153423,280,Active,25,9,2013-12-11 11:10:06.521534,21859
7153424,281,Active,26,20,2013-12-11 11:10:06.52687,21859
7153425,282,Active,7,15,2013-12-11 11:10:06.532206,21859
7153426,283,Active,31,5,2013-12-11 11:10:06.537606,21859
7153427,284,Active,4,46,2013-12-11 11:10:06.542846,21859
7153428,285,Active,27,5,2013-12-11 11:10:06.548057,21859
7153429,286,Active,23,2,2013-12-11 11:10:06.553257,21859
7153430,287,Active,12,14,2013-12-11 11:10:06.558505,21859
7153431,288,Active,39,13,2013-12-11 11:10:06.563738,21859
7153432,289,Active,30,5,2013-12-11 11:10:06.569718,21859
7153433,290,Active,12,27,2013-12-11 11:10:06.576205,21859
7153434,291,Active,17,42,2013-12-11 11:10:06.581427,21859
7153435,292,Active,22,17,2013-12-11 11:10:06.586882,21859
7153436,293,Active,38,21,2013-12-11 11:10:06.592289,21859
7153437,294,Active,1,38,2013-12-11 11:10:06.598966,21859
7153438,295,Active,62,4,2013-12-11 11:10:06.604253,21859
7153439,296,Active,0,51,2013-12-11 11:10:06.609666,21859
7153440,297,Active,28,22,2013-12-11 11:10:06.615147,21859
7153441,298,Active,0,56,2013-12-11 11:10:06.620819,21859
7153442,299,Active,22,16,2013-12-11 11:10:06.62671,21859
7153443,300,Active,4,39,2013-12-11 11:10:06.631792,21859
7153444,301,Active,43,16,2013-12-11 11:10:06.637471,21859
7153445,302,Active,32,6,2013-12-11 11:10:06.642907,21859
7153446,303,Active,28,13,2013-12-11 11:10:06.648041,21859
7153447,305,Active,19,20,2013-12-11 11:10:06.653254,21859
7153448,306,Active,34,9,2013-12-11 11:10:06.658904,21859
7153449,307,Active,1,48,2013-12-11 11:10:06.664204,21859
7153450,308,Active,11,20,2013-12-11 11:10:06.669523,21859
7153451,309,Active,14,14,2013-12-11 11:10:06.674812,21859
7153452,310,Active,2,37,2013-12-11 11:10:06.681294,21859
7153453,311,Active,0,38,2013-12-11 11:10:06.687535,21859
7153454,312,Active,19,12,2013-12-11 11:10:06.693415,21859
7153455,313,Active,28,9,2013-12-11 11:10:06.700338,21859
7153456,314,Active,21,4,2013-12-11 11:10:06.705874,21859
7153457,315,Active,4,33,2013-12-11 11:10:06.711126,21859
7153458,316,Active,10,20,2013-12-11 11:10:06.716833,21859
7153459,317,Active,1,14,2013-12-11 11:10:06.722081,21859
7153460,318,Active,4,23,2013-12-11 11:10:06.728042,21859
7153461,319,Active,29,1,2013-12-11 11:10:06.734168,21859
7153462,320,Active,3,33,2013-12-11 11:10:06.739408,21859
7153463,321,Active,2,10,2013-12-11 11:10:06.745029,21859
7153464,322,Active,0,49,2013-12-11 11:10:06.750478,21859
7153465,332,Active,15,9,2013-12-11 11:10:06.756842,21859
7153466,327,Active,12,22,2013-12-11 11:10:06.763391,21859
7153467,328,Active,0,39,2013-12-11 11:10:06.769782,21859
