id,station_id,status,available_bike_count,available_dock_count,created_at,station_summary_id
26717380,64,Active,4,31,2015-01-26 00:40:06.067013,80883
26717381,65,Active,2,22,2015-01-26 00:40:06.072668,80883
26717382,66,Active,32,25,2015-01-26 00:40:06.077548,80883
26717383,67,Active,10,16,2015-01-26 00:40:06.082838,80883
26717384,68,Active,0,23,2015-01-26 00:40:06.088172,80883
26717385,69,Active,17,12,2015-01-26 00:40:06.09304,80883
26717386,70,Active,10,21,2015-01-26 00:40:06.098255,80883
26717387,71,Active,0,18,2015-01-26 00:40:06.103801,80883
26717388,72,Active,1,21,2015-01-26 00:40:06.10855,80883
26717389,73,Active,0,18,2015-01-26 00:40:06.113704,80883
26717390,74,Active,10,26,2015-01-26 00:40:06.118841,80883
26717391,75,Active,6,24,2015-01-26 00:40:06.123765,80883
26717392,76,Active,13,46,2015-01-26 00:40:06.128955,80883
26717393,77,Active,2,25,2015-01-26 00:40:06.133952,80883
26717394,78,Active,6,35,2015-01-26 00:40:06.139416,80883
26717395,79,Active,15,31,2015-01-26 00:40:06.144915,80883
26717396,80,Active,3,15,2015-01-26 00:40:06.150614,80883
26717397,81,Active,1,28,2015-01-26 00:40:06.155282,80883
26717398,82,Active,1,19,2015-01-26 00:40:06.161517,80883
26717399,83,Active,18,35,2015-01-26 00:40:06.166391,80883
26717400,84,Active,2,28,2015-01-26 00:40:06.171642,80883
26717401,85,Active,3,21,2015-01-26 00:40:06.17661,80883
26717402,86,Active,6,28,2015-01-26 00:40:06.181408,80883
26717403,87,Active,10,15,2015-01-26 00:40:06.186283,80883
26717404,88,Active,5,30,2015-01-26 00:40:06.191296,80883
26717405,89,Active,16,37,2015-01-26 00:40:06.196051,80883
26717406,90,Active,22,15,2015-01-26 00:40:06.200969,80883
26717407,91,Active,6,17,2015-01-26 00:40:06.206499,80883
26717408,92,Active,16,15,2015-01-26 00:40:06.211843,80883
26717409,93,Active,4,32,2015-01-26 00:40:06.218393,80883
26717410,94,Active,19,13,2015-01-26 00:40:06.223388,80883
26717411,95,Active,6,31,2015-01-26 00:40:06.228597,80883
26717412,96,Active,10,21,2015-01-26 00:40:06.233511,80883
26717413,97,Active,3,24,2015-01-26 00:40:06.238368,80883
26717414,98,Active,0,41,2015-01-26 00:40:06.243432,80883
26717415,99,Active,22,11,2015-01-26 00:40:06.249317,80883
26717416,100,Active,5,25,2015-01-26 00:40:06.25486,80883
26717417,101,Active,13,16,2015-01-26 00:40:06.260686,80883
26717418,102,Active,17,5,2015-01-26 00:40:06.265739,80883
26717419,103,Active,3,36,2015-01-26 00:40:06.270809,80883
26717420,104,Active,9,19,2015-01-26 00:40:06.277865,80883
26717421,105,Active,2,41,2015-01-26 00:40:06.282965,80883
26717422,106,Active,14,13,2015-01-26 00:40:06.288056,80883
26717423,107,Active,1,29,2015-01-26 00:40:06.293094,80883
26717424,108,Inactive,0,3,2015-01-26 00:40:06.299069,80883
26717425,109,Active,2,36,2015-01-26 00:40:06.304108,80883
26717426,110,Active,0,27,2015-01-26 00:40:06.309196,80883
26717427,111,Active,4,25,2015-01-26 00:40:06.313865,80883
26717428,112,Inactive,14,25,2015-01-26 00:40:06.34119,80883
26717429,113,Active,24,26,2015-01-26 00:40:06.347424,80883
26717430,114,Active,4,30,2015-01-26 00:40:06.353661,80883
26717431,115,Active,0,27,2015-01-26 00:40:06.358633,80883
26717432,116,Active,3,36,2015-01-26 00:40:06.36356,80883
26717433,117,Active,6,17,2015-01-26 00:40:06.37093,80883
26717434,118,Active,1,30,2015-01-26 00:40:06.375938,80883
26717435,119,Active,1,38,2015-01-26 00:40:06.381532,80883
26717436,120,Active,2,25,2015-01-26 00:40:06.387828,80883
26717437,121,Active,9,15,2015-01-26 00:40:06.393311,80883
26717438,122,Active,7,24,2015-01-26 00:40:06.398953,80883
26717439,123,Active,1,25,2015-01-26 00:40:06.404182,80883
26717440,124,Active,6,30,2015-01-26 00:40:06.410919,80883
26717441,125,Active,4,33,2015-01-26 00:40:06.415951,80883
26717442,126,Active,6,18,2015-01-26 00:40:06.420849,80883
26717443,127,Active,1,25,2015-01-26 00:40:06.42605,80883
26717444,128,Active,11,8,2015-01-26 00:40:06.430903,80883
26717445,129,Active,8,19,2015-01-26 00:40:06.436855,80883
26717446,130,Active,5,18,2015-01-26 00:40:06.441627,80883
26717447,131,Active,3,20,2015-01-26 00:40:06.447255,80883
26717448,132,Active,1,34,2015-01-26 00:40:06.452626,80883
26717449,133,Active,1,26,2015-01-26 00:40:06.457859,80883
26717450,134,Active,10,23,2015-01-26 00:40:06.462849,80883
26717451,135,Active,12,30,2015-01-26 00:40:06.467741,80883
26717452,136,Active,1,22,2015-01-26 00:40:06.47267,80883
26717453,137,Active,0,28,2015-01-26 00:40:06.477698,80883
26717454,138,Active,8,30,2015-01-26 00:40:06.485557,80883
26717455,139,Active,2,34,2015-01-26 00:40:06.491151,80883
26717456,140,Active,15,11,2015-01-26 00:40:06.496384,80883
26717457,141,Active,5,18,2015-01-26 00:40:06.501177,80883
26717458,142,Active,10,32,2015-01-26 00:40:06.506069,80883
26717459,143,Active,2,20,2015-01-26 00:40:06.511147,80883
26717460,144,Active,11,16,2015-01-26 00:40:06.515974,80883
26717461,145,Active,2,33,2015-01-26 00:40:06.521191,80883
26717462,146,Active,20,35,2015-01-26 00:40:06.526038,80883
26717463,147,Active,3,36,2015-01-26 00:40:06.532063,80883
26717464,148,Active,0,43,2015-01-26 00:40:06.537517,80883
26717465,149,Active,2,54,2015-01-26 00:40:06.542575,80883
26717466,150,Active,16,30,2015-01-26 00:40:06.547636,80883
26717467,151,Active,0,27,2015-01-26 00:40:06.55263,80883
26717468,152,Active,3,28,2015-01-26 00:40:06.557599,80883
26717469,153,Active,5,28,2015-01-26 00:40:06.562734,80883
26717470,154,Active,13,21,2015-01-26 00:40:06.567875,80883
26717471,155,Active,15,22,2015-01-26 00:40:06.57307,80883
26717472,156,Active,5,29,2015-01-26 00:40:06.578048,80883
26717473,157,Active,2,25,2015-01-26 00:40:06.583827,80883
26717474,158,Active,7,12,2015-01-26 00:40:06.589889,80883
26717475,159,Active,4,26,2015-01-26 00:40:06.595202,80883
26717476,160,Active,1,40,2015-01-26 00:40:06.600349,80883
26717477,161,Active,1,45,2015-01-26 00:40:06.609717,80883
26717478,162,Active,4,38,2015-01-26 00:40:06.614991,80883
26717479,163,Active,23,15,2015-01-26 00:40:06.620134,80883
26717480,164,Active,9,27,2015-01-26 00:40:06.625242,80883
26717481,165,Active,13,26,2015-01-26 00:40:06.630151,80883
26717482,166,Active,9,21,2015-01-26 00:40:06.636136,80883
26717483,167,Active,5,24,2015-01-26 00:40:06.642681,80883
26717484,168,Active,10,32,2015-01-26 00:40:06.670277,80883
26717485,169,Active,1,37,2015-01-26 00:40:06.676215,80883
26717486,170,Active,2,32,2015-01-26 00:40:06.68126,80883
26717487,171,Active,4,23,2015-01-26 00:40:06.686566,80883
26717488,172,Active,7,24,2015-01-26 00:40:06.691625,80883
26717489,173,Active,1,29,2015-01-26 00:40:06.696348,80883
26717490,174,Active,10,22,2015-01-26 00:40:06.701997,80883
26717491,175,Active,10,21,2015-01-26 00:40:06.707162,80883
26717492,176,Active,8,24,2015-01-26 00:40:06.712167,80883
26717493,177,Active,3,26,2015-01-26 00:40:06.717296,80883
26717494,178,Active,8,17,2015-01-26 00:40:06.722302,80883
26717495,179,Active,11,15,2015-01-26 00:40:06.727336,80883
26717496,180,Active,3,28,2015-01-26 00:40:06.732364,80883
26717497,181,Active,1,25,2015-01-26 00:40:06.7373,80883
26717498,182,Active,1,14,2015-01-26 00:40:06.74202,80883
26717499,183,Active,4,35,2015-01-26 00:40:06.749498,80883
26717500,184,Active,20,22,2015-01-26 00:40:06.754704,80883
26717501,185,Active,12,19,2015-01-26 00:40:06.759565,80883
26717502,186,Active,20,18,2015-01-26 00:40:06.764592,80883
26717503,187,Active,12,27,2015-01-26 00:40:06.76956,80883
26717504,188,Active,3,30,2015-01-26 00:40:06.774442,80883
26717505,189,Active,5,37,2015-01-26 00:40:06.779506,80883
26717506,190,Active,7,15,2015-01-26 00:40:06.784496,80883
26717507,191,Active,4,15,2015-01-26 00:40:06.789897,80883
26717508,192,Active,5,29,2015-01-26 00:40:06.794991,80883
26717509,193,Active,5,17,2015-01-26 00:40:06.799897,80883
26717510,194,Active,0,29,2015-01-26 00:40:06.804763,80883
26717511,195,Active,13,9,2015-01-26 00:40:06.809801,80883
26717512,196,Active,14,28,2015-01-26 00:40:06.81514,80883
26717513,197,Active,2,29,2015-01-26 00:40:06.820161,80883
26717514,198,Active,4,19,2015-01-26 00:40:06.825132,80883
26717515,199,Active,8,15,2015-01-26 00:40:06.829915,80883
26717516,200,Active,3,20,2015-01-26 00:40:06.835031,80883
26717517,201,Active,0,23,2015-01-26 00:40:06.839785,80883
26717518,202,Active,2,16,2015-01-26 00:40:06.844741,80883
26717519,203,Active,5,49,2015-01-26 00:40:06.850845,80883
26717520,204,Active,0,39,2015-01-26 00:40:06.856077,80883
26717521,205,Active,7,24,2015-01-26 00:40:06.862342,80883
26717522,206,Active,8,38,2015-01-26 00:40:06.86749,80883
26717523,207,Active,0,31,2015-01-26 00:40:06.872575,80883
26717524,208,Active,11,16,2015-01-26 00:40:06.877463,80883
26717525,209,Active,6,24,2015-01-26 00:40:06.882522,80883
26717526,210,Active,6,24,2015-01-26 00:40:06.888248,80883
26717527,211,Active,6,32,2015-01-26 00:40:06.893101,80883
26717528,212,Active,8,19,2015-01-26 00:40:06.898192,80883
26717529,213,Active,2,42,2015-01-26 00:40:06.903061,80883
26717530,214,Active,2,25,2015-01-26 00:40:06.908315,80883
26717531,215,Active,0,24,2015-01-26 00:40:06.913566,80883
26717532,216,Active,7,18,2015-01-26 00:40:06.919156,80883
26717533,217,Active,5,34,2015-01-26 00:40:06.924261,80883
26717534,218,Active,4,28,2015-01-26 00:40:06.929413,80883
26717535,219,Active,5,30,2015-01-26 00:40:06.934655,80883
26717536,220,Active,18,33,2015-01-26 00:40:06.940359,80883
26717537,221,Active,1,22,2015-01-26 00:40:06.94535,80883
26717538,222,Active,10,42,2015-01-26 00:40:06.95027,80883
26717539,223,Active,9,32,2015-01-26 00:40:06.955345,80883
26717540,224,Active,7,30,2015-01-26 00:40:06.982565,80883
26717541,225,Active,15,15,2015-01-26 00:40:06.988613,80883
26717542,226,Active,5,26,2015-01-26 00:40:06.99372,80883
26717543,227,Active,2,27,2015-01-26 00:40:06.998883,80883
26717544,228,Active,5,54,2015-01-26 00:40:07.004231,80883
26717545,229,Active,32,6,2015-01-26 00:40:07.009084,80883
26717546,230,Active,11,24,2015-01-26 00:40:07.014013,80883
26717547,231,Active,11,24,2015-01-26 00:40:07.018897,80883
26717548,232,Active,20,14,2015-01-26 00:40:07.024084,80883
26717549,233,Active,0,39,2015-01-26 00:40:07.029108,80883
26717550,234,Active,2,29,2015-01-26 00:40:07.034369,80883
26717551,235,Active,37,10,2015-01-26 00:40:07.039537,80883
26717552,236,Active,17,5,2015-01-26 00:40:07.045071,80883
26717553,237,Active,7,31,2015-01-26 00:40:07.050794,80883
26717554,238,Active,19,27,2015-01-26 00:40:07.056793,80883
26717555,239,Active,22,0,2015-01-26 00:40:07.06166,80883
26717556,240,Active,28,30,2015-01-26 00:40:07.066528,80883
26717557,241,Active,9,30,2015-01-26 00:40:07.071481,80883
26717558,242,Active,15,20,2015-01-26 00:40:07.076488,80883
26717559,243,Active,14,20,2015-01-26 00:40:07.081485,80883
26717560,244,Active,2,56,2015-01-26 00:40:07.08643,80883
26717561,245,Active,0,57,2015-01-26 00:40:07.091349,80883
26717562,246,Active,3,33,2015-01-26 00:40:07.096511,80883
26717563,247,Active,5,26,2015-01-26 00:40:07.101612,80883
26717564,248,Active,1,39,2015-01-26 00:40:07.107079,80883
26717565,249,Active,19,22,2015-01-26 00:40:07.11215,80883
26717566,250,Active,16,31,2015-01-26 00:40:07.117484,80883
26717567,251,Active,2,35,2015-01-26 00:40:07.122342,80883
26717568,252,Active,5,40,2015-01-26 00:40:07.127509,80883
26717569,253,Active,35,23,2015-01-26 00:40:07.132734,80883
26717570,254,Active,4,27,2015-01-26 00:40:07.137483,80883
26717571,255,Active,13,14,2015-01-26 00:40:07.143152,80883
26717572,256,Active,8,18,2015-01-26 00:40:07.148482,80883
26717573,257,Active,4,21,2015-01-26 00:40:07.153538,80883
26717574,258,Active,7,32,2015-01-26 00:40:07.158452,80883
26717575,259,Active,14,21,2015-01-26 00:40:07.16332,80883
26717576,260,Active,7,37,2015-01-26 00:40:07.168228,80883
26717577,261,Active,21,17,2015-01-26 00:40:07.173592,80883
26717578,262,Active,18,21,2015-01-26 00:40:07.178669,80883
26717579,263,Active,16,19,2015-01-26 00:40:07.183584,80883
26717580,264,Active,10,31,2015-01-26 00:40:07.189026,80883
26717581,265,Active,19,17,2015-01-26 00:40:07.194013,80883
26717582,266,Active,5,52,2015-01-26 00:40:07.199162,80883
26717583,267,Active,1,50,2015-01-26 00:40:07.204495,80883
26717584,268,Active,27,22,2015-01-26 00:40:07.209605,80883
26717585,269,Active,4,30,2015-01-26 00:40:07.214854,80883
26717586,270,Active,1,34,2015-01-26 00:40:07.220028,80883
26717587,271,Active,4,21,2015-01-26 00:40:07.224972,80883
26717588,272,Active,6,41,2015-01-26 00:40:07.233535,80883
26717589,273,Active,34,24,2015-01-26 00:40:07.238379,80883
26717590,274,Active,3,26,2015-01-26 00:40:07.243607,80883
26717591,275,Active,13,23,2015-01-26 00:40:07.248603,80883
26717592,276,Active,16,35,2015-01-26 00:40:07.253618,80883
26717593,277,Active,21,19,2015-01-26 00:40:07.258592,80883
26717594,330,Active,4,26,2015-01-26 00:40:07.263572,80883
26717595,278,Active,6,22,2015-01-26 00:40:07.2687,80883
26717596,279,Active,3,41,2015-01-26 00:40:07.295926,80883
26717597,280,Active,3,33,2015-01-26 00:40:07.301702,80883
26717598,281,Active,3,43,2015-01-26 00:40:07.30686,80883
26717599,282,Active,11,13,2015-01-26 00:40:07.311869,80883
26717600,283,Active,12,23,2015-01-26 00:40:07.317159,80883
26717601,284,Active,13,36,2015-01-26 00:40:07.32241,80883
26717602,285,Active,5,27,2015-01-26 00:40:07.327319,80883
26717603,286,Active,15,11,2015-01-26 00:40:07.33253,80883
26717604,287,Active,5,22,2015-01-26 00:40:07.33757,80883
26717605,288,Active,32,20,2015-01-26 00:40:07.342423,80883
26717606,289,Active,9,25,2015-01-26 00:40:07.348174,80883
26717607,290,Active,8,23,2015-01-26 00:40:07.353409,80883
26717608,291,Active,35,23,2015-01-26 00:40:07.358204,80883
26717609,292,Active,11,27,2015-01-26 00:40:07.363245,80883
26717610,293,Active,33,27,2015-01-26 00:40:07.368403,80883
26717611,294,Active,2,37,2015-01-26 00:40:07.375423,80883
26717612,295,Active,27,40,2015-01-26 00:40:07.38039,80883
26717613,296,Active,10,40,2015-01-26 00:40:07.385524,80883
26717614,297,Active,12,39,2015-01-26 00:40:07.390733,80883
26717615,298,Active,14,42,2015-01-26 00:40:07.396063,80883
26717616,299,Active,0,38,2015-01-26 00:40:07.400906,80883
26717617,300,Active,6,33,2015-01-26 00:40:07.405781,80883
26717618,301,Active,11,48,2015-01-26 00:40:07.410988,80883
26717619,302,Active,5,33,2015-01-26 00:40:07.415908,80883
26717620,303,Active,27,14,2015-01-26 00:40:07.421512,80883
26717621,304,Active,15,21,2015-01-26 00:40:07.426542,80883
26717622,305,Active,5,34,2015-01-26 00:40:07.431405,80883
26717623,306,Active,8,34,2015-01-26 00:40:07.437856,80883
26717624,307,Active,4,45,2015-01-26 00:40:07.442839,80883
26717625,308,Active,15,16,2015-01-26 00:40:07.447723,80883
26717626,309,Active,6,23,2015-01-26 00:40:07.452637,80883
26717627,310,Active,12,25,2015-01-26 00:40:07.457757,80883
26717628,311,Active,14,25,2015-01-26 00:40:07.462785,80883
26717629,312,Active,7,24,2015-01-26 00:40:07.467912,80883
26717630,313,Inactive,0,39,2015-01-26 00:40:07.472717,80883
26717631,314,Active,1,25,2015-01-26 00:40:07.477597,80883
26717632,315,Active,8,30,2015-01-26 00:40:07.482528,80883
26717633,316,Active,15,15,2015-01-26 00:40:07.489541,80883
26717634,317,Active,9,6,2015-01-26 00:40:07.494567,80883
26717635,318,Active,12,15,2015-01-26 00:40:07.499471,80883
26717636,319,Inactive,0,30,2015-01-26 00:40:07.504468,80883
26717637,320,Active,3,32,2015-01-26 00:40:07.509443,80883
26717638,321,Active,6,4,2015-01-26 00:40:07.514427,80883
26717639,322,Active,18,30,2015-01-26 00:40:07.519519,80883
26717640,332,Active,17,7,2015-01-26 00:40:07.524527,80883
26717641,327,Active,12,22,2015-01-26 00:40:07.529484,80883
26717642,328,Active,5,34,2015-01-26 00:40:07.534413,80883
26717643,331,Active,2,34,2015-01-26 00:40:07.539505,80883
26717644,323,Active,10,27,2015-01-26 00:40:07.54477,80883
26717645,324,Active,11,32,2015-01-26 00:40:07.550633,80883
26717646,329,Active,14,19,2015-01-26 00:40:07.55584,80883
26717647,325,Active,4,32,2015-01-26 00:40:07.560951,80883
26717648,326,Active,6,19,2015-01-26 00:40:07.566004,80883
26717649,1,Active,11,27,2015-01-26 00:50:11.091693,80884
26717650,2,Active,3,29,2015-01-26 00:50:11.101007,80884
26717651,3,Active,3,22,2015-01-26 00:50:11.105286,80884
26717652,4,Active,4,57,2015-01-26 00:50:11.10939,80884
26717653,5,Active,6,31,2015-01-26 00:50:11.1149,80884
26717654,6,Active,10,9,2015-01-26 00:50:11.119455,80884
26717655,7,Active,10,9,2015-01-26 00:50:11.124844,80884
26717656,8,Active,18,13,2015-01-26 00:50:11.12947,80884
26717657,9,Active,12,18,2015-01-26 00:50:11.133461,80884
26717658,10,Active,5,41,2015-01-26 00:50:11.138357,80884
26717659,11,Active,7,17,2015-01-26 00:50:11.14329,80884
26717660,12,Active,1,18,2015-01-26 00:50:11.14824,80884
26717661,13,Active,5,33,2015-01-26 00:50:11.152661,80884
26717662,14,Active,15,17,2015-01-26 00:50:11.156814,80884
26717663,15,Active,0,30,2015-01-26 00:50:11.167143,80884
26717664,16,Active,0,33,2015-01-26 00:50:11.171786,80884
26717665,17,Active,4,25,2015-01-26 00:50:11.176709,80884
26717666,18,Active,2,47,2015-01-26 00:50:11.180763,80884
26717667,19,Active,17,6,2015-01-26 00:50:11.1847,80884
26717668,20,Active,5,19,2015-01-26 00:50:11.189034,80884
26717669,21,Active,4,31,2015-01-26 00:50:11.193096,80884
26717670,22,Active,12,34,2015-01-26 00:50:11.19713,80884
26717671,23,Active,4,41,2015-01-26 00:50:11.201831,80884
26717672,24,Active,13,33,2015-01-26 00:50:11.205889,80884
26717673,25,Active,28,22,2015-01-26 00:50:11.212757,80884
26717674,26,Active,1,29,2015-01-26 00:50:11.217325,80884
26717675,27,Active,2,43,2015-01-26 00:50:11.222597,80884
26717676,28,Active,8,19,2015-01-26 00:50:11.227886,80884
26717677,29,Active,0,23,2015-01-26 00:50:11.241356,80884
26717678,30,Active,13,25,2015-01-26 00:50:11.247813,80884
26717679,31,Active,3,35,2015-01-26 00:50:11.252366,80884
26717680,32,Active,2,31,2015-01-26 00:50:11.256744,80884
26717681,33,Active,5,25,2015-01-26 00:50:11.261896,80884
26717682,34,Active,17,19,2015-01-26 00:50:11.266034,80884
26717683,35,Active,8,47,2015-01-26 00:50:11.270223,80884
26717684,36,Active,4,20,2015-01-26 00:50:11.274445,80884
26717685,37,Active,3,20,2015-01-26 00:50:11.278652,80884
26717686,38,Active,3,35,2015-01-26 00:50:11.28378,80884
26717687,39,Active,0,39,2015-01-26 00:50:11.289326,80884
26717688,40,Active,10,29,2015-01-26 00:50:11.293507,80884
26717689,41,Active,14,16,2015-01-26 00:50:11.297625,80884
26717690,42,Active,3,28,2015-01-26 00:50:11.30215,80884
26717691,43,Active,0,23,2015-01-26 00:50:11.306245,80884
26717692,44,Active,9,14,2015-01-26 00:50:11.310302,80884
26717693,45,Active,20,10,2015-01-26 00:50:11.314549,80884
26717694,46,Active,4,27,2015-01-26 00:50:11.318736,80884
26717695,47,Active,2,21,2015-01-26 00:50:11.322936,80884
26717696,48,Active,2,17,2015-01-26 00:50:11.32708,80884
26717697,49,Active,0,23,2015-01-26 00:50:11.331421,80884
26717698,50,Active,2,25,2015-01-26 00:50:11.33632,80884
26717699,51,Active,9,30,2015-01-26 00:50:11.3411,80884
26717700,52,Active,9,18,2015-01-26 00:50:11.345558,80884
26717701,53,Active,7,25,2015-01-26 00:50:11.355193,80884
26717702,54,Inactive,0,3,2015-01-26 00:50:11.365201,80884
26717703,55,Active,5,26,2015-01-26 00:50:11.369313,80884
26717704,56,Active,14,25,2015-01-26 00:50:11.397577,80884
26717705,57,Active,0,22,2015-01-26 00:50:11.403383,80884
26717706,58,Active,7,31,2015-01-26 00:50:11.408275,80884
26717707,59,Active,3,32,2015-01-26 00:50:11.413454,80884
26717708,60,Active,7,20,2015-01-26 00:50:11.418453,80884
26717709,61,Active,2,20,2015-01-26 00:50:11.423855,80884
26717710,62,Active,3,27,2015-01-26 00:50:11.429526,80884
26717711,63,Active,4,23,2015-01-26 00:50:11.4345,80884
26717712,64,Active,4,31,2015-01-26 00:50:11.439858,80884
26717713,65,Active,2,22,2015-01-26 00:50:11.445931,80884
26717714,66,Active,32,25,2015-01-26 00:50:11.451292,80884
26717715,67,Active,10,16,2015-01-26 00:50:11.456607,80884
26717716,68,Active,0,23,2015-01-26 00:50:11.462401,80884
26717717,69,Active,17,12,2015-01-26 00:50:11.467424,80884
26717718,70,Active,10,21,2015-01-26 00:50:11.472555,80884
26717719,71,Active,0,18,2015-01-26 00:50:11.477193,80884
26717720,72,Active,1,21,2015-01-26 00:50:11.482143,80884
26717721,73,Active,0,18,2015-01-26 00:50:11.487331,80884
26717722,74,Active,10,26,2015-01-26 00:50:11.492005,80884
26717723,75,Active,5,25,2015-01-26 00:50:11.497538,80884
26717724,76,Active,13,46,2015-01-26 00:50:11.502433,80884
26717725,77,Active,3,24,2015-01-26 00:50:11.507834,80884
26717726,78,Active,7,34,2015-01-26 00:50:11.512616,80884
26717727,79,Active,10,36,2015-01-26 00:50:11.517441,80884
26717728,80,Active,3,15,2015-01-26 00:50:11.522502,80884
26717729,81,Active,1,28,2015-01-26 00:50:11.530877,80884
26717730,82,Active,1,19,2015-01-26 00:50:11.53621,80884
26717731,83,Active,16,37,2015-01-26 00:50:11.541136,80884
26717732,84,Active,2,28,2015-01-26 00:50:11.546318,80884
26717733,85,Active,3,21,2015-01-26 00:50:11.552325,80884
26717734,86,Active,5,29,2015-01-26 00:50:11.557397,80884
26717735,87,Active,10,15,2015-01-26 00:50:11.562245,80884
26717736,88,Active,4,31,2015-01-26 00:50:11.56758,80884
26717737,89,Active,19,34,2015-01-26 00:50:11.572713,80884
26717738,90,Active,22,15,2015-01-26 00:50:11.579249,80884
26717739,91,Active,6,17,2015-01-26 00:50:11.584952,80884
26717740,92,Active,16,15,2015-01-26 00:50:11.591452,80884
26717741,93,Active,4,32,2015-01-26 00:50:11.598665,80884
26717742,94,Active,20,12,2015-01-26 00:50:11.605621,80884
26717743,95,Active,7,30,2015-01-26 00:50:11.614226,80884
26717744,96,Active,9,22,2015-01-26 00:50:11.620008,80884
26717745,97,Active,3,24,2015-01-26 00:50:11.626122,80884
26717746,98,Active,0,41,2015-01-26 00:50:11.631222,80884
26717747,99,Active,22,11,2015-01-26 00:50:11.636196,80884
26717748,100,Active,4,26,2015-01-26 00:50:11.641143,80884
26717749,101,Active,14,15,2015-01-26 00:50:11.64613,80884
26717750,102,Active,19,3,2015-01-26 00:50:11.651336,80884
26717751,103,Active,3,36,2015-01-26 00:50:11.656117,80884
26717752,104,Active,9,19,2015-01-26 00:50:11.661169,80884
26717753,105,Active,2,41,2015-01-26 00:50:11.666993,80884
26717754,106,Active,12,15,2015-01-26 00:50:11.675897,80884
26717755,107,Active,3,27,2015-01-26 00:50:11.681103,80884
26717756,108,Inactive,0,3,2015-01-26 00:50:11.686068,80884
26717757,109,Active,2,36,2015-01-26 00:50:11.69108,80884
26717758,110,Active,0,27,2015-01-26 00:50:11.696716,80884
26717759,111,Active,3,26,2015-01-26 00:50:11.701632,80884
26717760,112,Inactive,14,25,2015-01-26 00:50:11.727175,80884
26717761,113,Active,25,25,2015-01-26 00:50:11.737243,80884
26717762,114,Active,5,29,2015-01-26 00:50:11.742873,80884
26717763,115,Active,0,27,2015-01-26 00:50:11.747875,80884
26717764,116,Active,2,37,2015-01-26 00:50:11.753068,80884
26717765,117,Active,7,16,2015-01-26 00:50:11.758072,80884
26717766,118,Active,2,29,2015-01-26 00:50:11.763809,80884
26717767,119,Active,1,38,2015-01-26 00:50:11.768941,80884
26717768,120,Active,1,26,2015-01-26 00:50:11.773908,80884
26717769,121,Active,9,15,2015-01-26 00:50:11.778987,80884
26717770,122,Active,6,25,2015-01-26 00:50:11.784031,80884
26717771,123,Active,1,25,2015-01-26 00:50:11.788944,80884
26717772,124,Active,6,30,2015-01-26 00:50:11.793756,80884
26717773,125,Active,4,33,2015-01-26 00:50:11.798783,80884
26717774,126,Active,5,19,2015-01-26 00:50:11.803828,80884
26717775,127,Active,2,24,2015-01-26 00:50:11.808879,80884
26717776,128,Active,11,8,2015-01-26 00:50:11.815589,80884
26717777,129,Active,7,20,2015-01-26 00:50:11.820646,80884
26717778,130,Active,5,18,2015-01-26 00:50:11.825707,80884
26717779,131,Active,3,20,2015-01-26 00:50:11.831341,80884
26717780,132,Active,0,35,2015-01-26 00:50:11.83625,80884
26717781,133,Active,1,26,2015-01-26 00:50:11.841135,80884
26717782,134,Active,8,25,2015-01-26 00:50:11.845842,80884
26717783,135,Active,10,32,2015-01-26 00:50:11.850931,80884
26717784,136,Active,1,22,2015-01-26 00:50:11.856129,80884
26717785,137,Active,0,28,2015-01-26 00:50:11.861441,80884
26717786,138,Active,9,29,2015-01-26 00:50:11.866362,80884
26717787,139,Active,1,35,2015-01-26 00:50:11.871217,80884
26717788,140,Active,15,11,2015-01-26 00:50:11.876421,80884
26717789,141,Active,5,18,2015-01-26 00:50:11.881299,80884
26717790,142,Active,8,34,2015-01-26 00:50:11.887798,80884
26717791,143,Active,2,20,2015-01-26 00:50:11.894231,80884
26717792,144,Active,11,16,2015-01-26 00:50:11.898874,80884
26717793,145,Active,5,30,2015-01-26 00:50:11.904079,80884
26717794,146,Active,20,35,2015-01-26 00:50:11.908797,80884
26717795,147,Active,3,36,2015-01-26 00:50:11.913832,80884
26717796,148,Active,1,42,2015-01-26 00:50:11.919619,80884
26717797,149,Active,2,54,2015-01-26 00:50:11.925723,80884
26717798,150,Active,17,29,2015-01-26 00:50:11.931824,80884
26717799,151,Active,0,27,2015-01-26 00:50:11.936884,80884
26717800,152,Active,3,28,2015-01-26 00:50:11.94374,80884
26717801,153,Active,4,29,2015-01-26 00:50:11.949075,80884
26717802,154,Active,12,22,2015-01-26 00:50:11.954856,80884
26717803,155,Active,17,20,2015-01-26 00:50:11.960638,80884
26717804,156,Active,5,29,2015-01-26 00:50:11.96825,80884
26717805,157,Active,2,25,2015-01-26 00:50:11.975262,80884
26717806,158,Active,7,12,2015-01-26 00:50:11.984133,80884
26717807,159,Active,4,26,2015-01-26 00:50:11.989315,80884
26717808,160,Active,1,40,2015-01-26 00:50:11.994443,80884
26717809,161,Active,1,45,2015-01-26 00:50:11.999524,80884
26717810,162,Active,4,38,2015-01-26 00:50:12.004909,80884
26717811,163,Active,22,16,2015-01-26 00:50:12.009942,80884
26717812,164,Active,9,27,2015-01-26 00:50:12.014972,80884
26717813,165,Active,12,27,2015-01-26 00:50:12.020031,80884
26717814,166,Active,9,21,2015-01-26 00:50:12.025042,80884
26717815,167,Active,5,24,2015-01-26 00:50:12.030013,80884
26717816,168,Active,10,32,2015-01-26 00:50:12.056073,80884
26717817,169,Active,0,38,2015-01-26 00:50:12.062279,80884
26717818,170,Active,2,32,2015-01-26 00:50:12.067483,80884
26717819,171,Active,4,23,2015-01-26 00:50:12.0726,80884
26717820,172,Active,8,23,2015-01-26 00:50:12.077949,80884
26717821,173,Active,0,30,2015-01-26 00:50:12.084305,80884
26717822,174,Active,10,22,2015-01-26 00:50:12.089694,80884
26717823,175,Active,10,21,2015-01-26 00:50:12.094586,80884
26717824,176,Active,11,21,2015-01-26 00:50:12.099716,80884
26717825,177,Active,3,26,2015-01-26 00:50:12.105083,80884
26717826,178,Active,8,17,2015-01-26 00:50:12.110014,80884
26717827,179,Active,11,15,2015-01-26 00:50:12.114956,80884
26717828,180,Active,3,28,2015-01-26 00:50:12.119965,80884
26717829,181,Active,1,25,2015-01-26 00:50:12.125815,80884
26717830,182,Active,1,14,2015-01-26 00:50:12.130759,80884
26717831,183,Active,5,34,2015-01-26 00:50:12.136249,80884
26717832,184,Active,18,24,2015-01-26 00:50:12.141993,80884
26717833,185,Active,13,18,2015-01-26 00:50:12.14675,80884
26717834,186,Active,20,18,2015-01-26 00:50:12.15183,80884
26717835,187,Active,12,27,2015-01-26 00:50:12.157097,80884
26717836,188,Active,3,30,2015-01-26 00:50:12.16241,80884
26717837,189,Active,5,37,2015-01-26 00:50:12.16833,80884
26717838,190,Active,7,15,2015-01-26 00:50:12.173171,80884
26717839,191,Active,4,15,2015-01-26 00:50:12.178108,80884
26717840,192,Active,6,28,2015-01-26 00:50:12.183269,80884
26717841,193,Active,6,16,2015-01-26 00:50:12.188134,80884
26717842,194,Active,0,29,2015-01-26 00:50:12.193288,80884
26717843,195,Active,13,9,2015-01-26 00:50:12.200028,80884
26717844,196,Active,15,27,2015-01-26 00:50:12.205076,80884
26717845,197,Active,2,29,2015-01-26 00:50:12.210355,80884
26717846,198,Active,4,19,2015-01-26 00:50:12.215931,80884
26717847,199,Active,8,15,2015-01-26 00:50:12.221118,80884
26717848,200,Active,3,20,2015-01-26 00:50:12.226154,80884
26717849,201,Active,0,23,2015-01-26 00:50:12.231241,80884
26717850,202,Active,2,16,2015-01-26 00:50:12.236134,80884
26717851,203,Active,5,49,2015-01-26 00:50:12.241139,80884
26717852,204,Active,0,39,2015-01-26 00:50:12.246116,80884
26717853,205,Active,8,23,2015-01-26 00:50:12.251732,80884
26717854,206,Active,8,38,2015-01-26 00:50:12.25701,80884
26717855,207,Active,1,30,2015-01-26 00:50:12.262021,80884
26717856,208,Active,11,16,2015-01-26 00:50:12.266945,80884
26717857,209,Active,6,24,2015-01-26 00:50:12.272417,80884
26717858,210,Active,6,24,2015-01-26 00:50:12.277871,80884
26717859,211,Active,9,29,2015-01-26 00:50:12.283977,80884
26717860,212,Active,8,19,2015-01-26 00:50:12.290061,80884
26717861,213,Active,5,39,2015-01-26 00:50:12.2956,80884
26717862,214,Active,2,25,2015-01-26 00:50:12.302083,80884
26717863,215,Active,0,24,2015-01-26 00:50:12.308102,80884
26717864,216,Active,5,20,2015-01-26 00:50:12.316139,80884
26717865,217,Active,7,32,2015-01-26 00:50:12.325893,80884
26717866,218,Active,3,29,2015-01-26 00:50:12.33318,80884
26717867,219,Active,5,30,2015-01-26 00:50:12.338346,80884
26717868,220,Active,19,32,2015-01-26 00:50:12.343297,80884
26717869,221,Active,1,22,2015-01-26 00:50:12.348372,80884
26717870,222,Active,10,42,2015-01-26 00:50:12.35449,80884
26717871,223,Active,8,33,2015-01-26 00:50:12.3618,80884
26717872,224,Active,9,28,2015-01-26 00:50:12.389834,80884
26717873,225,Active,15,15,2015-01-26 00:50:12.395787,80884
26717874,226,Active,5,26,2015-01-26 00:50:12.400865,80884
26717875,227,Active,2,27,2015-01-26 00:50:12.406156,80884
26717876,228,Active,4,55,2015-01-26 00:50:12.411,80884
26717877,229,Active,32,6,2015-01-26 00:50:12.417779,80884
26717878,230,Active,11,24,2015-01-26 00:50:12.423217,80884
26717879,231,Active,11,24,2015-01-26 00:50:12.428981,80884
26717880,232,Active,20,14,2015-01-26 00:50:12.434003,80884
26717881,233,Active,1,38,2015-01-26 00:50:12.439051,80884
26717882,234,Active,3,28,2015-01-26 00:50:12.444209,80884
26717883,235,Active,35,12,2015-01-26 00:50:12.449507,80884
26717884,236,Active,16,6,2015-01-26 00:50:12.454974,80884
26717885,237,Active,8,30,2015-01-26 00:50:12.459886,80884
26717886,238,Active,21,25,2015-01-26 00:50:12.465292,80884
26717887,239,Active,22,0,2015-01-26 00:50:12.470781,80884
26717888,240,Active,29,29,2015-01-26 00:50:12.479813,80884
26717889,241,Active,9,30,2015-01-26 00:50:12.485938,80884
26717890,242,Active,15,20,2015-01-26 00:50:12.491329,80884
26717891,243,Active,14,20,2015-01-26 00:50:12.496752,80884
26717892,244,Active,2,56,2015-01-26 00:50:12.505405,80884
26717893,245,Active,0,57,2015-01-26 00:50:12.51058,80884
26717894,246,Active,4,32,2015-01-26 00:50:12.515655,80884
26717895,247,Active,5,26,2015-01-26 00:50:12.520562,80884
26717896,248,Active,1,39,2015-01-26 00:50:12.525493,80884
26717897,249,Active,19,22,2015-01-26 00:50:12.530658,80884
26717898,250,Active,16,31,2015-01-26 00:50:12.535871,80884
26717899,251,Active,2,35,2015-01-26 00:50:12.540879,80884
26717900,252,Active,4,41,2015-01-26 00:50:12.546412,80884
26717901,253,Active,34,24,2015-01-26 00:50:12.551515,80884
26717902,254,Active,3,28,2015-01-26 00:50:12.556861,80884
26717903,255,Active,14,13,2015-01-26 00:50:12.563122,80884
26717904,256,Active,9,17,2015-01-26 00:50:12.568029,80884
26717905,257,Active,4,21,2015-01-26 00:50:12.573656,80884
26717906,258,Active,7,32,2015-01-26 00:50:12.579127,80884
26717907,259,Active,14,21,2015-01-26 00:50:12.585395,80884
26717908,260,Active,7,37,2015-01-26 00:50:12.590575,80884
26717909,261,Active,21,17,2015-01-26 00:50:12.596162,80884
26717910,262,Active,17,22,2015-01-26 00:50:12.605676,80884
26717911,263,Active,15,20,2015-01-26 00:50:12.611382,80884
26717912,264,Active,10,31,2015-01-26 00:50:12.618882,80884
26717913,265,Active,19,17,2015-01-26 00:50:12.62641,80884
26717914,266,Active,7,50,2015-01-26 00:50:12.632039,80884
26717915,267,Active,1,50,2015-01-26 00:50:12.638577,80884
26717916,268,Active,26,23,2015-01-26 00:50:12.645106,80884
26717917,269,Active,4,30,2015-01-26 00:50:12.650985,80884
26717918,270,Active,1,34,2015-01-26 00:50:12.657899,80884
26717919,271,Active,4,21,2015-01-26 00:50:12.664065,80884
26717920,272,Active,6,41,2015-01-26 00:50:12.669874,80884
26717921,273,Active,34,24,2015-01-26 00:50:12.676276,80884
26717922,274,Active,5,24,2015-01-26 00:50:12.68318,80884
26717923,275,Active,13,23,2015-01-26 00:50:12.690098,80884
26717924,276,Active,16,35,2015-01-26 00:50:12.695088,80884
26717925,277,Active,21,19,2015-01-26 00:50:12.700622,80884
26717926,330,Active,3,27,2015-01-26 00:50:12.70588,80884
26717927,278,Active,5,23,2015-01-26 00:50:12.711227,80884
26717928,279,Active,5,39,2015-01-26 00:50:12.739807,80884
26717929,280,Active,3,33,2015-01-26 00:50:12.746299,80884
26717930,281,Active,2,44,2015-01-26 00:50:12.751672,80884
26717931,282,Active,10,14,2015-01-26 00:50:12.757828,80884
26717932,283,Active,10,25,2015-01-26 00:50:12.762887,80884
26717933,284,Active,13,36,2015-01-26 00:50:12.768209,80884
26717934,285,Active,4,28,2015-01-26 00:50:12.773459,80884
26717935,286,Active,14,12,2015-01-26 00:50:12.778324,80884
26717936,287,Active,6,21,2015-01-26 00:50:12.78563,80884
26717937,288,Active,33,19,2015-01-26 00:50:12.791185,80884
26717938,289,Active,12,22,2015-01-26 00:50:12.797155,80884
26717939,290,Active,9,22,2015-01-26 00:50:12.802566,80884
26717940,291,Active,35,23,2015-01-26 00:50:12.809018,80884
26717941,292,Active,11,27,2015-01-26 00:50:12.81464,80884
26717942,293,Active,33,27,2015-01-26 00:50:12.820976,80884
26717943,294,Active,4,35,2015-01-26 00:50:12.826276,80884
26717944,295,Active,27,40,2015-01-26 00:50:12.832011,80884
26717945,296,Active,9,41,2015-01-26 00:50:12.837491,80884
26717946,297,Active,13,38,2015-01-26 00:50:12.844527,80884
26717947,298,Active,14,42,2015-01-26 00:50:12.849403,80884
26717948,299,Active,0,38,2015-01-26 00:50:12.855928,80884
26717949,300,Active,6,33,2015-01-26 00:50:12.862754,80884
26717950,301,Active,11,48,2015-01-26 00:50:12.868575,80884
26717951,302,Active,6,32,2015-01-26 00:50:12.873696,80884
26717952,303,Active,28,13,2015-01-26 00:50:12.87889,80884
26717953,304,Active,15,21,2015-01-26 00:50:12.883965,80884
26717954,305,Active,8,31,2015-01-26 00:50:12.888962,80884
26717955,306,Active,8,34,2015-01-26 00:50:12.895873,80884
26717956,307,Active,4,45,2015-01-26 00:50:12.902032,80884
26717957,308,Active,15,16,2015-01-26 00:50:12.90721,80884
26717958,309,Active,8,21,2015-01-26 00:50:12.91215,80884
26717959,310,Active,11,26,2015-01-26 00:50:12.917798,80884
26717960,311,Active,15,24,2015-01-26 00:50:12.922789,80884
26717961,312,Active,7,24,2015-01-26 00:50:12.929315,80884
26717962,313,Inactive,0,39,2015-01-26 00:50:12.935154,80884
26717963,314,Active,2,24,2015-01-26 00:50:12.940267,80884
26717964,315,Active,8,30,2015-01-26 00:50:12.946014,80884
26717965,316,Active,15,15,2015-01-26 00:50:12.951199,80884
26717966,317,Active,8,7,2015-01-26 00:50:12.958391,80884
26717967,318,Active,11,16,2015-01-26 00:50:12.965032,80884
26717968,319,Inactive,0,30,2015-01-26 00:50:12.970009,80884
26717969,320,Active,2,33,2015-01-26 00:50:12.974902,80884
26717970,321,Active,6,4,2015-01-26 00:50:12.979999,80884
26717971,322,Active,17,31,2015-01-26 00:50:12.98625,80884
26717972,332,Active,18,6,2015-01-26 00:50:12.993343,80884
26717973,327,Active,11,23,2015-01-26 00:50:13.000171,80884
26717974,328,Active,5,34,2015-01-26 00:50:13.007171,80884
26717975,331,Active,2,34,2015-01-26 00:50:13.014807,80884
26717976,323,Active,10,27,2015-01-26 00:50:13.021969,80884
26717977,324,Active,10,33,2015-01-26 00:50:13.027659,80884
26717978,329,Active,15,18,2015-01-26 00:50:13.03322,80884
26717979,325,Active,4,32,2015-01-26 00:50:13.0386,80884
26717980,326,Active,6,19,2015-01-26 00:50:13.044679,80884
26717981,1,Active,11,28,2015-01-26 01:00:05.50894,80885
26717982,2,Active,3,29,2015-01-26 01:00:05.518788,80885
26717983,3,Active,4,21,2015-01-26 01:00:05.525356,80885
26717984,4,Active,4,57,2015-01-26 01:00:05.529715,80885
26717985,5,Active,6,31,2015-01-26 01:00:05.534257,80885
26717986,6,Active,10,9,2015-01-26 01:00:05.539717,80885
26717987,7,Active,10,9,2015-01-26 01:00:05.544087,80885
26717988,8,Active,19,12,2015-01-26 01:00:05.548348,80885
26717989,9,Active,13,17,2015-01-26 01:00:05.552509,80885
26717990,10,Active,5,41,2015-01-26 01:00:05.55674,80885
26717991,11,Active,7,17,2015-01-26 01:00:05.56105,80885
26717992,12,Active,1,18,2015-01-26 01:00:05.565299,80885
26717993,13,Active,5,33,2015-01-26 01:00:05.570583,80885
26717994,14,Active,15,17,2015-01-26 01:00:05.575007,80885
26717995,15,Active,1,29,2015-01-26 01:00:05.579736,80885
26717996,16,Active,0,33,2015-01-26 01:00:05.584031,80885
26717997,17,Active,4,25,2015-01-26 01:00:05.588432,80885
26717998,18,Active,2,47,2015-01-26 01:00:05.592731,80885
26717999,19,Active,17,6,2015-01-26 01:00:05.597017,80885
26718000,20,Active,5,19,2015-01-26 01:00:05.601793,80885
26718001,21,Active,4,31,2015-01-26 01:00:05.607428,80885
26718002,22,Active,11,35,2015-01-26 01:00:05.611899,80885
26718003,23,Active,4,41,2015-01-26 01:00:05.616046,80885
26718004,24,Active,11,35,2015-01-26 01:00:05.621264,80885
26718005,25,Active,29,21,2015-01-26 01:00:05.625523,80885
26718006,26,Active,2,28,2015-01-26 01:00:05.633361,80885
26718007,27,Active,2,43,2015-01-26 01:00:05.637636,80885
26718008,28,Active,9,18,2015-01-26 01:00:05.644074,80885
26718009,29,Active,0,23,2015-01-26 01:00:05.649373,80885
26718010,30,Active,13,25,2015-01-26 01:00:05.653486,80885
26718011,31,Active,3,35,2015-01-26 01:00:05.657478,80885
26718012,32,Active,1,32,2015-01-26 01:00:05.6619,80885
26718013,33,Active,6,24,2015-01-26 01:00:05.666368,80885
26718014,34,Active,17,19,2015-01-26 01:00:05.67053,80885
26718015,35,Active,8,47,2015-01-26 01:00:05.675715,80885
26718016,36,Active,4,20,2015-01-26 01:00:05.679913,80885
26718017,37,Active,3,20,2015-01-26 01:00:05.685319,80885
26718018,38,Active,3,35,2015-01-26 01:00:05.689494,80885
26718019,39,Active,0,39,2015-01-26 01:00:05.693595,80885
26718020,40,Active,10,29,2015-01-26 01:00:05.698017,80885
26718021,41,Active,13,17,2015-01-26 01:00:05.703011,80885
26718022,42,Active,3,28,2015-01-26 01:00:05.707402,80885
26718023,43,Active,0,23,2015-01-26 01:00:05.711488,80885
26718024,44,Active,8,15,2015-01-26 01:00:05.716384,80885
26718025,45,Active,20,10,2015-01-26 01:00:05.720814,80885
26718026,46,Active,4,27,2015-01-26 01:00:05.725397,80885
26718027,47,Active,2,21,2015-01-26 01:00:05.729599,80885
26718028,48,Active,3,16,2015-01-26 01:00:05.733681,80885
26718029,49,Active,0,23,2015-01-26 01:00:05.737775,80885
26718030,50,Active,2,25,2015-01-26 01:00:05.742408,80885
26718031,51,Active,9,30,2015-01-26 01:00:05.748186,80885
26718032,52,Active,10,17,2015-01-26 01:00:05.753597,80885
26718033,53,Active,7,25,2015-01-26 01:00:05.757564,80885
26718034,54,Inactive,0,3,2015-01-26 01:00:05.763148,80885
26718035,55,Active,6,25,2015-01-26 01:00:05.769357,80885
26718036,56,Active,14,25,2015-01-26 01:00:05.796903,80885
26718037,57,Active,0,22,2015-01-26 01:00:05.803015,80885
26718038,58,Active,7,31,2015-01-26 01:00:05.807985,80885
26718039,59,Active,3,32,2015-01-26 01:00:05.813805,80885
26718040,60,Active,8,19,2015-01-26 01:00:05.819109,80885
26718041,61,Active,2,20,2015-01-26 01:00:05.824199,80885
26718042,62,Active,3,27,2015-01-26 01:00:05.829146,80885
26718043,63,Active,3,24,2015-01-26 01:00:05.8351,80885
26718044,64,Active,4,31,2015-01-26 01:00:05.840367,80885
26718045,65,Active,2,22,2015-01-26 01:00:05.845455,80885
26718046,66,Active,32,25,2015-01-26 01:00:05.850481,80885
26718047,67,Active,10,16,2015-01-26 01:00:05.855546,80885
26718048,68,Active,0,23,2015-01-26 01:00:05.860978,80885
26718049,69,Active,17,12,2015-01-26 01:00:05.866647,80885
26718050,70,Active,10,21,2015-01-26 01:00:05.8722,80885
26718051,71,Active,0,18,2015-01-26 01:00:05.877837,80885
26718052,72,Active,1,21,2015-01-26 01:00:05.884458,80885
26718053,73,Active,0,18,2015-01-26 01:00:05.889561,80885
26718054,74,Active,11,25,2015-01-26 01:00:05.895035,80885
26718055,75,Active,4,26,2015-01-26 01:00:05.90098,80885
26718056,76,Active,13,46,2015-01-26 01:00:05.906363,80885
26718057,77,Active,4,23,2015-01-26 01:00:05.911264,80885
26718058,78,Active,6,35,2015-01-26 01:00:05.916291,80885
26718059,79,Active,12,34,2015-01-26 01:00:05.921213,80885
26718060,80,Active,3,15,2015-01-26 01:00:05.925967,80885
26718061,81,Active,1,28,2015-01-26 01:00:05.930914,80885
26718062,82,Active,0,20,2015-01-26 01:00:05.937041,80885
26718063,83,Active,17,36,2015-01-26 01:00:05.942848,80885
26718064,84,Active,2,28,2015-01-26 01:00:05.948049,80885
26718065,85,Active,2,22,2015-01-26 01:00:05.953047,80885
26718066,86,Active,4,30,2015-01-26 01:00:05.958093,80885
26718067,87,Active,9,16,2015-01-26 01:00:05.963322,80885
26718068,88,Active,4,31,2015-01-26 01:00:05.969374,80885
26718069,89,Active,18,35,2015-01-26 01:00:05.974089,80885
26718070,90,Active,22,15,2015-01-26 01:00:05.979291,80885
26718071,91,Active,6,17,2015-01-26 01:00:05.984354,80885
26718072,92,Active,14,17,2015-01-26 01:00:05.989293,80885
26718073,93,Active,4,32,2015-01-26 01:00:05.994354,80885
26718074,94,Active,20,12,2015-01-26 01:00:06.003066,80885
26718075,95,Active,7,30,2015-01-26 01:00:06.013912,80885
26718076,96,Active,9,22,2015-01-26 01:00:06.023267,80885
26718077,97,Active,3,24,2015-01-26 01:00:06.028741,80885
26718078,98,Active,0,41,2015-01-26 01:00:06.039113,80885
26718079,99,Active,22,11,2015-01-26 01:00:06.044736,80885
26718080,100,Active,4,26,2015-01-26 01:00:06.050449,80885
26718081,101,Active,14,15,2015-01-26 01:00:06.055526,80885
26718082,102,Active,18,4,2015-01-26 01:00:06.061082,80885
26718083,103,Active,3,36,2015-01-26 01:00:06.066179,80885
26718084,104,Active,9,19,2015-01-26 01:00:06.071195,80885
26718085,105,Active,1,42,2015-01-26 01:00:06.078541,80885
26718086,106,Active,12,15,2015-01-26 01:00:06.083561,80885
26718087,107,Active,3,27,2015-01-26 01:00:06.088484,80885
26718088,108,Inactive,0,3,2015-01-26 01:00:06.093498,80885
26718089,109,Active,1,37,2015-01-26 01:00:06.098355,80885
26718090,110,Active,0,27,2015-01-26 01:00:06.103562,80885
26718091,111,Active,3,26,2015-01-26 01:00:06.109057,80885
26718092,112,Inactive,14,25,2015-01-26 01:00:06.139152,80885
26718093,113,Active,25,25,2015-01-26 01:00:06.146235,80885
26718094,114,Active,5,29,2015-01-26 01:00:06.152638,80885
26718095,115,Active,2,25,2015-01-26 01:00:06.159928,80885
26718096,116,Active,2,37,2015-01-26 01:00:06.165654,80885
26718097,117,Active,7,16,2015-01-26 01:00:06.174558,80885
26718098,118,Active,2,29,2015-01-26 01:00:06.183391,80885
26718099,119,Active,1,38,2015-01-26 01:00:06.189091,80885
26718100,120,Active,1,26,2015-01-26 01:00:06.19815,80885
26718101,121,Active,9,15,2015-01-26 01:00:06.205427,80885
26718102,122,Active,7,24,2015-01-26 01:00:06.212631,80885
26718103,123,Active,1,25,2015-01-26 01:00:06.220986,80885
26718104,124,Active,6,30,2015-01-26 01:00:06.231186,80885
26718105,125,Active,4,33,2015-01-26 01:00:06.24005,80885
26718106,126,Active,5,19,2015-01-26 01:00:06.248658,80885
26718107,127,Active,2,24,2015-01-26 01:00:06.257999,80885
26718108,128,Active,11,8,2015-01-26 01:00:06.263446,80885
26718109,129,Active,7,20,2015-01-26 01:00:06.270578,80885
26718110,130,Active,5,18,2015-01-26 01:00:06.27559,80885
26718111,131,Active,3,20,2015-01-26 01:00:06.283841,80885
26718112,132,Active,1,34,2015-01-26 01:00:06.292736,80885
26718113,133,Active,2,25,2015-01-26 01:00:06.298512,80885
26718114,134,Active,8,25,2015-01-26 01:00:06.303664,80885
26718115,135,Active,10,32,2015-01-26 01:00:06.308435,80885
26718116,136,Active,1,22,2015-01-26 01:00:06.313689,80885
26718117,137,Active,0,28,2015-01-26 01:00:06.321889,80885
26718118,138,Active,9,29,2015-01-26 01:00:06.330328,80885
26718119,139,Active,1,35,2015-01-26 01:00:06.335548,80885
26718120,140,Active,16,10,2015-01-26 01:00:06.340852,80885
26718121,141,Active,5,18,2015-01-26 01:00:06.34761,80885
26718122,142,Active,10,32,2015-01-26 01:00:06.352765,80885
26718123,143,Active,2,20,2015-01-26 01:00:06.358025,80885
26718124,144,Active,11,16,2015-01-26 01:00:06.362708,80885
26718125,145,Active,5,30,2015-01-26 01:00:06.368508,80885
26718126,146,Active,20,35,2015-01-26 01:00:06.373775,80885
26718127,147,Active,1,38,2015-01-26 01:00:06.378942,80885
26718128,148,Active,2,41,2015-01-26 01:00:06.38394,80885
26718129,149,Active,2,54,2015-01-26 01:00:06.388842,80885
26718130,150,Active,18,28,2015-01-26 01:00:06.393662,80885
26718131,151,Active,0,27,2015-01-26 01:00:06.39871,80885
26718132,152,Active,3,28,2015-01-26 01:00:06.403672,80885
26718133,153,Active,5,28,2015-01-26 01:00:06.408867,80885
26718134,154,Active,13,21,2015-01-26 01:00:06.41403,80885
26718135,155,Active,16,21,2015-01-26 01:00:06.418834,80885
26718136,156,Active,5,29,2015-01-26 01:00:06.424029,80885
26718137,157,Active,2,25,2015-01-26 01:00:06.429152,80885
26718138,158,Active,7,12,2015-01-26 01:00:06.434236,80885
26718139,159,Active,4,26,2015-01-26 01:00:06.439108,80885
26718140,160,Active,2,39,2015-01-26 01:00:06.444509,80885
26718141,161,Active,2,44,2015-01-26 01:00:06.451924,80885
26718142,162,Active,4,38,2015-01-26 01:00:06.456625,80885
26718143,163,Active,21,17,2015-01-26 01:00:06.46185,80885
26718144,164,Active,9,27,2015-01-26 01:00:06.467223,80885
26718145,165,Active,13,26,2015-01-26 01:00:06.471986,80885
26718146,166,Active,9,22,2015-01-26 01:00:06.476945,80885
26718147,167,Active,5,24,2015-01-26 01:00:06.481993,80885
26718148,168,Active,10,32,2015-01-26 01:00:06.513533,80885
26718149,169,Active,0,38,2015-01-26 01:00:06.520418,80885
26718150,170,Active,2,32,2015-01-26 01:00:06.525261,80885
26718151,171,Active,4,23,2015-01-26 01:00:06.530608,80885
26718152,172,Active,8,23,2015-01-26 01:00:06.53532,80885
26718153,173,Active,0,30,2015-01-26 01:00:06.543007,80885
26718154,174,Active,10,22,2015-01-26 01:00:06.548378,80885
26718155,175,Active,10,21,2015-01-26 01:00:06.553458,80885
26718156,176,Active,12,20,2015-01-26 01:00:06.559906,80885
26718157,177,Active,3,26,2015-01-26 01:00:06.5648,80885
26718158,178,Active,8,17,2015-01-26 01:00:06.569762,80885
26718159,179,Active,11,15,2015-01-26 01:00:06.574572,80885
26718160,180,Active,3,28,2015-01-26 01:00:06.580997,80885
26718161,181,Active,1,25,2015-01-26 01:00:06.585993,80885
26718162,182,Active,1,14,2015-01-26 01:00:06.591064,80885
26718163,183,Active,4,35,2015-01-26 01:00:06.597689,80885
26718164,184,Active,18,24,2015-01-26 01:00:06.602729,80885
26718165,185,Active,12,19,2015-01-26 01:00:06.608642,80885
26718166,186,Active,20,18,2015-01-26 01:00:06.6137,80885
26718167,187,Active,12,27,2015-01-26 01:00:06.618618,80885
26718168,188,Active,4,29,2015-01-26 01:00:06.624048,80885
26718169,189,Active,5,37,2015-01-26 01:00:06.630102,80885
26718170,190,Active,7,15,2015-01-26 01:00:06.636509,80885
26718171,191,Active,4,15,2015-01-26 01:00:06.64272,80885
26718172,192,Active,6,28,2015-01-26 01:00:06.64996,80885
26718173,193,Active,7,15,2015-01-26 01:00:06.659022,80885
26718174,194,Active,0,29,2015-01-26 01:00:06.664377,80885
26718175,195,Active,13,9,2015-01-26 01:00:06.669895,80885
26718176,196,Active,15,27,2015-01-26 01:00:06.676178,80885
26718177,197,Active,2,29,2015-01-26 01:00:06.681974,80885
26718178,198,Active,4,19,2015-01-26 01:00:06.687835,80885
26718179,199,Active,8,15,2015-01-26 01:00:06.693824,80885
26718180,200,Active,3,20,2015-01-26 01:00:06.703579,80885
26718181,201,Active,0,23,2015-01-26 01:00:06.708768,80885
26718182,202,Active,2,16,2015-01-26 01:00:06.714132,80885
26718183,203,Active,6,48,2015-01-26 01:00:06.720722,80885
26718184,204,Active,0,39,2015-01-26 01:00:06.727054,80885
26718185,205,Active,8,23,2015-01-26 01:00:06.732395,80885
26718186,206,Active,8,38,2015-01-26 01:00:06.737189,80885
26718187,207,Active,1,30,2015-01-26 01:00:06.742427,80885
26718188,208,Active,9,18,2015-01-26 01:00:06.748068,80885
26718189,209,Active,6,24,2015-01-26 01:00:06.752898,80885
26718190,210,Active,7,23,2015-01-26 01:00:06.75891,80885
26718191,211,Active,9,29,2015-01-26 01:00:06.763777,80885
26718192,212,Active,8,19,2015-01-26 01:00:06.768587,80885
26718193,213,Active,5,39,2015-01-26 01:00:06.773484,80885
26718194,214,Active,2,25,2015-01-26 01:00:06.781884,80885
26718195,215,Active,0,24,2015-01-26 01:00:06.788312,80885
26718196,216,Active,5,20,2015-01-26 01:00:06.794912,80885
26718197,217,Active,6,33,2015-01-26 01:00:06.800584,80885
26718198,218,Active,4,28,2015-01-26 01:00:06.805611,80885
26718199,219,Active,5,30,2015-01-26 01:00:06.810696,80885
26718200,220,Active,21,30,2015-01-26 01:00:06.816942,80885
26718201,221,Active,1,22,2015-01-26 01:00:06.822056,80885
26718202,222,Active,10,42,2015-01-26 01:00:06.827763,80885
26718203,223,Active,8,33,2015-01-26 01:00:06.832677,80885
26718204,224,Active,10,27,2015-01-26 01:00:06.860252,80885
26718205,225,Active,16,14,2015-01-26 01:00:06.865823,80885
26718206,226,Active,5,26,2015-01-26 01:00:06.871508,80885
26718207,227,Active,1,28,2015-01-26 01:00:06.876528,80885
26718208,228,Active,4,55,2015-01-26 01:00:06.881992,80885
26718209,229,Active,32,6,2015-01-26 01:00:06.887634,80885
26718210,230,Active,11,24,2015-01-26 01:00:06.8924,80885
26718211,231,Active,11,24,2015-01-26 01:00:06.897206,80885
26718212,232,Active,18,16,2015-01-26 01:00:06.902578,80885
26718213,233,Active,1,38,2015-01-26 01:00:06.907773,80885
26718214,234,Active,3,28,2015-01-26 01:00:06.913581,80885
26718215,235,Active,33,14,2015-01-26 01:00:06.920145,80885
26718216,236,Active,16,6,2015-01-26 01:00:06.925352,80885
26718217,237,Active,9,29,2015-01-26 01:00:06.9305,80885
26718218,238,Active,20,26,2015-01-26 01:00:06.935754,80885
26718219,239,Active,22,0,2015-01-26 01:00:06.943182,80885
26718220,240,Active,29,29,2015-01-26 01:00:06.948018,80885
26718221,241,Active,9,30,2015-01-26 01:00:06.953871,80885
26718222,242,Active,15,20,2015-01-26 01:00:06.959468,80885
26718223,243,Active,14,20,2015-01-26 01:00:06.964519,80885
26718224,244,Active,2,56,2015-01-26 01:00:06.969909,80885
26718225,245,Active,0,57,2015-01-26 01:00:06.974773,80885
26718226,246,Active,4,32,2015-01-26 01:00:06.981032,80885
26718227,247,Active,5,26,2015-01-26 01:00:06.98645,80885
26718228,248,Active,1,39,2015-01-26 01:00:06.992495,80885
26718229,249,Active,19,22,2015-01-26 01:00:06.998165,80885
26718230,250,Active,16,31,2015-01-26 01:00:07.004401,80885
26718231,251,Active,1,36,2015-01-26 01:00:07.009567,80885
26718232,252,Active,2,43,2015-01-26 01:00:07.015405,80885
26718233,253,Active,33,25,2015-01-26 01:00:07.021564,80885
26718234,254,Active,3,28,2015-01-26 01:00:07.028248,80885
26718235,255,Active,14,13,2015-01-26 01:00:07.034085,80885
26718236,256,Active,9,17,2015-01-26 01:00:07.039791,80885
26718237,257,Active,4,21,2015-01-26 01:00:07.044579,80885
26718238,258,Active,7,32,2015-01-26 01:00:07.049816,80885
26718239,259,Active,14,21,2015-01-26 01:00:07.055496,80885
26718240,260,Active,6,38,2015-01-26 01:00:07.060459,80885
26718241,261,Active,21,17,2015-01-26 01:00:07.065449,80885
26718242,262,Active,16,23,2015-01-26 01:00:07.074785,80885
26718243,263,Active,15,20,2015-01-26 01:00:07.07986,80885
26718244,264,Active,10,31,2015-01-26 01:00:07.08533,80885
26718245,265,Active,19,17,2015-01-26 01:00:07.090481,80885
26718246,266,Active,7,50,2015-01-26 01:00:07.095707,80885
26718247,267,Active,1,50,2015-01-26 01:00:07.100585,80885
26718248,268,Active,26,23,2015-01-26 01:00:07.105635,80885
26718249,269,Active,4,30,2015-01-26 01:00:07.111372,80885
26718250,270,Active,1,34,2015-01-26 01:00:07.11645,80885
26718251,271,Active,3,22,2015-01-26 01:00:07.121311,80885
26718252,272,Active,6,41,2015-01-26 01:00:07.126427,80885
26718253,273,Active,34,24,2015-01-26 01:00:07.133263,80885
26718254,274,Active,5,24,2015-01-26 01:00:07.138305,80885
26718255,275,Active,12,24,2015-01-26 01:00:07.143553,80885
26718256,276,Active,15,36,2015-01-26 01:00:07.1487,80885
26718257,277,Active,21,19,2015-01-26 01:00:07.153879,80885
26718258,330,Active,3,27,2015-01-26 01:00:07.159567,80885
26718259,278,Active,5,23,2015-01-26 01:00:07.164684,80885
26718260,279,Active,5,39,2015-01-26 01:00:07.192525,80885
26718261,280,Active,3,33,2015-01-26 01:00:07.198402,80885
26718262,281,Active,3,43,2015-01-26 01:00:07.20694,80885
26718263,282,Active,11,13,2015-01-26 01:00:07.213492,80885
26718264,283,Active,10,25,2015-01-26 01:00:07.220176,80885
26718265,284,Active,13,36,2015-01-26 01:00:07.226396,80885
26718266,285,Active,3,29,2015-01-26 01:00:07.232336,80885
26718267,286,Active,14,12,2015-01-26 01:00:07.238194,80885
26718268,287,Active,5,22,2015-01-26 01:00:07.24343,80885
26718269,288,Active,33,19,2015-01-26 01:00:07.248402,80885
26718270,289,Active,12,22,2015-01-26 01:00:07.25346,80885
26718271,290,Active,9,22,2015-01-26 01:00:07.25839,80885
26718272,291,Active,35,23,2015-01-26 01:00:07.263068,80885
26718273,292,Active,11,27,2015-01-26 01:00:07.268047,80885
26718274,293,Active,35,25,2015-01-26 01:00:07.273052,80885
26718275,294,Active,4,35,2015-01-26 01:00:07.277902,80885
26718276,295,Active,27,40,2015-01-26 01:00:07.283468,80885
26718277,296,Active,9,41,2015-01-26 01:00:07.289496,80885
26718278,297,Active,13,38,2015-01-26 01:00:07.294441,80885
26718279,298,Active,14,42,2015-01-26 01:00:07.299895,80885
26718280,299,Active,0,38,2015-01-26 01:00:07.309109,80885
26718281,300,Active,4,35,2015-01-26 01:00:07.314149,80885
26718282,301,Active,12,47,2015-01-26 01:00:07.322692,80885
26718283,302,Active,7,31,2015-01-26 01:00:07.329108,80885
26718284,303,Active,28,13,2015-01-26 01:00:07.334514,80885
26718285,304,Active,15,21,2015-01-26 01:00:07.341135,80885
26718286,305,Active,9,30,2015-01-26 01:00:07.349927,80885
26718287,306,Active,8,34,2015-01-26 01:00:07.354876,80885
26718288,307,Active,4,45,2015-01-26 01:00:07.360796,80885
26718289,308,Active,15,16,2015-01-26 01:00:07.366549,80885
26718290,309,Active,8,21,2015-01-26 01:00:07.371658,80885
26718291,310,Active,12,25,2015-01-26 01:00:07.376538,80885
26718292,311,Active,15,24,2015-01-26 01:00:07.381519,80885
26718293,312,Active,7,24,2015-01-26 01:00:07.386346,80885
26718294,313,Inactive,0,39,2015-01-26 01:00:07.391579,80885
26718295,314,Active,3,23,2015-01-26 01:00:07.39678,80885
26718296,315,Active,8,30,2015-01-26 01:00:07.402307,80885
26718297,316,Active,15,15,2015-01-26 01:00:07.407636,80885
26718298,317,Active,8,7,2015-01-26 01:00:07.413326,80885
26718299,318,Active,10,17,2015-01-26 01:00:07.419163,80885
26718300,319,Inactive,0,30,2015-01-26 01:00:07.42488,80885
26718301,320,Active,1,34,2015-01-26 01:00:07.429862,80885
26718302,321,Active,6,4,2015-01-26 01:00:07.435976,80885
26718303,322,Active,17,31,2015-01-26 01:00:07.442029,80885
26718304,332,Active,17,7,2015-01-26 01:00:07.447812,80885
26718305,327,Active,11,23,2015-01-26 01:00:07.453214,80885
26718306,328,Active,5,34,2015-01-26 01:00:07.459198,80885
26718307,331,Active,3,33,2015-01-26 01:00:07.464997,80885
26718308,323,Active,10,27,2015-01-26 01:00:07.469733,80885
26718309,324,Active,10,33,2015-01-26 01:00:07.477787,80885
26718310,329,Active,15,18,2015-01-26 01:00:07.482876,80885
26718311,325,Active,4,32,2015-01-26 01:00:07.488002,80885
26718312,326,Active,7,18,2015-01-26 01:00:07.493282,80885
26718313,1,Active,9,30,2015-01-26 01:10:05.790499,80886
26718314,2,Active,3,29,2015-01-26 01:10:05.801675,80886
26718315,3,Active,4,21,2015-01-26 01:10:05.806434,80886
26718316,4,Active,4,57,2015-01-26 01:10:05.811235,80886
26718317,5,Active,6,31,2015-01-26 01:10:05.815893,80886
26718318,6,Active,10,9,2015-01-26 01:10:05.820016,80886
26718319,7,Active,11,8,2015-01-26 01:10:05.82432,80886
26718320,8,Active,18,13,2015-01-26 01:10:05.828453,80886
26718321,9,Active,12,18,2015-01-26 01:10:05.832575,80886
26718322,10,Active,6,40,2015-01-26 01:10:05.836649,80886
26718323,11,Active,7,17,2015-01-26 01:10:05.841182,80886
26718324,12,Active,1,18,2015-01-26 01:10:05.845301,80886
26718325,13,Active,6,32,2015-01-26 01:10:05.84965,80886
26718326,14,Active,14,18,2015-01-26 01:10:05.853809,80886
26718327,15,Active,3,27,2015-01-26 01:10:05.858581,80886
26718328,16,Active,0,33,2015-01-26 01:10:05.86278,80886
26718329,17,Active,4,25,2015-01-26 01:10:05.866936,80886
26718330,18,Active,3,46,2015-01-26 01:10:05.870965,80886
26718331,19,Active,16,7,2015-01-26 01:10:05.875273,80886
26718332,20,Active,6,18,2015-01-26 01:10:05.879456,80886
26718333,21,Active,5,30,2015-01-26 01:10:05.883798,80886
26718334,22,Active,10,36,2015-01-26 01:10:05.887806,80886
26718335,23,Active,4,41,2015-01-26 01:10:05.892129,80886
26718336,24,Active,10,36,2015-01-26 01:10:05.896494,80886
26718337,25,Active,29,21,2015-01-26 01:10:05.90059,80886
26718338,26,Active,2,28,2015-01-26 01:10:05.904657,80886
26718339,27,Active,2,43,2015-01-26 01:10:05.909344,80886
26718340,28,Active,10,17,2015-01-26 01:10:05.913559,80886
26718341,29,Active,0,23,2015-01-26 01:10:05.917645,80886
26718342,30,Active,13,25,2015-01-26 01:10:05.92169,80886
26718343,31,Active,3,35,2015-01-26 01:10:05.925788,80886
26718344,32,Active,2,31,2015-01-26 01:10:05.929837,80886
26718345,33,Active,5,25,2015-01-26 01:10:05.934016,80886
26718346,34,Active,17,19,2015-01-26 01:10:05.938073,80886
26718347,35,Active,8,47,2015-01-26 01:10:05.942137,80886
26718348,36,Active,4,20,2015-01-26 01:10:05.946322,80886
26718349,37,Active,3,20,2015-01-26 01:10:05.950488,80886
26718350,38,Active,3,35,2015-01-26 01:10:05.956,80886
26718351,39,Active,0,39,2015-01-26 01:10:05.960061,80886
26718352,40,Active,10,29,2015-01-26 01:10:05.964204,80886
26718353,41,Active,13,17,2015-01-26 01:10:05.968232,80886
26718354,42,Active,3,28,2015-01-26 01:10:05.972301,80886
26718355,43,Active,0,23,2015-01-26 01:10:05.97646,80886
26718356,44,Active,8,15,2015-01-26 01:10:05.980868,80886
26718357,45,Active,20,10,2015-01-26 01:10:05.98503,80886
26718358,46,Active,4,27,2015-01-26 01:10:05.9893,80886
26718359,47,Active,2,21,2015-01-26 01:10:05.993378,80886
26718360,48,Active,4,15,2015-01-26 01:10:05.997532,80886
26718361,49,Active,0,23,2015-01-26 01:10:06.005512,80886
26718362,50,Active,2,25,2015-01-26 01:10:06.013303,80886
26718363,51,Active,9,30,2015-01-26 01:10:06.022811,80886
26718364,52,Active,10,17,2015-01-26 01:10:06.027109,80886
26718365,53,Active,7,25,2015-01-26 01:10:06.0368,80886
26718366,54,Inactive,0,3,2015-01-26 01:10:06.041061,80886
26718367,55,Active,6,25,2015-01-26 01:10:06.047307,80886
26718368,56,Active,13,26,2015-01-26 01:10:06.074458,80886
26718369,57,Active,0,22,2015-01-26 01:10:06.08012,80886
26718370,58,Active,7,31,2015-01-26 01:10:06.085424,80886
26718371,59,Active,3,32,2015-01-26 01:10:06.090392,80886
26718372,60,Active,7,20,2015-01-26 01:10:06.095489,80886
26718373,61,Active,2,20,2015-01-26 01:10:06.100346,80886
26718374,62,Active,3,27,2015-01-26 01:10:06.10534,80886
26718375,63,Active,4,23,2015-01-26 01:10:06.110284,80886
26718376,64,Active,4,31,2015-01-26 01:10:06.115247,80886
26718377,65,Active,1,23,2015-01-26 01:10:06.120199,80886
26718378,66,Active,32,25,2015-01-26 01:10:06.125414,80886
26718379,67,Active,10,16,2015-01-26 01:10:06.130751,80886
26718380,68,Active,0,23,2015-01-26 01:10:06.135551,80886
26718381,69,Active,17,12,2015-01-26 01:10:06.144006,80886
26718382,70,Active,10,21,2015-01-26 01:10:06.149162,80886
26718383,71,Active,0,18,2015-01-26 01:10:06.154065,80886
26718384,72,Active,1,21,2015-01-26 01:10:06.158924,80886
26718385,73,Active,0,18,2015-01-26 01:10:06.163817,80886
26718386,74,Active,12,24,2015-01-26 01:10:06.168686,80886
26718387,75,Active,4,26,2015-01-26 01:10:06.173841,80886
26718388,76,Active,13,46,2015-01-26 01:10:06.178939,80886
26718389,77,Active,4,23,2015-01-26 01:10:06.183828,80886
26718390,78,Active,6,35,2015-01-26 01:10:06.188721,80886
26718391,79,Active,11,35,2015-01-26 01:10:06.193889,80886
26718392,80,Active,3,15,2015-01-26 01:10:06.198798,80886
26718393,81,Active,1,28,2015-01-26 01:10:06.207905,80886
26718394,82,Active,0,20,2015-01-26 01:10:06.212886,80886
26718395,83,Active,15,38,2015-01-26 01:10:06.21823,80886
26718396,84,Active,2,28,2015-01-26 01:10:06.223192,80886
26718397,85,Active,2,22,2015-01-26 01:10:06.22798,80886
26718398,86,Active,3,31,2015-01-26 01:10:06.233057,80886
26718399,87,Active,9,16,2015-01-26 01:10:06.238441,80886
26718400,88,Active,4,31,2015-01-26 01:10:06.243083,80886
26718401,89,Active,18,35,2015-01-26 01:10:06.248158,80886
26718402,90,Active,21,16,2015-01-26 01:10:06.252846,80886
26718403,91,Active,7,16,2015-01-26 01:10:06.257874,80886
26718404,92,Active,14,17,2015-01-26 01:10:06.262865,80886
26718405,93,Active,6,30,2015-01-26 01:10:06.268493,80886
26718406,94,Active,20,12,2015-01-26 01:10:06.27337,80886
26718407,95,Active,8,29,2015-01-26 01:10:06.278328,80886
26718408,96,Active,8,23,2015-01-26 01:10:06.283265,80886
26718409,97,Active,3,24,2015-01-26 01:10:06.290723,80886
26718410,98,Active,0,41,2015-01-26 01:10:06.296065,80886
26718411,99,Active,21,12,2015-01-26 01:10:06.301029,80886
26718412,100,Active,4,26,2015-01-26 01:10:06.306006,80886
26718413,101,Active,14,15,2015-01-26 01:10:06.311891,80886
26718414,102,Active,18,4,2015-01-26 01:10:06.316955,80886
26718415,103,Active,3,36,2015-01-26 01:10:06.322696,80886
26718416,104,Active,9,19,2015-01-26 01:10:06.327774,80886
26718417,105,Active,1,42,2015-01-26 01:10:06.332841,80886
26718418,106,Active,13,14,2015-01-26 01:10:06.337631,80886
26718419,107,Active,3,27,2015-01-26 01:10:06.343087,80886
26718420,108,Inactive,0,3,2015-01-26 01:10:06.348021,80886
26718421,109,Active,1,37,2015-01-26 01:10:06.352883,80886
26718422,110,Active,0,27,2015-01-26 01:10:06.357957,80886
26718423,111,Active,3,26,2015-01-26 01:10:06.362554,80886
26718424,112,Inactive,14,25,2015-01-26 01:10:06.388009,80886
26718425,113,Active,23,27,2015-01-26 01:10:06.393576,80886
26718426,114,Active,5,29,2015-01-26 01:10:06.398514,80886
26718427,115,Active,3,24,2015-01-26 01:10:06.403756,80886
26718428,116,Active,2,37,2015-01-26 01:10:06.409686,80886
26718429,117,Active,6,17,2015-01-26 01:10:06.414607,80886
26718430,118,Active,3,28,2015-01-26 01:10:06.419518,80886
26718431,119,Active,1,38,2015-01-26 01:10:06.424934,80886
26718432,120,Active,0,27,2015-01-26 01:10:06.429853,80886
26718433,121,Active,9,15,2015-01-26 01:10:06.437905,80886
26718434,122,Active,6,25,2015-01-26 01:10:06.444566,80886
26718435,123,Active,1,25,2015-01-26 01:10:06.454931,80886
26718436,124,Active,5,31,2015-01-26 01:10:06.463395,80886
26718437,125,Active,4,33,2015-01-26 01:10:06.468487,80886
26718438,126,Active,4,20,2015-01-26 01:10:06.473205,80886
26718439,127,Active,3,23,2015-01-26 01:10:06.477984,80886
26718440,128,Active,11,8,2015-01-26 01:10:06.483231,80886
26718441,129,Active,7,20,2015-01-26 01:10:06.488054,80886
26718442,130,Active,5,18,2015-01-26 01:10:06.492987,80886
26718443,131,Active,2,21,2015-01-26 01:10:06.497711,80886
26718444,132,Active,1,34,2015-01-26 01:10:06.502794,80886
26718445,133,Active,4,23,2015-01-26 01:10:06.508037,80886
26718446,134,Active,7,26,2015-01-26 01:10:06.513891,80886
26718447,135,Active,9,33,2015-01-26 01:10:06.519008,80886
26718448,136,Active,1,22,2015-01-26 01:10:06.524285,80886
26718449,137,Active,0,28,2015-01-26 01:10:06.529274,80886
26718450,138,Active,9,29,2015-01-26 01:10:06.535856,80886
26718451,139,Active,1,35,2015-01-26 01:10:06.541254,80886
26718452,140,Active,16,10,2015-01-26 01:10:06.546453,80886
26718453,141,Active,5,18,2015-01-26 01:10:06.551259,80886
26718454,142,Active,10,32,2015-01-26 01:10:06.556471,80886
26718455,143,Active,2,20,2015-01-26 01:10:06.561581,80886
26718456,144,Active,11,16,2015-01-26 01:10:06.566776,80886
26718457,145,Active,5,30,2015-01-26 01:10:06.571904,80886
26718458,146,Active,20,35,2015-01-26 01:10:06.576876,80886
26718459,147,Active,1,38,2015-01-26 01:10:06.581998,80886
26718460,148,Active,2,41,2015-01-26 01:10:06.58736,80886
26718461,149,Active,2,54,2015-01-26 01:10:06.592361,80886
26718462,150,Active,18,28,2015-01-26 01:10:06.597291,80886
26718463,151,Active,0,27,2015-01-26 01:10:06.602287,80886
26718464,152,Active,3,28,2015-01-26 01:10:06.607354,80886
26718465,153,Active,5,28,2015-01-26 01:10:06.612607,80886
26718466,154,Active,12,22,2015-01-26 01:10:06.617545,80886
26718467,155,Active,16,21,2015-01-26 01:10:06.622475,80886
26718468,156,Active,5,29,2015-01-26 01:10:06.627578,80886
26718469,157,Active,2,25,2015-01-26 01:10:06.632563,80886
26718470,158,Active,7,12,2015-01-26 01:10:06.637699,80886
26718471,159,Active,5,25,2015-01-26 01:10:06.64368,80886
26718472,160,Active,2,39,2015-01-26 01:10:06.651899,80886
26718473,161,Active,3,43,2015-01-26 01:10:06.657948,80886
26718474,162,Active,4,38,2015-01-26 01:10:06.662906,80886
26718475,163,Active,20,18,2015-01-26 01:10:06.667919,80886
26718476,164,Active,8,28,2015-01-26 01:10:06.672927,80886
26718477,165,Active,13,26,2015-01-26 01:10:06.67793,80886
26718478,166,Active,9,21,2015-01-26 01:10:06.68299,80886
26718479,167,Active,6,23,2015-01-26 01:10:06.688205,80886
26718480,168,Active,10,32,2015-01-26 01:10:06.714591,80886
26718481,169,Active,0,38,2015-01-26 01:10:06.720517,80886
26718482,170,Active,2,32,2015-01-26 01:10:06.727136,80886
26718483,171,Active,4,23,2015-01-26 01:10:06.732007,80886
26718484,172,Active,8,23,2015-01-26 01:10:06.736977,80886
26718485,173,Active,0,30,2015-01-26 01:10:06.741956,80886
26718486,174,Active,10,22,2015-01-26 01:10:06.747831,80886
26718487,175,Active,10,21,2015-01-26 01:10:06.753005,80886
26718488,176,Active,12,20,2015-01-26 01:10:06.758023,80886
26718489,177,Active,3,26,2015-01-26 01:10:06.763289,80886
26718490,178,Active,8,17,2015-01-26 01:10:06.768493,80886
26718491,179,Active,11,15,2015-01-26 01:10:06.774604,80886
26718492,180,Active,3,28,2015-01-26 01:10:06.780708,80886
26718493,181,Active,0,26,2015-01-26 01:10:06.78623,80886
26718494,182,Active,1,14,2015-01-26 01:10:06.793181,80886
26718495,183,Active,5,34,2015-01-26 01:10:06.800244,80886
26718496,184,Active,18,24,2015-01-26 01:10:06.805225,80886
26718497,185,Active,12,19,2015-01-26 01:10:06.810318,80886
26718498,186,Active,19,19,2015-01-26 01:10:06.815115,80886
26718499,187,Active,13,26,2015-01-26 01:10:06.820408,80886
26718500,188,Active,4,29,2015-01-26 01:10:06.825449,80886
26718501,189,Active,5,37,2015-01-26 01:10:06.830442,80886
26718502,190,Active,7,15,2015-01-26 01:10:06.835474,80886
26718503,191,Active,4,15,2015-01-26 01:10:06.840283,80886
26718504,192,Active,4,30,2015-01-26 01:10:06.845149,80886
26718505,193,Active,7,15,2015-01-26 01:10:06.850109,80886
26718506,194,Active,0,29,2015-01-26 01:10:06.854765,80886
26718507,195,Active,13,9,2015-01-26 01:10:06.859813,80886
26718508,196,Active,15,27,2015-01-26 01:10:06.864835,80886
26718509,197,Active,2,29,2015-01-26 01:10:06.869517,80886
26718510,198,Active,4,19,2015-01-26 01:10:06.874403,80886
26718511,199,Active,8,15,2015-01-26 01:10:06.879405,80886
26718512,200,Active,3,20,2015-01-26 01:10:06.884987,80886
26718513,201,Active,0,23,2015-01-26 01:10:06.890676,80886
26718514,202,Active,2,16,2015-01-26 01:10:06.895935,80886
26718515,203,Active,6,48,2015-01-26 01:10:06.902433,80886
26718516,204,Active,0,39,2015-01-26 01:10:06.907844,80886
26718517,205,Active,8,23,2015-01-26 01:10:06.913726,80886
26718518,206,Active,8,38,2015-01-26 01:10:06.918712,80886
26718519,207,Active,1,30,2015-01-26 01:10:06.924573,80886
26718520,208,Active,8,19,2015-01-26 01:10:06.929539,80886
26718521,209,Active,6,24,2015-01-26 01:10:06.934616,80886
26718522,210,Active,6,24,2015-01-26 01:10:06.939678,80886
26718523,211,Active,9,29,2015-01-26 01:10:06.94559,80886
26718524,212,Active,8,19,2015-01-26 01:10:06.950654,80886
26718525,213,Active,8,36,2015-01-26 01:10:06.955797,80886
26718526,214,Active,2,25,2015-01-26 01:10:06.960788,80886
26718527,215,Active,0,24,2015-01-26 01:10:06.965791,80886
26718528,216,Active,4,21,2015-01-26 01:10:06.970742,80886
26718529,217,Active,5,34,2015-01-26 01:10:06.975829,80886
26718530,218,Active,3,29,2015-01-26 01:10:06.980872,80886
26718531,219,Active,6,29,2015-01-26 01:10:06.985743,80886
26718532,220,Active,21,30,2015-01-26 01:10:06.990883,80886
26718533,221,Active,1,22,2015-01-26 01:10:06.996534,80886
26718534,222,Active,8,44,2015-01-26 01:10:07.002391,80886
26718535,223,Active,8,33,2015-01-26 01:10:07.00726,80886
26718536,224,Active,10,27,2015-01-26 01:10:07.035545,80886
26718537,225,Active,16,14,2015-01-26 01:10:07.041145,80886
26718538,226,Active,5,26,2015-01-26 01:10:07.045982,80886
26718539,227,Active,1,28,2015-01-26 01:10:07.051025,80886
26718540,228,Active,5,54,2015-01-26 01:10:07.056835,80886
26718541,229,Active,10,28,2015-01-26 01:10:07.063834,80886
26718542,230,Active,11,24,2015-01-26 01:10:07.069028,80886
26718543,231,Active,12,23,2015-01-26 01:10:07.0742,80886
26718544,232,Active,18,16,2015-01-26 01:10:07.07931,80886
26718545,233,Active,1,38,2015-01-26 01:10:07.084925,80886
26718546,234,Active,3,28,2015-01-26 01:10:07.09002,80886
26718547,235,Active,34,13,2015-01-26 01:10:07.095389,80886
26718548,236,Active,17,5,2015-01-26 01:10:07.100419,80886
26718549,237,Active,9,29,2015-01-26 01:10:07.105318,80886
26718550,238,Active,20,26,2015-01-26 01:10:07.110282,80886
26718551,239,Active,22,0,2015-01-26 01:10:07.11541,80886
26718552,240,Active,29,29,2015-01-26 01:10:07.120613,80886
26718553,241,Active,9,30,2015-01-26 01:10:07.125908,80886
26718554,242,Active,15,20,2015-01-26 01:10:07.132136,80886
26718555,243,Active,14,20,2015-01-26 01:10:07.136845,80886
26718556,244,Active,4,53,2015-01-26 01:10:07.141629,80886
26718557,245,Active,0,57,2015-01-26 01:10:07.146583,80886
26718558,246,Active,3,33,2015-01-26 01:10:07.151712,80886
26718559,247,Active,4,27,2015-01-26 01:10:07.156624,80886
26718560,248,Active,1,39,2015-01-26 01:10:07.161789,80886
26718561,249,Active,18,23,2015-01-26 01:10:07.166902,80886
26718562,250,Active,16,31,2015-01-26 01:10:07.172135,80886
26718563,251,Active,2,35,2015-01-26 01:10:07.178486,80886
26718564,252,Active,2,43,2015-01-26 01:10:07.183334,80886
26718565,253,Active,33,25,2015-01-26 01:10:07.188325,80886
26718566,254,Active,3,28,2015-01-26 01:10:07.193582,80886
26718567,255,Active,14,13,2015-01-26 01:10:07.198577,80886
26718568,256,Active,9,17,2015-01-26 01:10:07.20355,80886
26718569,257,Active,4,21,2015-01-26 01:10:07.20861,80886
26718570,258,Active,7,32,2015-01-26 01:10:07.213525,80886
26718571,259,Active,16,19,2015-01-26 01:10:07.218507,80886
26718572,260,Active,5,39,2015-01-26 01:10:07.223742,80886
26718573,261,Active,21,17,2015-01-26 01:10:07.22896,80886
26718574,262,Active,17,22,2015-01-26 01:10:07.234584,80886
26718575,263,Active,15,20,2015-01-26 01:10:07.239717,80886
26718576,264,Active,10,31,2015-01-26 01:10:07.244641,80886
26718577,265,Active,18,18,2015-01-26 01:10:07.249541,80886
26718578,266,Active,7,50,2015-01-26 01:10:07.254814,80886
26718579,267,Active,1,50,2015-01-26 01:10:07.260693,80886
26718580,268,Active,26,23,2015-01-26 01:10:07.265833,80886
26718581,269,Active,4,30,2015-01-26 01:10:07.271,80886
26718582,270,Active,1,34,2015-01-26 01:10:07.276497,80886
26718583,271,Active,4,21,2015-01-26 01:10:07.282958,80886
26718584,272,Active,6,41,2015-01-26 01:10:07.288013,80886
26718585,273,Active,33,25,2015-01-26 01:10:07.293697,80886
26718586,274,Active,6,23,2015-01-26 01:10:07.298754,80886
26718587,275,Active,13,23,2015-01-26 01:10:07.303753,80886
26718588,276,Active,16,35,2015-01-26 01:10:07.309107,80886
26718589,277,Active,21,19,2015-01-26 01:10:07.314135,80886
26718590,330,Active,3,27,2015-01-26 01:10:07.31921,80886
26718591,278,Active,3,25,2015-01-26 01:10:07.324356,80886
26718592,279,Active,7,37,2015-01-26 01:10:07.352549,80886
26718593,280,Active,4,32,2015-01-26 01:10:07.358398,80886
26718594,281,Active,4,42,2015-01-26 01:10:07.363586,80886
26718595,282,Active,8,16,2015-01-26 01:10:07.368589,80886
26718596,283,Active,8,27,2015-01-26 01:10:07.374104,80886
26718597,284,Active,13,36,2015-01-26 01:10:07.379535,80886
26718598,285,Active,3,29,2015-01-26 01:10:07.384957,80886
26718599,286,Active,15,11,2015-01-26 01:10:07.390023,80886
26718600,287,Active,4,23,2015-01-26 01:10:07.395085,80886
26718601,288,Active,33,19,2015-01-26 01:10:07.400271,80886
26718602,289,Active,11,23,2015-01-26 01:10:07.40615,80886
26718603,290,Active,9,22,2015-01-26 01:10:07.411363,80886
26718604,291,Active,35,23,2015-01-26 01:10:07.417117,80886
26718605,292,Active,11,27,2015-01-26 01:10:07.423783,80886
26718606,293,Active,35,25,2015-01-26 01:10:07.429198,80886
26718607,294,Active,4,35,2015-01-26 01:10:07.435462,80886
26718608,295,Active,27,40,2015-01-26 01:10:07.444076,80886
26718609,296,Active,9,41,2015-01-26 01:10:07.449857,80886
26718610,297,Active,13,38,2015-01-26 01:10:07.454946,80886
26718611,298,Active,14,42,2015-01-26 01:10:07.461267,80886
26718612,299,Active,0,38,2015-01-26 01:10:07.466762,80886
26718613,300,Active,5,34,2015-01-26 01:10:07.471888,80886
26718614,301,Active,13,46,2015-01-26 01:10:07.477013,80886
26718615,302,Active,8,30,2015-01-26 01:10:07.482143,80886
26718616,303,Active,28,13,2015-01-26 01:10:07.48716,80886
26718617,304,Active,15,21,2015-01-26 01:10:07.492314,80886
26718618,305,Active,9,30,2015-01-26 01:10:07.497368,80886
26718619,306,Active,9,33,2015-01-26 01:10:07.502408,80886
26718620,307,Active,4,45,2015-01-26 01:10:07.508845,80886
26718621,308,Active,13,18,2015-01-26 01:10:07.51381,80886
26718622,309,Active,7,22,2015-01-26 01:10:07.519927,80886
26718623,310,Active,11,26,2015-01-26 01:10:07.524839,80886
26718624,311,Active,15,24,2015-01-26 01:10:07.529613,80886
26718625,312,Active,7,24,2015-01-26 01:10:07.535253,80886
26718626,313,Inactive,0,39,2015-01-26 01:10:07.540144,80886
26718627,314,Active,2,24,2015-01-26 01:10:07.545182,80886
26718628,315,Active,8,30,2015-01-26 01:10:07.550253,80886
26718629,316,Active,15,15,2015-01-26 01:10:07.555581,80886
26718630,317,Active,8,7,2015-01-26 01:10:07.560481,80886
26718631,318,Active,11,16,2015-01-26 01:10:07.565494,80886
26718632,319,Inactive,0,30,2015-01-26 01:10:07.570537,80886
26718633,320,Active,1,34,2015-01-26 01:10:07.575421,80886
26718634,321,Active,6,4,2015-01-26 01:10:07.580461,80886
26718635,322,Active,17,31,2015-01-26 01:10:07.58557,80886
26718636,332,Active,17,7,2015-01-26 01:10:07.590738,80886
26718637,327,Active,11,23,2015-01-26 01:10:07.59685,80886
26718638,328,Active,5,34,2015-01-26 01:10:07.602655,80886
26718639,331,Active,3,33,2015-01-26 01:10:07.607877,80886
26718640,323,Active,10,27,2015-01-26 01:10:07.613066,80886
26718641,324,Active,9,33,2015-01-26 01:10:07.619219,80886
26718642,329,Active,15,18,2015-01-26 01:10:07.624251,80886
26718643,325,Active,4,32,2015-01-26 01:10:07.632102,80886
26718644,326,Active,6,19,2015-01-26 01:10:07.637112,80886
26718645,1,Active,9,30,2015-01-26 01:20:06.122428,80887
26718646,2,Active,3,29,2015-01-26 01:20:06.139345,80887
26718647,3,Active,4,21,2015-01-26 01:20:06.144761,80887
26718648,4,Active,4,57,2015-01-26 01:20:06.148942,80887
26718649,5,Active,8,29,2015-01-26 01:20:06.153523,80887
26718650,6,Active,10,9,2015-01-26 01:20:06.158577,80887
26718651,7,Active,12,7,2015-01-26 01:20:06.167335,80887
26718652,8,Active,18,13,2015-01-26 01:20:06.172451,80887
26718653,9,Active,12,18,2015-01-26 01:20:06.176879,80887
26718654,10,Active,6,40,2015-01-26 01:20:06.181694,80887
26718655,11,Active,7,17,2015-01-26 01:20:06.186135,80887
26718656,12,Active,1,18,2015-01-26 01:20:06.192423,80887
26718657,13,Active,7,31,2015-01-26 01:20:06.196891,80887
26718658,14,Active,14,18,2015-01-26 01:20:06.201149,80887
26718659,15,Active,5,25,2015-01-26 01:20:06.20518,80887
26718660,16,Active,0,33,2015-01-26 01:20:06.209226,80887
26718661,17,Active,4,25,2015-01-26 01:20:06.213863,80887
26718662,18,Active,3,46,2015-01-26 01:20:06.218228,80887
26718663,19,Active,16,7,2015-01-26 01:20:06.22273,80887
26718664,20,Active,7,17,2015-01-26 01:20:06.227226,80887
26718665,21,Active,6,29,2015-01-26 01:20:06.231755,80887
26718666,22,Active,10,36,2015-01-26 01:20:06.236221,80887
26718667,23,Active,4,41,2015-01-26 01:20:06.240845,80887
26718668,24,Active,10,36,2015-01-26 01:20:06.246006,80887
26718669,25,Active,29,21,2015-01-26 01:20:06.251767,80887
26718670,26,Active,2,28,2015-01-26 01:20:06.256884,80887
26718671,27,Active,3,42,2015-01-26 01:20:06.262146,80887
26718672,28,Active,10,17,2015-01-26 01:20:06.266942,80887
26718673,29,Active,1,22,2015-01-26 01:20:06.276717,80887
26718674,30,Active,13,25,2015-01-26 01:20:06.281099,80887
26718675,31,Active,3,35,2015-01-26 01:20:06.285597,80887
26718676,32,Active,3,30,2015-01-26 01:20:06.290011,80887
26718677,33,Active,5,25,2015-01-26 01:20:06.294958,80887
26718678,34,Active,17,19,2015-01-26 01:20:06.299609,80887
26718679,35,Active,8,47,2015-01-26 01:20:06.304191,80887
26718680,36,Active,4,20,2015-01-26 01:20:06.309253,80887
26718681,37,Active,3,20,2015-01-26 01:20:06.314394,80887
26718682,38,Active,3,35,2015-01-26 01:20:06.318954,80887
26718683,39,Active,0,39,2015-01-26 01:20:06.323947,80887
26718684,40,Active,10,29,2015-01-26 01:20:06.329174,80887
26718685,41,Active,13,17,2015-01-26 01:20:06.333708,80887
26718686,42,Active,3,28,2015-01-26 01:20:06.33884,80887
26718687,43,Active,0,23,2015-01-26 01:20:06.343183,80887
26718688,44,Active,9,14,2015-01-26 01:20:06.347741,80887
26718689,45,Active,20,10,2015-01-26 01:20:06.352978,80887
26718690,46,Active,4,27,2015-01-26 01:20:06.358782,80887
26718691,47,Active,2,21,2015-01-26 01:20:06.363034,80887
26718692,48,Active,4,15,2015-01-26 01:20:06.367703,80887
26718693,49,Active,0,23,2015-01-26 01:20:06.372193,80887
26718694,50,Active,4,23,2015-01-26 01:20:06.376464,80887
26718695,51,Active,7,32,2015-01-26 01:20:06.380766,80887
26718696,52,Active,11,16,2015-01-26 01:20:06.385173,80887
26718697,53,Active,6,26,2015-01-26 01:20:06.389941,80887
26718698,54,Inactive,0,3,2015-01-26 01:20:06.394423,80887
26718699,55,Active,6,25,2015-01-26 01:20:06.398836,80887
26718700,56,Active,11,28,2015-01-26 01:20:06.426704,80887
26718701,57,Active,0,22,2015-01-26 01:20:06.433625,80887
26718702,58,Active,7,31,2015-01-26 01:20:06.439336,80887
26718703,59,Active,3,32,2015-01-26 01:20:06.462949,80887
26718704,60,Active,7,20,2015-01-26 01:20:06.469347,80887
26718705,61,Active,2,20,2015-01-26 01:20:06.475182,80887
26718706,62,Active,3,27,2015-01-26 01:20:06.48061,80887
26718707,63,Active,4,23,2015-01-26 01:20:06.485917,80887
26718708,64,Active,6,29,2015-01-26 01:20:06.508763,80887
26718709,65,Active,1,23,2015-01-26 01:20:06.514427,80887
26718710,66,Active,32,25,2015-01-26 01:20:06.519886,80887
26718711,67,Active,10,16,2015-01-26 01:20:06.52577,80887
26718712,68,Active,2,21,2015-01-26 01:20:06.530923,80887
26718713,69,Active,17,12,2015-01-26 01:20:06.53675,80887
26718714,70,Active,10,21,2015-01-26 01:20:06.542084,80887
26718715,71,Active,0,18,2015-01-26 01:20:06.547518,80887
26718716,72,Active,1,21,2015-01-26 01:20:06.552573,80887
26718717,73,Active,0,18,2015-01-26 01:20:06.557734,80887
26718718,74,Active,12,24,2015-01-26 01:20:06.56505,80887
26718719,75,Active,5,25,2015-01-26 01:20:06.571032,80887
26718720,76,Active,13,46,2015-01-26 01:20:06.57599,80887
26718721,77,Active,4,23,2015-01-26 01:20:06.581141,80887
26718722,78,Active,4,37,2015-01-26 01:20:06.586863,80887
26718723,79,Active,11,35,2015-01-26 01:20:06.592241,80887
26718724,80,Active,3,15,2015-01-26 01:20:06.597695,80887
26718725,81,Active,1,28,2015-01-26 01:20:06.602922,80887
26718726,82,Active,1,19,2015-01-26 01:20:06.610283,80887
26718727,83,Active,16,37,2015-01-26 01:20:06.615623,80887
26718728,84,Active,1,29,2015-01-26 01:20:06.621093,80887
26718729,85,Active,3,21,2015-01-26 01:20:06.626382,80887
26718730,86,Active,1,33,2015-01-26 01:20:06.635554,80887
26718731,87,Active,7,18,2015-01-26 01:20:06.641357,80887
26718732,88,Active,4,31,2015-01-26 01:20:06.648278,80887
26718733,89,Active,18,35,2015-01-26 01:20:06.653542,80887
26718734,90,Active,6,30,2015-01-26 01:20:06.658969,80887
26718735,91,Active,7,16,2015-01-26 01:20:06.666602,80887
26718736,92,Active,13,18,2015-01-26 01:20:06.671731,80887
26718737,93,Active,6,30,2015-01-26 01:20:06.676907,80887
26718738,94,Active,19,13,2015-01-26 01:20:06.690062,80887
26718739,95,Active,8,29,2015-01-26 01:20:06.697169,80887
26718740,96,Active,9,22,2015-01-26 01:20:06.70257,80887
26718741,97,Active,4,23,2015-01-26 01:20:06.709521,80887
26718742,98,Active,1,40,2015-01-26 01:20:06.722512,80887
26718743,99,Active,19,14,2015-01-26 01:20:06.732394,80887
26718744,100,Active,5,25,2015-01-26 01:20:06.742537,80887
26718745,101,Active,13,16,2015-01-26 01:20:06.748723,80887
26718746,102,Active,17,5,2015-01-26 01:20:06.756605,80887
26718747,103,Active,2,37,2015-01-26 01:20:06.762414,80887
26718748,104,Active,9,19,2015-01-26 01:20:06.767866,80887
26718749,105,Active,1,42,2015-01-26 01:20:06.773106,80887
26718750,106,Active,13,14,2015-01-26 01:20:06.778688,80887
26718751,107,Active,3,27,2015-01-26 01:20:06.783997,80887
26718752,108,Inactive,0,3,2015-01-26 01:20:06.789142,80887
26718753,109,Active,1,37,2015-01-26 01:20:06.794887,80887
26718754,110,Active,0,27,2015-01-26 01:20:06.800587,80887
26718755,111,Active,3,26,2015-01-26 01:20:06.807697,80887
26718756,112,Inactive,14,25,2015-01-26 01:20:06.8351,80887
26718757,113,Active,23,27,2015-01-26 01:20:06.841757,80887
26718758,114,Active,5,29,2015-01-26 01:20:06.847005,80887
26718759,115,Active,4,23,2015-01-26 01:20:06.854611,80887
26718760,116,Active,2,37,2015-01-26 01:20:06.860461,80887
26718761,117,Active,6,17,2015-01-26 01:20:06.866391,80887
26718762,118,Active,3,28,2015-01-26 01:20:06.871823,80887
26718763,119,Active,0,39,2015-01-26 01:20:06.877616,80887
26718764,120,Active,0,27,2015-01-26 01:20:06.883137,80887
26718765,121,Active,9,15,2015-01-26 01:20:06.888396,80887
26718766,122,Active,5,26,2015-01-26 01:20:06.893431,80887
26718767,123,Active,0,26,2015-01-26 01:20:06.898365,80887
26718768,124,Active,5,31,2015-01-26 01:20:06.903166,80887
26718769,125,Active,4,33,2015-01-26 01:20:06.908281,80887
26718770,126,Active,4,20,2015-01-26 01:20:06.913634,80887
26718771,127,Active,3,23,2015-01-26 01:20:06.918804,80887
26718772,128,Active,11,8,2015-01-26 01:20:06.924044,80887
26718773,129,Active,8,19,2015-01-26 01:20:06.929257,80887
26718774,130,Active,5,18,2015-01-26 01:20:06.934328,80887
26718775,131,Active,2,21,2015-01-26 01:20:06.941715,80887
26718776,132,Active,2,33,2015-01-26 01:20:06.949679,80887
26718777,133,Active,4,23,2015-01-26 01:20:06.955975,80887
26718778,134,Active,7,26,2015-01-26 01:20:06.961246,80887
26718779,135,Active,10,32,2015-01-26 01:20:06.966984,80887
26718780,136,Active,1,22,2015-01-26 01:20:06.972205,80887
26718781,137,Active,0,28,2015-01-26 01:20:06.977239,80887
26718782,138,Active,9,29,2015-01-26 01:20:06.984404,80887
26718783,139,Active,1,35,2015-01-26 01:20:06.990903,80887
26718784,140,Active,15,11,2015-01-26 01:20:06.996275,80887
26718785,141,Active,5,18,2015-01-26 01:20:07.001717,80887
26718786,142,Active,9,33,2015-01-26 01:20:07.006862,80887
26718787,143,Active,3,19,2015-01-26 01:20:07.012781,80887
26718788,144,Active,11,16,2015-01-26 01:20:07.019454,80887
26718789,145,Active,6,29,2015-01-26 01:20:07.025287,80887
26718790,146,Active,20,35,2015-01-26 01:20:07.129103,80887
26718791,147,Active,2,37,2015-01-26 01:20:07.135141,80887
26718792,148,Active,2,41,2015-01-26 01:20:07.140201,80887
26718793,149,Active,2,54,2015-01-26 01:20:07.14544,80887
26718794,150,Active,18,28,2015-01-26 01:20:07.15048,80887
26718795,151,Active,0,27,2015-01-26 01:20:07.15565,80887
26718796,152,Active,4,27,2015-01-26 01:20:07.162141,80887
26718797,153,Active,5,28,2015-01-26 01:20:07.167273,80887
26718798,154,Active,13,21,2015-01-26 01:20:07.17227,80887
26718799,155,Active,16,21,2015-01-26 01:20:07.178045,80887
26718800,156,Active,4,30,2015-01-26 01:20:07.183914,80887
26718801,157,Active,2,25,2015-01-26 01:20:07.18918,80887
26718802,158,Active,6,13,2015-01-26 01:20:07.194682,80887
26718803,159,Active,6,24,2015-01-26 01:20:07.200171,80887
26718804,160,Active,2,39,2015-01-26 01:20:07.207901,80887
26718805,161,Active,3,43,2015-01-26 01:20:07.214197,80887
26718806,162,Active,3,39,2015-01-26 01:20:07.219914,80887
26718807,163,Active,21,17,2015-01-26 01:20:07.224838,80887
26718808,164,Active,8,28,2015-01-26 01:20:07.230702,80887
26718809,165,Active,13,26,2015-01-26 01:20:07.237451,80887
26718810,166,Active,9,21,2015-01-26 01:20:07.242552,80887
26718811,167,Active,6,23,2015-01-26 01:20:07.251012,80887
26718812,168,Active,10,32,2015-01-26 01:20:07.279701,80887
26718813,169,Active,0,38,2015-01-26 01:20:07.285645,80887
26718814,170,Active,2,32,2015-01-26 01:20:07.292485,80887
26718815,171,Active,4,23,2015-01-26 01:20:07.299886,80887
26718816,172,Active,8,23,2015-01-26 01:20:07.306719,80887
26718817,173,Active,0,30,2015-01-26 01:20:07.314935,80887
26718818,174,Active,10,22,2015-01-26 01:20:07.320455,80887
26718819,175,Active,10,21,2015-01-26 01:20:07.326751,80887
26718820,176,Active,13,19,2015-01-26 01:20:07.331732,80887
26718821,177,Active,3,26,2015-01-26 01:20:07.337217,80887
26718822,178,Active,8,17,2015-01-26 01:20:07.342425,80887
26718823,179,Active,11,15,2015-01-26 01:20:07.349177,80887
26718824,180,Active,3,28,2015-01-26 01:20:07.354706,80887
26718825,181,Active,0,26,2015-01-26 01:20:07.360591,80887
26718826,182,Active,1,14,2015-01-26 01:20:07.365361,80887
26718827,183,Active,6,33,2015-01-26 01:20:07.370918,80887
26718828,184,Active,18,24,2015-01-26 01:20:07.376214,80887
26718829,185,Active,12,19,2015-01-26 01:20:07.381668,80887
26718830,186,Active,18,20,2015-01-26 01:20:07.387115,80887
26718831,187,Active,13,26,2015-01-26 01:20:07.393999,80887
26718832,188,Active,5,28,2015-01-26 01:20:07.398781,80887
26718833,189,Active,6,36,2015-01-26 01:20:07.404,80887
26718834,190,Active,6,16,2015-01-26 01:20:07.409133,80887
26718835,191,Active,5,14,2015-01-26 01:20:07.414012,80887
26718836,192,Active,4,30,2015-01-26 01:20:07.420757,80887
26718837,193,Active,7,15,2015-01-26 01:20:07.425806,80887
26718838,194,Active,0,29,2015-01-26 01:20:07.432959,80887
26718839,195,Active,13,9,2015-01-26 01:20:07.437802,80887
26718840,196,Active,16,26,2015-01-26 01:20:07.443545,80887
26718841,197,Active,2,29,2015-01-26 01:20:07.449515,80887
26718842,198,Active,4,19,2015-01-26 01:20:07.455058,80887
26718843,199,Active,8,15,2015-01-26 01:20:07.460404,80887
26718844,200,Active,3,20,2015-01-26 01:20:07.466078,80887
26718845,201,Active,0,23,2015-01-26 01:20:07.471861,80887
26718846,202,Active,3,15,2015-01-26 01:20:07.477679,80887
26718847,203,Active,6,48,2015-01-26 01:20:07.482639,80887
26718848,204,Active,1,38,2015-01-26 01:20:07.48833,80887
26718849,205,Active,8,23,2015-01-26 01:20:07.493963,80887
26718850,206,Active,8,38,2015-01-26 01:20:07.499214,80887
26718851,207,Active,1,30,2015-01-26 01:20:07.504532,80887
26718852,208,Active,8,19,2015-01-26 01:20:07.509568,80887
26718853,209,Active,6,24,2015-01-26 01:20:07.514941,80887
26718854,210,Active,5,25,2015-01-26 01:20:07.52001,80887
26718855,211,Active,9,29,2015-01-26 01:20:07.525497,80887
26718856,212,Active,8,19,2015-01-26 01:20:07.530766,80887
26718857,213,Active,5,39,2015-01-26 01:20:07.535747,80887
26718858,214,Active,2,25,2015-01-26 01:20:07.542451,80887
26718859,215,Active,0,24,2015-01-26 01:20:07.550539,80887
26718860,216,Active,2,23,2015-01-26 01:20:07.555697,80887
26718861,217,Active,5,34,2015-01-26 01:20:07.56067,80887
26718862,218,Active,3,29,2015-01-26 01:20:07.568254,80887
26718863,219,Active,6,29,2015-01-26 01:20:07.574704,80887
26718864,220,Active,21,30,2015-01-26 01:20:07.58196,80887
26718865,221,Active,1,22,2015-01-26 01:20:07.587986,80887
26718866,222,Active,9,43,2015-01-26 01:20:07.594734,80887
26718867,223,Active,8,33,2015-01-26 01:20:07.600283,80887
26718868,224,Active,10,27,2015-01-26 01:20:07.627586,80887
26718869,225,Active,16,14,2015-01-26 01:20:07.633589,80887
26718870,226,Active,4,27,2015-01-26 01:20:07.640457,80887
26718871,227,Active,1,28,2015-01-26 01:20:07.647137,80887
26718872,228,Active,5,54,2015-01-26 01:20:07.653097,80887
26718873,229,Active,4,35,2015-01-26 01:20:07.658658,80887
26718874,230,Active,11,24,2015-01-26 01:20:07.663935,80887
26718875,231,Active,11,24,2015-01-26 01:20:07.670709,80887
26718876,232,Active,18,16,2015-01-26 01:20:07.676866,80887
26718877,233,Active,1,38,2015-01-26 01:20:07.683814,80887
26718878,234,Active,2,29,2015-01-26 01:20:07.688762,80887
26718879,235,Active,34,13,2015-01-26 01:20:07.693962,80887
26718880,236,Active,16,6,2015-01-26 01:20:07.698909,80887
26718881,237,Active,9,29,2015-01-26 01:20:07.703994,80887
26718882,238,Active,18,28,2015-01-26 01:20:07.70926,80887
26718883,239,Active,22,0,2015-01-26 01:20:07.71506,80887
26718884,240,Active,29,29,2015-01-26 01:20:07.720166,80887
26718885,241,Active,9,30,2015-01-26 01:20:07.725278,80887
26718886,242,Active,15,20,2015-01-26 01:20:07.735418,80887
26718887,243,Active,14,20,2015-01-26 01:20:07.741524,80887
26718888,244,Active,4,53,2015-01-26 01:20:07.746707,80887
26718889,245,Active,0,57,2015-01-26 01:20:07.753775,80887
26718890,246,Active,3,33,2015-01-26 01:20:07.758956,80887
26718891,247,Active,5,26,2015-01-26 01:20:07.763945,80887
26718892,248,Active,1,39,2015-01-26 01:20:07.769157,80887
26718893,249,Active,20,21,2015-01-26 01:20:07.774258,80887
26718894,250,Active,16,31,2015-01-26 01:20:07.780078,80887
26718895,251,Active,2,35,2015-01-26 01:20:07.785249,80887
26718896,252,Active,0,45,2015-01-26 01:20:07.790425,80887
26718897,253,Active,33,25,2015-01-26 01:20:07.796509,80887
26718898,254,Active,3,28,2015-01-26 01:20:07.801885,80887
26718899,255,Active,15,12,2015-01-26 01:20:07.807835,80887
26718900,256,Active,9,17,2015-01-26 01:20:07.812956,80887
26718901,257,Active,5,20,2015-01-26 01:20:07.820321,80887
26718902,258,Active,7,32,2015-01-26 01:20:07.825601,80887
26718903,259,Active,15,20,2015-01-26 01:20:07.830589,80887
26718904,260,Active,5,39,2015-01-26 01:20:07.835403,80887
26718905,261,Active,21,17,2015-01-26 01:20:07.840357,80887
26718906,262,Active,17,22,2015-01-26 01:20:07.845801,80887
26718907,263,Active,16,19,2015-01-26 01:20:07.850923,80887
26718908,264,Active,11,30,2015-01-26 01:20:07.858129,80887
26718909,265,Active,19,17,2015-01-26 01:20:07.863558,80887
26718910,266,Active,6,52,2015-01-26 01:20:07.86892,80887
26718911,267,Active,1,50,2015-01-26 01:20:07.874413,80887
26718912,268,Active,9,40,2015-01-26 01:20:07.879968,80887
26718913,269,Active,4,30,2015-01-26 01:20:07.887365,80887
26718914,270,Active,1,34,2015-01-26 01:20:07.894184,80887
26718915,271,Active,3,22,2015-01-26 01:20:07.900747,80887
26718916,272,Active,6,41,2015-01-26 01:20:07.906354,80887
26718917,273,Active,34,24,2015-01-26 01:20:07.911971,80887
26718918,274,Active,6,23,2015-01-26 01:20:07.917491,80887
26718919,275,Active,13,23,2015-01-26 01:20:07.92284,80887
26718920,276,Active,16,35,2015-01-26 01:20:07.928052,80887
26718921,277,Active,21,19,2015-01-26 01:20:07.933088,80887
26718922,330,Active,2,28,2015-01-26 01:20:07.938137,80887
26718923,278,Active,5,23,2015-01-26 01:20:07.942992,80887
26718924,279,Active,9,35,2015-01-26 01:20:07.969864,80887
26718925,280,Active,4,32,2015-01-26 01:20:07.97573,80887
26718926,281,Active,6,40,2015-01-26 01:20:07.980849,80887
26718927,282,Active,8,16,2015-01-26 01:20:07.986491,80887
26718928,283,Active,8,27,2015-01-26 01:20:07.991832,80887
26718929,284,Active,13,36,2015-01-26 01:20:07.996921,80887
26718930,285,Active,3,29,2015-01-26 01:20:08.002143,80887
26718931,286,Active,15,11,2015-01-26 01:20:08.007563,80887
26718932,287,Active,3,24,2015-01-26 01:20:08.013199,80887
26718933,288,Active,33,19,2015-01-26 01:20:08.018473,80887
26718934,289,Active,12,22,2015-01-26 01:20:08.025666,80887
26718935,290,Active,9,22,2015-01-26 01:20:08.030708,80887
26718936,291,Active,35,23,2015-01-26 01:20:08.036202,80887
26718937,292,Active,11,27,2015-01-26 01:20:08.045549,80887
26718938,293,Active,35,25,2015-01-26 01:20:08.050481,80887
26718939,294,Active,4,35,2015-01-26 01:20:08.056718,80887
26718940,295,Active,23,44,2015-01-26 01:20:08.062491,80887
26718941,296,Active,9,41,2015-01-26 01:20:08.067876,80887
26718942,297,Active,13,38,2015-01-26 01:20:08.072737,80887
26718943,298,Active,14,42,2015-01-26 01:20:08.077817,80887
26718944,299,Active,0,38,2015-01-26 01:20:08.083215,80887
26718945,300,Active,5,34,2015-01-26 01:20:08.088438,80887
26718946,301,Active,13,46,2015-01-26 01:20:08.093797,80887
26718947,302,Active,6,32,2015-01-26 01:20:08.099501,80887
26718948,303,Active,29,12,2015-01-26 01:20:08.104813,80887
26718949,304,Active,16,20,2015-01-26 01:20:08.109948,80887
26718950,305,Active,8,31,2015-01-26 01:20:08.115338,80887
26718951,306,Active,8,34,2015-01-26 01:20:08.120374,80887
26718952,307,Active,4,45,2015-01-26 01:20:08.125394,80887
26718953,308,Active,13,18,2015-01-26 01:20:08.132895,80887
26718954,309,Active,6,23,2015-01-26 01:20:08.138076,80887
26718955,310,Active,10,27,2015-01-26 01:20:08.143261,80887
26718956,311,Active,14,25,2015-01-26 01:20:08.148382,80887
26718957,312,Active,8,23,2015-01-26 01:20:08.153767,80887
26718958,313,Inactive,0,39,2015-01-26 01:20:08.158772,80887
26718959,314,Active,2,24,2015-01-26 01:20:08.16528,80887
26718960,315,Active,9,29,2015-01-26 01:20:08.170728,80887
26718961,316,Active,15,15,2015-01-26 01:20:08.175856,80887
26718962,317,Active,8,7,2015-01-26 01:20:08.180745,80887
26718963,318,Active,12,15,2015-01-26 01:20:08.186069,80887
26718964,319,Inactive,0,30,2015-01-26 01:20:08.190979,80887
26718965,320,Active,1,35,2015-01-26 01:20:08.196224,80887
26718966,321,Active,6,4,2015-01-26 01:20:08.201904,80887
26718967,322,Active,18,30,2015-01-26 01:20:08.207422,80887
26718968,332,Active,17,7,2015-01-26 01:20:08.212835,80887
26718969,327,Active,11,23,2015-01-26 01:20:08.218067,80887
26718970,328,Active,4,35,2015-01-26 01:20:08.223269,80887
26718971,331,Active,2,34,2015-01-26 01:20:08.228584,80887
26718972,323,Active,10,27,2015-01-26 01:20:08.234206,80887
26718973,324,Active,8,34,2015-01-26 01:20:08.240026,80887
26718974,329,Active,16,17,2015-01-26 01:20:08.245112,80887
26718975,325,Active,4,32,2015-01-26 01:20:08.25066,80887
26718976,326,Active,7,18,2015-01-26 01:20:08.2565,80887
26718977,1,Active,9,30,2015-01-26 01:30:05.839554,80888
26718978,2,Active,3,29,2015-01-26 01:30:05.848977,80888
26718979,3,Active,4,21,2015-01-26 01:30:05.8535,80888
26718980,4,Active,4,57,2015-01-26 01:30:05.857867,80888
26718981,5,Active,9,28,2015-01-26 01:30:05.862133,80888
26718982,6,Active,10,9,2015-01-26 01:30:05.866795,80888
26718983,7,Active,12,7,2015-01-26 01:30:05.871999,80888
26718984,8,Active,18,13,2015-01-26 01:30:05.876168,80888
26718985,9,Active,13,17,2015-01-26 01:30:05.880366,80888
26718986,10,Active,6,40,2015-01-26 01:30:05.884425,80888
26718987,11,Active,7,17,2015-01-26 01:30:05.889007,80888
26718988,12,Active,1,18,2015-01-26 01:30:05.893156,80888
26718989,13,Active,7,31,2015-01-26 01:30:05.897914,80888
26718990,14,Active,14,18,2015-01-26 01:30:05.902221,80888
26718991,15,Active,5,25,2015-01-26 01:30:05.907045,80888
26718992,16,Active,0,33,2015-01-26 01:30:05.911256,80888
26718993,17,Active,4,25,2015-01-26 01:30:05.917094,80888
26718994,18,Active,4,45,2015-01-26 01:30:05.921515,80888
26718995,19,Active,16,7,2015-01-26 01:30:05.926189,80888
26718996,20,Active,7,17,2015-01-26 01:30:05.930375,80888
26718997,21,Active,9,26,2015-01-26 01:30:05.934638,80888
26718998,22,Active,10,36,2015-01-26 01:30:05.938786,80888
26718999,23,Active,4,41,2015-01-26 01:30:05.943058,80888
26719000,24,Active,10,36,2015-01-26 01:30:05.947337,80888
26719001,25,Active,29,21,2015-01-26 01:30:05.951587,80888
26719002,26,Active,2,28,2015-01-26 01:30:05.955751,80888
26719003,27,Active,3,42,2015-01-26 01:30:05.959966,80888
26719004,28,Active,10,17,2015-01-26 01:30:05.964206,80888
26719005,29,Active,1,22,2015-01-26 01:30:05.968493,80888
26719006,30,Active,13,25,2015-01-26 01:30:05.972499,80888
26719007,31,Active,3,35,2015-01-26 01:30:05.97653,80888
26719008,32,Active,3,30,2015-01-26 01:30:05.980718,80888
26719009,33,Active,5,25,2015-01-26 01:30:05.984803,80888
26719010,34,Active,17,19,2015-01-26 01:30:05.98918,80888
26719011,35,Active,8,47,2015-01-26 01:30:05.994716,80888
26719012,36,Active,3,21,2015-01-26 01:30:05.999606,80888
26719013,37,Active,3,20,2015-01-26 01:30:06.010876,80888
26719014,38,Active,3,35,2015-01-26 01:30:06.0214,80888
26719015,39,Active,1,38,2015-01-26 01:30:06.029022,80888
26719016,40,Active,12,27,2015-01-26 01:30:06.040173,80888
26719017,41,Active,13,17,2015-01-26 01:30:06.044539,80888
26719018,42,Active,3,28,2015-01-26 01:30:06.048772,80888
26719019,43,Active,0,23,2015-01-26 01:30:06.05326,80888
26719020,44,Active,7,16,2015-01-26 01:30:06.058334,80888
26719021,45,Active,20,10,2015-01-26 01:30:06.0626,80888
26719022,46,Active,3,28,2015-01-26 01:30:06.066681,80888
26719023,47,Active,2,21,2015-01-26 01:30:06.071228,80888
26719024,48,Active,4,15,2015-01-26 01:30:06.075849,80888
26719025,49,Active,0,23,2015-01-26 01:30:06.080108,80888
26719026,50,Active,4,23,2015-01-26 01:30:06.084312,80888
26719027,51,Active,5,34,2015-01-26 01:30:06.088561,80888
26719028,52,Active,11,16,2015-01-26 01:30:06.092809,80888
26719029,53,Active,5,27,2015-01-26 01:30:06.09704,80888
26719030,54,Inactive,0,3,2015-01-26 01:30:06.101218,80888
26719031,55,Active,6,25,2015-01-26 01:30:06.107729,80888
26719032,56,Active,11,28,2015-01-26 01:30:06.135188,80888
26719033,57,Active,0,22,2015-01-26 01:30:06.141131,80888
26719034,58,Active,7,31,2015-01-26 01:30:06.146416,80888
26719035,59,Active,3,32,2015-01-26 01:30:06.152604,80888
26719036,60,Active,8,19,2015-01-26 01:30:06.157738,80888
26719037,61,Active,2,20,2015-01-26 01:30:06.162788,80888
26719038,62,Active,3,27,2015-01-26 01:30:06.167939,80888
26719039,63,Active,4,23,2015-01-26 01:30:06.173354,80888
26719040,64,Active,6,29,2015-01-26 01:30:06.178431,80888
26719041,65,Active,1,22,2015-01-26 01:30:06.183567,80888
26719042,66,Active,32,25,2015-01-26 01:30:06.188977,80888
26719043,67,Active,10,16,2015-01-26 01:30:06.193992,80888
26719044,68,Active,2,21,2015-01-26 01:30:06.199181,80888
26719045,69,Active,17,12,2015-01-26 01:30:06.206985,80888
26719046,70,Active,10,21,2015-01-26 01:30:06.212007,80888
26719047,71,Active,0,18,2015-01-26 01:30:06.217046,80888
26719048,72,Active,0,22,2015-01-26 01:30:06.222466,80888
26719049,73,Active,0,18,2015-01-26 01:30:06.227525,80888
26719050,74,Active,12,24,2015-01-26 01:30:06.232816,80888
26719051,75,Active,5,25,2015-01-26 01:30:06.238721,80888
26719052,76,Active,13,46,2015-01-26 01:30:06.244131,80888
26719053,77,Active,4,23,2015-01-26 01:30:06.249136,80888
26719054,78,Active,6,35,2015-01-26 01:30:06.254455,80888
26719055,79,Active,10,36,2015-01-26 01:30:06.260437,80888
26719056,80,Active,3,15,2015-01-26 01:30:06.265479,80888
26719057,81,Active,1,28,2015-01-26 01:30:06.27216,80888
26719058,82,Active,2,18,2015-01-26 01:30:06.27701,80888
26719059,83,Active,17,36,2015-01-26 01:30:06.282163,80888
26719060,84,Active,2,28,2015-01-26 01:30:06.287043,80888
26719061,85,Active,3,21,2015-01-26 01:30:06.292054,80888
26719062,86,Active,0,34,2015-01-26 01:30:06.297272,80888
26719063,87,Active,7,18,2015-01-26 01:30:06.302218,80888
26719064,88,Active,5,30,2015-01-26 01:30:06.307206,80888
26719065,89,Active,18,35,2015-01-26 01:30:06.312396,80888
26719066,90,Active,7,29,2015-01-26 01:30:06.317354,80888
26719067,91,Active,7,16,2015-01-26 01:30:06.323608,80888
26719068,92,Active,13,18,2015-01-26 01:30:06.328553,80888
26719069,93,Active,6,30,2015-01-26 01:30:06.334585,80888
26719070,94,Active,19,13,2015-01-26 01:30:06.339826,80888
26719071,95,Active,8,29,2015-01-26 01:30:06.344814,80888
26719072,96,Active,9,22,2015-01-26 01:30:06.350679,80888
26719073,97,Active,4,23,2015-01-26 01:30:06.35589,80888
26719074,98,Active,1,40,2015-01-26 01:30:06.361474,80888
26719075,99,Active,19,14,2015-01-26 01:30:06.367903,80888
26719076,100,Active,4,26,2015-01-26 01:30:06.37345,80888
26719077,101,Active,13,16,2015-01-26 01:30:06.379104,80888
26719078,102,Active,17,5,2015-01-26 01:30:06.386962,80888
26719079,103,Active,3,36,2015-01-26 01:30:06.393708,80888
26719080,104,Active,9,19,2015-01-26 01:30:06.399909,80888
26719081,105,Active,1,42,2015-01-26 01:30:06.405342,80888
26719082,106,Active,13,14,2015-01-26 01:30:06.410578,80888
26719083,107,Active,3,27,2015-01-26 01:30:06.415889,80888
26719084,108,Inactive,0,3,2015-01-26 01:30:06.421004,80888
26719085,109,Active,1,37,2015-01-26 01:30:06.425686,80888
26719086,110,Active,0,27,2015-01-26 01:30:06.430857,80888
26719087,111,Active,3,26,2015-01-26 01:30:06.435597,80888
26719088,112,Inactive,14,25,2015-01-26 01:30:06.464564,80888
26719089,113,Active,23,27,2015-01-26 01:30:06.47056,80888
26719090,114,Active,6,28,2015-01-26 01:30:06.475626,80888
26719091,115,Active,4,23,2015-01-26 01:30:06.481515,80888
26719092,116,Active,2,37,2015-01-26 01:30:06.486403,80888
26719093,117,Active,6,17,2015-01-26 01:30:06.492962,80888
26719094,118,Active,3,28,2015-01-26 01:30:06.497822,80888
26719095,119,Active,0,39,2015-01-26 01:30:06.504667,80888
26719096,120,Active,0,27,2015-01-26 01:30:06.509872,80888
26719097,121,Active,9,15,2015-01-26 01:30:06.514768,80888
26719098,122,Active,6,25,2015-01-26 01:30:06.520913,80888
26719099,123,Active,0,26,2015-01-26 01:30:06.525855,80888
26719100,124,Active,6,30,2015-01-26 01:30:06.530935,80888
26719101,125,Active,3,34,2015-01-26 01:30:06.537591,80888
26719102,126,Active,4,20,2015-01-26 01:30:06.544123,80888
26719103,127,Active,2,24,2015-01-26 01:30:06.548849,80888
26719104,128,Active,11,8,2015-01-26 01:30:06.55392,80888
26719105,129,Active,9,18,2015-01-26 01:30:06.558934,80888
26719106,130,Active,5,18,2015-01-26 01:30:06.564446,80888
26719107,131,Active,2,21,2015-01-26 01:30:06.569923,80888
26719108,132,Active,2,33,2015-01-26 01:30:06.575702,80888
26719109,133,Active,6,21,2015-01-26 01:30:06.580974,80888
26719110,134,Active,7,27,2015-01-26 01:30:06.58649,80888
26719111,135,Active,10,32,2015-01-26 01:30:06.591665,80888
26719112,136,Active,1,22,2015-01-26 01:30:06.596685,80888
26719113,137,Active,0,28,2015-01-26 01:30:06.601985,80888
26719114,138,Active,9,29,2015-01-26 01:30:06.607178,80888
26719115,139,Active,1,35,2015-01-26 01:30:06.612355,80888
26719116,140,Active,16,10,2015-01-26 01:30:06.618782,80888
26719117,141,Active,5,18,2015-01-26 01:30:06.624201,80888
26719118,142,Active,10,32,2015-01-26 01:30:06.629814,80888
26719119,143,Active,3,19,2015-01-26 01:30:06.635004,80888
26719120,144,Active,11,16,2015-01-26 01:30:06.639817,80888
26719121,145,Active,4,31,2015-01-26 01:30:06.644817,80888
26719122,146,Active,20,35,2015-01-26 01:30:06.651006,80888
26719123,147,Active,2,37,2015-01-26 01:30:06.656627,80888
26719124,148,Active,1,42,2015-01-26 01:30:06.664347,80888
26719125,149,Active,2,54,2015-01-26 01:30:06.669851,80888
26719126,150,Active,18,28,2015-01-26 01:30:06.675132,80888
26719127,151,Active,0,27,2015-01-26 01:30:06.680311,80888
26719128,152,Active,3,28,2015-01-26 01:30:06.685218,80888
26719129,153,Active,5,28,2015-01-26 01:30:06.690362,80888
26719130,154,Active,12,22,2015-01-26 01:30:06.696133,80888
26719131,155,Active,17,20,2015-01-26 01:30:06.701442,80888
26719132,156,Active,4,30,2015-01-26 01:30:06.706533,80888
26719133,157,Active,2,25,2015-01-26 01:30:06.712394,80888
26719134,158,Active,7,12,2015-01-26 01:30:06.718487,80888
26719135,159,Active,6,24,2015-01-26 01:30:06.723402,80888
26719136,160,Active,2,39,2015-01-26 01:30:06.728305,80888
26719137,161,Active,3,43,2015-01-26 01:30:06.733416,80888
26719138,162,Active,3,39,2015-01-26 01:30:06.738464,80888
26719139,163,Active,21,17,2015-01-26 01:30:06.743356,80888
26719140,164,Active,8,28,2015-01-26 01:30:06.748628,80888
26719141,165,Active,12,27,2015-01-26 01:30:06.75599,80888
26719142,166,Active,9,21,2015-01-26 01:30:06.761048,80888
26719143,167,Active,6,23,2015-01-26 01:30:06.766314,80888
26719144,168,Active,10,32,2015-01-26 01:30:06.795252,80888
26719145,169,Active,0,38,2015-01-26 01:30:06.801036,80888
26719146,170,Active,2,32,2015-01-26 01:30:06.80596,80888
26719147,171,Active,4,23,2015-01-26 01:30:06.811134,80888
26719148,172,Active,7,24,2015-01-26 01:30:06.816002,80888
26719149,173,Active,0,30,2015-01-26 01:30:06.821842,80888
26719150,174,Active,9,23,2015-01-26 01:30:06.828055,80888
26719151,175,Active,11,20,2015-01-26 01:30:06.833221,80888
26719152,176,Active,12,20,2015-01-26 01:30:06.838343,80888
26719153,177,Active,2,27,2015-01-26 01:30:06.843924,80888
26719154,178,Active,8,17,2015-01-26 01:30:06.849142,80888
26719155,179,Active,11,15,2015-01-26 01:30:06.854386,80888
26719156,180,Active,3,28,2015-01-26 01:30:06.859243,80888
26719157,181,Active,0,26,2015-01-26 01:30:06.864313,80888
26719158,182,Active,1,14,2015-01-26 01:30:06.869191,80888
26719159,183,Active,8,31,2015-01-26 01:30:06.874129,80888
26719160,184,Active,17,25,2015-01-26 01:30:06.879132,80888
26719161,185,Active,14,17,2015-01-26 01:30:06.884063,80888
26719162,186,Active,19,19,2015-01-26 01:30:06.889016,80888
26719163,187,Active,12,27,2015-01-26 01:30:06.893928,80888
26719164,188,Active,5,28,2015-01-26 01:30:06.899937,80888
26719165,189,Active,6,36,2015-01-26 01:30:06.904968,80888
26719166,190,Active,6,16,2015-01-26 01:30:06.909825,80888
26719167,191,Active,5,14,2015-01-26 01:30:06.914899,80888
26719168,192,Active,4,30,2015-01-26 01:30:06.919864,80888
26719169,193,Active,6,16,2015-01-26 01:30:06.924626,80888
26719170,194,Active,0,29,2015-01-26 01:30:06.929614,80888
26719171,195,Active,13,9,2015-01-26 01:30:06.936309,80888
26719172,196,Active,16,26,2015-01-26 01:30:06.941368,80888
26719173,197,Active,2,29,2015-01-26 01:30:06.947732,80888
26719174,198,Active,4,19,2015-01-26 01:30:06.952945,80888
26719175,199,Active,8,15,2015-01-26 01:30:06.957954,80888
26719176,200,Active,4,19,2015-01-26 01:30:06.963622,80888
26719177,201,Active,0,23,2015-01-26 01:30:06.968586,80888
26719178,202,Active,3,15,2015-01-26 01:30:06.974869,80888
26719179,203,Active,6,48,2015-01-26 01:30:06.980442,80888
26719180,204,Active,1,38,2015-01-26 01:30:06.992872,80888
26719181,205,Active,8,23,2015-01-26 01:30:06.999601,80888
26719182,206,Active,8,38,2015-01-26 01:30:07.005036,80888
26719183,207,Active,2,29,2015-01-26 01:30:07.011545,80888
26719184,208,Active,8,19,2015-01-26 01:30:07.016807,80888
26719185,209,Active,6,24,2015-01-26 01:30:07.021728,80888
26719186,210,Active,6,24,2015-01-26 01:30:07.026644,80888
26719187,211,Active,7,31,2015-01-26 01:30:07.031957,80888
26719188,212,Active,8,19,2015-01-26 01:30:07.037073,80888
26719189,213,Active,2,42,2015-01-26 01:30:07.042151,80888
26719190,214,Active,2,25,2015-01-26 01:30:07.047216,80888
26719191,215,Active,0,24,2015-01-26 01:30:07.052341,80888
26719192,216,Active,2,23,2015-01-26 01:30:07.057277,80888
26719193,217,Active,5,34,2015-01-26 01:30:07.064423,80888
26719194,218,Active,3,29,2015-01-26 01:30:07.069389,80888
26719195,219,Active,6,29,2015-01-26 01:30:07.074393,80888
26719196,220,Active,20,31,2015-01-26 01:30:07.079228,80888
26719197,221,Active,1,22,2015-01-26 01:30:07.084192,80888
26719198,222,Active,8,44,2015-01-26 01:30:07.08977,80888
26719199,223,Active,8,33,2015-01-26 01:30:07.094614,80888
26719200,224,Active,9,28,2015-01-26 01:30:07.122357,80888
26719201,225,Active,17,13,2015-01-26 01:30:07.12808,80888
26719202,226,Active,4,27,2015-01-26 01:30:07.133053,80888
26719203,227,Active,1,28,2015-01-26 01:30:07.137988,80888
26719204,228,Active,5,54,2015-01-26 01:30:07.143002,80888
26719205,229,Active,5,34,2015-01-26 01:30:07.148183,80888
26719206,230,Active,11,24,2015-01-26 01:30:07.153294,80888
26719207,231,Active,11,24,2015-01-26 01:30:07.1585,80888
26719208,232,Active,18,16,2015-01-26 01:30:07.163654,80888
26719209,233,Active,1,38,2015-01-26 01:30:07.168933,80888
26719210,234,Active,3,28,2015-01-26 01:30:07.174232,80888
26719211,235,Active,34,13,2015-01-26 01:30:07.179161,80888
26719212,236,Active,16,6,2015-01-26 01:30:07.184206,80888
26719213,237,Active,9,29,2015-01-26 01:30:07.18916,80888
26719214,238,Active,16,30,2015-01-26 01:30:07.194022,80888
26719215,239,Active,22,0,2015-01-26 01:30:07.199167,80888
26719216,240,Active,29,29,2015-01-26 01:30:07.208119,80888
26719217,241,Active,9,30,2015-01-26 01:30:07.212989,80888
26719218,242,Active,15,20,2015-01-26 01:30:07.218062,80888
26719219,243,Active,14,20,2015-01-26 01:30:07.223218,80888
26719220,244,Active,3,54,2015-01-26 01:30:07.228511,80888
26719221,245,Active,0,57,2015-01-26 01:30:07.233491,80888
26719222,246,Active,4,32,2015-01-26 01:30:07.238633,80888
26719223,247,Active,5,26,2015-01-26 01:30:07.244354,80888
26719224,248,Active,2,38,2015-01-26 01:30:07.249219,80888
26719225,249,Active,20,21,2015-01-26 01:30:07.254088,80888
26719226,250,Active,16,31,2015-01-26 01:30:07.259533,80888
26719227,251,Active,2,35,2015-01-26 01:30:07.266669,80888
26719228,252,Active,0,45,2015-01-26 01:30:07.271843,80888
26719229,253,Active,33,25,2015-01-26 01:30:07.276934,80888
26719230,254,Active,3,28,2015-01-26 01:30:07.281795,80888
26719231,255,Active,15,12,2015-01-26 01:30:07.287427,80888
26719232,256,Active,9,17,2015-01-26 01:30:07.292351,80888
26719233,257,Active,5,20,2015-01-26 01:30:07.297434,80888
26719234,258,Active,7,32,2015-01-26 01:30:07.302301,80888
26719235,259,Active,16,19,2015-01-26 01:30:07.307187,80888
26719236,260,Active,5,39,2015-01-26 01:30:07.312348,80888
26719237,261,Active,21,17,2015-01-26 01:30:07.317883,80888
26719238,262,Active,17,22,2015-01-26 01:30:07.322971,80888
26719239,263,Active,16,19,2015-01-26 01:30:07.327938,80888
26719240,264,Active,11,30,2015-01-26 01:30:07.332753,80888
26719241,265,Active,22,14,2015-01-26 01:30:07.337922,80888
26719242,266,Active,7,50,2015-01-26 01:30:07.342863,80888
26719243,267,Active,1,50,2015-01-26 01:30:07.347737,80888
26719244,268,Active,1,48,2015-01-26 01:30:07.353053,80888
26719245,269,Active,4,30,2015-01-26 01:30:07.357974,80888
26719246,270,Active,1,34,2015-01-26 01:30:07.362985,80888
26719247,271,Active,4,21,2015-01-26 01:30:07.368271,80888
26719248,272,Active,6,41,2015-01-26 01:30:07.373337,80888
26719249,273,Active,33,25,2015-01-26 01:30:07.380146,80888
26719250,274,Active,6,23,2015-01-26 01:30:07.38517,80888
26719251,275,Active,13,23,2015-01-26 01:30:07.39007,80888
26719252,276,Active,16,35,2015-01-26 01:30:07.395429,80888
26719253,277,Active,21,19,2015-01-26 01:30:07.401118,80888
26719254,330,Active,2,28,2015-01-26 01:30:07.406384,80888
26719255,278,Active,5,23,2015-01-26 01:30:07.411301,80888
26719256,279,Active,9,35,2015-01-26 01:30:07.439562,80888
26719257,280,Active,3,33,2015-01-26 01:30:07.445739,80888
26719258,281,Active,7,39,2015-01-26 01:30:07.450671,80888
26719259,282,Active,8,16,2015-01-26 01:30:07.456552,80888
26719260,283,Active,6,29,2015-01-26 01:30:07.461496,80888
26719261,284,Active,13,36,2015-01-26 01:30:07.466394,80888
26719262,285,Active,2,30,2015-01-26 01:30:07.471316,80888
26719263,286,Active,15,11,2015-01-26 01:30:07.476368,80888
26719264,287,Active,3,24,2015-01-26 01:30:07.481251,80888
26719265,288,Active,33,19,2015-01-26 01:30:07.48635,80888
26719266,289,Active,11,23,2015-01-26 01:30:07.491774,80888
26719267,290,Active,9,22,2015-01-26 01:30:07.496679,80888
26719268,291,Active,33,25,2015-01-26 01:30:07.501937,80888
26719269,292,Active,11,27,2015-01-26 01:30:07.50802,80888
26719270,293,Active,35,25,2015-01-26 01:30:07.513043,80888
26719271,294,Active,4,35,2015-01-26 01:30:07.518763,80888
26719272,295,Active,26,41,2015-01-26 01:30:07.524137,80888
26719273,296,Active,9,41,2015-01-26 01:30:07.529086,80888
26719274,297,Active,13,38,2015-01-26 01:30:07.534421,80888
26719275,298,Active,14,42,2015-01-26 01:30:07.539364,80888
26719276,299,Active,0,38,2015-01-26 01:30:07.54417,80888
26719277,300,Active,5,34,2015-01-26 01:30:07.549411,80888
26719278,301,Active,11,48,2015-01-26 01:30:07.556157,80888
26719279,302,Active,7,31,2015-01-26 01:30:07.56098,80888
26719280,303,Active,29,12,2015-01-26 01:30:07.566435,80888
26719281,304,Active,16,20,2015-01-26 01:30:07.571601,80888
26719282,305,Active,9,30,2015-01-26 01:30:07.576496,80888
26719283,306,Active,10,32,2015-01-26 01:30:07.581479,80888
26719284,307,Active,4,45,2015-01-26 01:30:07.586435,80888
26719285,308,Active,13,18,2015-01-26 01:30:07.591862,80888
26719286,309,Active,7,22,2015-01-26 01:30:07.597444,80888
26719287,310,Active,10,27,2015-01-26 01:30:07.602835,80888
26719288,311,Active,15,24,2015-01-26 01:30:07.607638,80888
26719289,312,Active,8,23,2015-01-26 01:30:07.612587,80888
26719290,313,Inactive,0,39,2015-01-26 01:30:07.617401,80888
26719291,314,Active,0,25,2015-01-26 01:30:07.622324,80888
26719292,315,Active,9,29,2015-01-26 01:30:07.627443,80888
26719293,316,Active,15,15,2015-01-26 01:30:07.632305,80888
26719294,317,Active,8,7,2015-01-26 01:30:07.637345,80888
26719295,318,Active,12,15,2015-01-26 01:30:07.642284,80888
26719296,319,Inactive,0,30,2015-01-26 01:30:07.647137,80888
26719297,320,Active,1,34,2015-01-26 01:30:07.656389,80888
26719298,321,Active,6,4,2015-01-26 01:30:07.661703,80888
26719299,322,Active,16,32,2015-01-26 01:30:07.666626,80888
26719300,332,Active,17,7,2015-01-26 01:30:07.671601,80888
26719301,327,Active,11,23,2015-01-26 01:30:07.676585,80888
26719302,328,Active,4,35,2015-01-26 01:30:07.681482,80888
26719303,331,Active,2,34,2015-01-26 01:30:07.686807,80888
26719304,323,Active,10,27,2015-01-26 01:30:07.692559,80888
26719305,324,Active,8,34,2015-01-26 01:30:07.698329,80888
26719306,329,Active,16,17,2015-01-26 01:30:07.704014,80888
26719307,325,Active,4,32,2015-01-26 01:30:07.709056,80888
26719308,326,Active,7,18,2015-01-26 01:30:07.714219,80888
26719309,1,Active,8,31,2015-01-26 01:40:06.053242,80889
26719310,2,Active,3,29,2015-01-26 01:40:06.063606,80889
26719311,3,Active,4,21,2015-01-26 01:40:06.068411,80889
26719312,4,Active,4,57,2015-01-26 01:40:06.072673,80889
26719313,5,Active,10,27,2015-01-26 01:40:06.077693,80889
26719314,6,Active,11,8,2015-01-26 01:40:06.081968,80889
26719315,7,Active,12,7,2015-01-26 01:40:06.086517,80889
26719316,8,Active,18,13,2015-01-26 01:40:06.090698,80889
26719317,9,Active,13,17,2015-01-26 01:40:06.094855,80889
26719318,10,Active,6,40,2015-01-26 01:40:06.099579,80889
26719319,11,Active,8,16,2015-01-26 01:40:06.105791,80889
26719320,12,Active,1,18,2015-01-26 01:40:06.110072,80889
26719321,13,Active,7,31,2015-01-26 01:40:06.114809,80889
26719322,14,Active,14,18,2015-01-26 01:40:06.119997,80889
26719323,15,Active,5,25,2015-01-26 01:40:06.124612,80889
26719324,16,Active,0,33,2015-01-26 01:40:06.129882,80889
26719325,17,Active,4,25,2015-01-26 01:40:06.13492,80889
26719326,18,Active,3,46,2015-01-26 01:40:06.139494,80889
26719327,19,Active,16,7,2015-01-26 01:40:06.144192,80889
26719328,20,Active,7,17,2015-01-26 01:40:06.148933,80889
26719329,21,Active,11,24,2015-01-26 01:40:06.153287,80889
26719330,22,Active,10,36,2015-01-26 01:40:06.15803,80889
26719331,23,Active,5,40,2015-01-26 01:40:06.162758,80889
26719332,24,Active,7,39,2015-01-26 01:40:06.16805,80889
26719333,25,Active,28,22,2015-01-26 01:40:06.17372,80889
26719334,26,Active,2,28,2015-01-26 01:40:06.177871,80889
26719335,27,Active,3,42,2015-01-26 01:40:06.182439,80889
26719336,28,Active,10,17,2015-01-26 01:40:06.186722,80889
26719337,29,Active,1,22,2015-01-26 01:40:06.191372,80889
26719338,30,Active,13,25,2015-01-26 01:40:06.195974,80889
26719339,31,Active,3,35,2015-01-26 01:40:06.200639,80889
26719340,32,Active,3,30,2015-01-26 01:40:06.205077,80889
26719341,33,Active,5,25,2015-01-26 01:40:06.209735,80889
26719342,34,Active,17,19,2015-01-26 01:40:06.214417,80889
26719343,35,Active,8,47,2015-01-26 01:40:06.219545,80889
26719344,36,Active,3,21,2015-01-26 01:40:06.224621,80889
26719345,37,Active,3,20,2015-01-26 01:40:06.22979,80889
26719346,38,Active,3,35,2015-01-26 01:40:06.234113,80889
26719347,39,Active,2,37,2015-01-26 01:40:06.239247,80889
26719348,40,Active,12,27,2015-01-26 01:40:06.24411,80889
26719349,41,Active,13,17,2015-01-26 01:40:06.248925,80889
26719350,42,Active,3,28,2015-01-26 01:40:06.25328,80889
26719351,43,Active,1,22,2015-01-26 01:40:06.257936,80889
26719352,44,Active,9,14,2015-01-26 01:40:06.262441,80889
26719353,45,Active,19,11,2015-01-26 01:40:06.267361,80889
26719354,46,Active,2,29,2015-01-26 01:40:06.271777,80889
26719355,47,Active,2,21,2015-01-26 01:40:06.27777,80889
26719356,48,Active,4,15,2015-01-26 01:40:06.283071,80889
26719357,49,Active,0,23,2015-01-26 01:40:06.287851,80889
26719358,50,Active,4,23,2015-01-26 01:40:06.292161,80889
26719359,51,Active,5,34,2015-01-26 01:40:06.296323,80889
26719360,52,Active,11,16,2015-01-26 01:40:06.301214,80889
26719361,53,Active,5,27,2015-01-26 01:40:06.305606,80889
26719362,54,Inactive,0,3,2015-01-26 01:40:06.310312,80889
26719363,55,Active,6,25,2015-01-26 01:40:06.318257,80889
26719364,56,Active,11,28,2015-01-26 01:40:06.348387,80889
26719365,57,Active,0,22,2015-01-26 01:40:06.353147,80889
26719366,58,Active,7,31,2015-01-26 01:40:06.358777,80889
26719367,59,Active,3,32,2015-01-26 01:40:06.364329,80889
26719368,60,Active,8,19,2015-01-26 01:40:06.370391,80889
26719369,61,Active,2,20,2015-01-26 01:40:06.375803,80889
26719370,62,Active,3,27,2015-01-26 01:40:06.380726,80889
26719371,63,Active,4,23,2015-01-26 01:40:06.386017,80889
26719372,64,Active,6,29,2015-01-26 01:40:06.391246,80889
26719373,65,Active,1,23,2015-01-26 01:40:06.396349,80889
26719374,66,Active,32,25,2015-01-26 01:40:06.401531,80889
26719375,67,Active,10,16,2015-01-26 01:40:06.406196,80889
26719376,68,Active,2,21,2015-01-26 01:40:06.412531,80889
26719377,69,Active,17,12,2015-01-26 01:40:06.418629,80889
26719378,70,Active,10,21,2015-01-26 01:40:06.424516,80889
26719379,71,Active,0,18,2015-01-26 01:40:06.43058,80889
26719380,72,Active,0,22,2015-01-26 01:40:06.436907,80889
26719381,73,Active,0,18,2015-01-26 01:40:06.442574,80889
26719382,74,Active,12,24,2015-01-26 01:40:06.44846,80889
26719383,75,Active,5,25,2015-01-26 01:40:06.453641,80889
26719384,76,Active,13,46,2015-01-26 01:40:06.460792,80889
26719385,77,Active,4,23,2015-01-26 01:40:06.467077,80889
26719386,78,Active,5,36,2015-01-26 01:40:06.472698,80889
26719387,79,Active,11,35,2015-01-26 01:40:06.480118,80889
26719388,80,Active,3,15,2015-01-26 01:40:06.486537,80889
26719389,81,Active,1,28,2015-01-26 01:40:06.492469,80889
26719390,82,Active,1,19,2015-01-26 01:40:06.497803,80889
26719391,83,Active,16,37,2015-01-26 01:40:06.503137,80889
26719392,84,Active,1,29,2015-01-26 01:40:06.509179,80889
26719393,85,Active,3,21,2015-01-26 01:40:06.515119,80889
26719394,86,Active,1,33,2015-01-26 01:40:06.520484,80889
26719395,87,Active,9,16,2015-01-26 01:40:06.525392,80889
26719396,88,Active,5,30,2015-01-26 01:40:06.53068,80889
26719397,89,Active,17,36,2015-01-26 01:40:06.536649,80889
26719398,90,Active,8,28,2015-01-26 01:40:06.542203,80889
26719399,91,Active,8,15,2015-01-26 01:40:06.547235,80889
26719400,92,Active,14,17,2015-01-26 01:40:06.553923,80889
26719401,93,Active,6,30,2015-01-26 01:40:06.559956,80889
26719402,94,Active,20,12,2015-01-26 01:40:06.565309,80889
26719403,95,Active,8,29,2015-01-26 01:40:06.570335,80889
26719404,96,Active,8,23,2015-01-26 01:40:06.576456,80889
26719405,97,Active,2,25,2015-01-26 01:40:06.582612,80889
26719406,98,Active,1,40,2015-01-26 01:40:06.587883,80889
26719407,99,Active,19,14,2015-01-26 01:40:06.593436,80889
26719408,100,Active,2,28,2015-01-26 01:40:06.602948,80889
26719409,101,Active,14,15,2015-01-26 01:40:06.608345,80889
26719410,102,Active,17,5,2015-01-26 01:40:06.613881,80889
26719411,103,Active,3,36,2015-01-26 01:40:06.620541,80889
26719412,104,Active,7,21,2015-01-26 01:40:06.626617,80889
26719413,105,Active,3,40,2015-01-26 01:40:06.63214,80889
26719414,106,Active,14,13,2015-01-26 01:40:06.637325,80889
26719415,107,Active,2,28,2015-01-26 01:40:06.642285,80889
26719416,108,Inactive,0,3,2015-01-26 01:40:06.647502,80889
26719417,109,Active,1,37,2015-01-26 01:40:06.652853,80889
26719418,110,Active,0,27,2015-01-26 01:40:06.659531,80889
26719419,111,Active,3,26,2015-01-26 01:40:06.664146,80889
26719420,112,Inactive,14,25,2015-01-26 01:40:06.69326,80889
26719421,113,Active,23,27,2015-01-26 01:40:06.698898,80889
26719422,114,Active,6,28,2015-01-26 01:40:06.704797,80889
26719423,115,Active,3,24,2015-01-26 01:40:06.711098,80889
26719424,116,Active,2,37,2015-01-26 01:40:06.717006,80889
26719425,117,Active,6,17,2015-01-26 01:40:06.723925,80889
26719426,118,Active,3,28,2015-01-26 01:40:06.729277,80889
26719427,119,Active,0,39,2015-01-26 01:40:06.734938,80889
26719428,120,Active,0,27,2015-01-26 01:40:06.740411,80889
26719429,121,Active,9,15,2015-01-26 01:40:06.745461,80889
26719430,122,Active,5,26,2015-01-26 01:40:06.754251,80889
26719431,123,Active,1,25,2015-01-26 01:40:06.760282,80889
26719432,124,Active,6,30,2015-01-26 01:40:06.765308,80889
26719433,125,Active,3,34,2015-01-26 01:40:06.770248,80889
26719434,126,Active,4,20,2015-01-26 01:40:06.776044,80889
26719435,127,Active,1,25,2015-01-26 01:40:06.781081,80889
26719436,128,Active,11,8,2015-01-26 01:40:06.785989,80889
26719437,129,Active,8,19,2015-01-26 01:40:06.791485,80889
26719438,130,Active,5,18,2015-01-26 01:40:06.797441,80889
26719439,131,Active,2,21,2015-01-26 01:40:06.803453,80889
26719440,132,Active,2,33,2015-01-26 01:40:06.809841,80889
26719441,133,Active,6,21,2015-01-26 01:40:06.815052,80889
26719442,134,Active,7,26,2015-01-26 01:40:06.820144,80889
26719443,135,Active,10,32,2015-01-26 01:40:06.825068,80889
26719444,136,Active,0,23,2015-01-26 01:40:06.829908,80889
26719445,137,Active,0,28,2015-01-26 01:40:06.835138,80889
26719446,138,Active,9,29,2015-01-26 01:40:06.840561,80889
26719447,139,Active,0,36,2015-01-26 01:40:06.846152,80889
26719448,140,Active,15,11,2015-01-26 01:40:06.851331,80889
26719449,141,Active,5,18,2015-01-26 01:40:06.856113,80889
26719450,142,Active,10,31,2015-01-26 01:40:06.861151,80889
26719451,143,Active,3,19,2015-01-26 01:40:06.866492,80889
26719452,144,Active,11,16,2015-01-26 01:40:06.874136,80889
26719453,145,Active,6,29,2015-01-26 01:40:06.879407,80889
26719454,146,Active,20,35,2015-01-26 01:40:06.885316,80889
26719455,147,Active,2,37,2015-01-26 01:40:06.891087,80889
26719456,148,Active,1,42,2015-01-26 01:40:06.915791,80889
26719457,149,Active,2,54,2015-01-26 01:40:06.921489,80889
26719458,150,Active,18,28,2015-01-26 01:40:06.927534,80889
26719459,151,Active,0,27,2015-01-26 01:40:06.932949,80889
26719460,152,Active,4,27,2015-01-26 01:40:06.93816,80889
26719461,153,Active,5,28,2015-01-26 01:40:06.944102,80889
26719462,154,Active,12,22,2015-01-26 01:40:06.949749,80889
26719463,155,Active,17,20,2015-01-26 01:40:06.971916,80889
26719464,156,Active,4,30,2015-01-26 01:40:06.977978,80889
26719465,157,Active,1,26,2015-01-26 01:40:06.984134,80889
26719466,158,Active,7,12,2015-01-26 01:40:06.993222,80889
26719467,159,Active,5,25,2015-01-26 01:40:07.022386,80889
26719468,160,Active,2,39,2015-01-26 01:40:07.028149,80889
26719469,161,Active,2,44,2015-01-26 01:40:07.034468,80889
26719470,162,Active,3,39,2015-01-26 01:40:07.039624,80889
26719471,163,Active,20,18,2015-01-26 01:40:07.045218,80889
26719472,164,Active,9,27,2015-01-26 01:40:07.050796,80889
26719473,165,Active,10,29,2015-01-26 01:40:07.072263,80889
26719474,166,Active,9,21,2015-01-26 01:40:07.077803,80889
26719475,167,Active,6,23,2015-01-26 01:40:07.084294,80889
26719476,168,Active,10,32,2015-01-26 01:40:07.11125,80889
26719477,169,Active,0,38,2015-01-26 01:40:07.11665,80889
26719478,170,Active,2,32,2015-01-26 01:40:07.121617,80889
26719479,171,Active,4,23,2015-01-26 01:40:07.126699,80889
26719480,172,Active,7,24,2015-01-26 01:40:07.131752,80889
26719481,173,Active,0,30,2015-01-26 01:40:07.137626,80889
26719482,174,Active,9,23,2015-01-26 01:40:07.14277,80889
26719483,175,Active,10,21,2015-01-26 01:40:07.148068,80889
26719484,176,Active,13,19,2015-01-26 01:40:07.153746,80889
26719485,177,Active,2,27,2015-01-26 01:40:07.159183,80889
26719486,178,Active,8,17,2015-01-26 01:40:07.164584,80889
26719487,179,Active,11,15,2015-01-26 01:40:07.169618,80889
26719488,180,Active,3,28,2015-01-26 01:40:07.174944,80889
26719489,181,Active,0,26,2015-01-26 01:40:07.180231,80889
26719490,182,Active,1,14,2015-01-26 01:40:07.185442,80889
26719491,183,Active,8,31,2015-01-26 01:40:07.190649,80889
26719492,184,Active,18,24,2015-01-26 01:40:07.196403,80889
26719493,185,Active,13,18,2015-01-26 01:40:07.202274,80889
26719494,186,Active,19,19,2015-01-26 01:40:07.223912,80889
26719495,187,Active,12,27,2015-01-26 01:40:07.229643,80889
26719496,188,Active,5,28,2015-01-26 01:40:07.23536,80889
26719497,189,Active,6,36,2015-01-26 01:40:07.243765,80889
26719498,190,Active,6,16,2015-01-26 01:40:07.251465,80889
26719499,191,Active,5,14,2015-01-26 01:40:07.274744,80889
26719500,192,Active,4,30,2015-01-26 01:40:07.283652,80889
26719501,193,Active,6,16,2015-01-26 01:40:07.289053,80889
26719502,194,Active,0,29,2015-01-26 01:40:07.297056,80889
26719503,195,Active,13,9,2015-01-26 01:40:07.32307,80889
26719504,196,Active,16,26,2015-01-26 01:40:07.32933,80889
26719505,197,Active,3,28,2015-01-26 01:40:07.334983,80889
26719506,198,Active,5,18,2015-01-26 01:40:07.340456,80889
26719507,199,Active,9,14,2015-01-26 01:40:07.347015,80889
26719508,200,Active,4,19,2015-01-26 01:40:07.352849,80889
26719509,201,Active,0,23,2015-01-26 01:40:07.376718,80889
26719510,202,Active,3,15,2015-01-26 01:40:07.383004,80889
26719511,203,Active,5,49,2015-01-26 01:40:07.388349,80889
26719512,204,Active,1,38,2015-01-26 01:40:07.393626,80889
26719513,205,Active,7,24,2015-01-26 01:40:07.399178,80889
26719514,206,Active,8,38,2015-01-26 01:40:07.404624,80889
26719515,207,Active,2,29,2015-01-26 01:40:07.429175,80889
26719516,208,Active,7,20,2015-01-26 01:40:07.434665,80889
26719517,209,Active,6,24,2015-01-26 01:40:07.44033,80889
26719518,210,Active,7,23,2015-01-26 01:40:07.445501,80889
26719519,211,Active,6,32,2015-01-26 01:40:07.450648,80889
26719520,212,Active,8,19,2015-01-26 01:40:07.455546,80889
26719521,213,Active,3,41,2015-01-26 01:40:07.480812,80889
26719522,214,Active,2,25,2015-01-26 01:40:07.487163,80889
26719523,215,Active,0,24,2015-01-26 01:40:07.492503,80889
26719524,216,Active,2,23,2015-01-26 01:40:07.497484,80889
26719525,217,Active,3,36,2015-01-26 01:40:07.502972,80889
26719526,218,Active,3,29,2015-01-26 01:40:07.508458,80889
26719527,219,Active,6,29,2015-01-26 01:40:07.530646,80889
26719528,220,Active,20,31,2015-01-26 01:40:07.536304,80889
26719529,221,Active,1,22,2015-01-26 01:40:07.543037,80889
26719530,222,Active,9,43,2015-01-26 01:40:07.548197,80889
26719531,223,Active,9,32,2015-01-26 01:40:07.553452,80889
26719532,224,Active,8,29,2015-01-26 01:40:07.591313,80889
26719533,225,Active,17,13,2015-01-26 01:40:07.596514,80889
26719534,226,Active,5,26,2015-01-26 01:40:07.601388,80889
26719535,227,Active,1,28,2015-01-26 01:40:07.606648,80889
26719536,228,Active,5,54,2015-01-26 01:40:07.632877,80889
26719537,229,Active,3,36,2015-01-26 01:40:07.638541,80889
26719538,230,Active,11,24,2015-01-26 01:40:07.643686,80889
26719539,231,Active,11,24,2015-01-26 01:40:07.649375,80889
26719540,232,Active,18,16,2015-01-26 01:40:07.654321,80889
26719541,233,Active,1,38,2015-01-26 01:40:07.659548,80889
26719542,234,Active,3,28,2015-01-26 01:40:07.683485,80889
26719543,235,Active,34,13,2015-01-26 01:40:07.689079,80889
26719544,236,Active,17,5,2015-01-26 01:40:07.694425,80889
26719545,237,Active,9,29,2015-01-26 01:40:07.700871,80889
26719546,238,Active,16,30,2015-01-26 01:40:07.707164,80889
26719547,239,Active,20,2,2015-01-26 01:40:07.713297,80889
26719548,240,Active,29,29,2015-01-26 01:40:07.735728,80889
26719549,241,Active,9,30,2015-01-26 01:40:07.741363,80889
26719550,242,Active,14,21,2015-01-26 01:40:07.747088,80889
26719551,243,Active,13,21,2015-01-26 01:40:07.752135,80889
26719552,244,Active,3,54,2015-01-26 01:40:07.757203,80889
26719553,245,Active,0,57,2015-01-26 01:40:07.762275,80889
26719554,246,Active,5,31,2015-01-26 01:40:07.770297,80889
26719555,247,Active,5,26,2015-01-26 01:40:07.776773,80889
26719556,248,Active,2,38,2015-01-26 01:40:07.782,80889
26719557,249,Active,20,21,2015-01-26 01:40:07.787089,80889
26719558,250,Active,15,32,2015-01-26 01:40:07.791988,80889
26719559,251,Active,2,35,2015-01-26 01:40:07.797561,80889
26719560,252,Active,0,45,2015-01-26 01:40:07.802583,80889
26719561,253,Active,32,26,2015-01-26 01:40:07.807704,80889
26719562,254,Active,3,28,2015-01-26 01:40:07.812642,80889
26719563,255,Active,16,11,2015-01-26 01:40:07.817834,80889
26719564,256,Active,9,17,2015-01-26 01:40:07.822899,80889
26719565,257,Active,5,20,2015-01-26 01:40:07.827813,80889
26719566,258,Active,7,32,2015-01-26 01:40:07.832766,80889
26719567,259,Active,15,20,2015-01-26 01:40:07.83768,80889
26719568,260,Active,5,39,2015-01-26 01:40:07.842895,80889
26719569,261,Active,21,17,2015-01-26 01:40:07.848673,80889
26719570,262,Active,16,23,2015-01-26 01:40:07.853768,80889
26719571,263,Active,17,18,2015-01-26 01:40:07.858666,80889
26719572,264,Active,11,30,2015-01-26 01:40:07.863739,80889
26719573,265,Active,21,15,2015-01-26 01:40:07.869051,80889
26719574,266,Active,7,50,2015-01-26 01:40:07.891803,80889
26719575,267,Active,1,50,2015-01-26 01:40:07.89691,80889
26719576,268,Active,1,48,2015-01-26 01:40:07.902444,80889
26719577,269,Active,4,30,2015-01-26 01:40:07.907382,80889
26719578,270,Active,0,35,2015-01-26 01:40:07.912586,80889
26719579,271,Active,5,20,2015-01-26 01:40:07.917448,80889
26719580,272,Active,3,44,2015-01-26 01:40:07.940369,80889
26719581,273,Active,32,26,2015-01-26 01:40:07.9456,80889
26719582,274,Active,5,24,2015-01-26 01:40:07.9506,80889
26719583,275,Active,13,23,2015-01-26 01:40:07.955659,80889
26719584,276,Active,17,34,2015-01-26 01:40:07.960581,80889
26719585,277,Active,19,21,2015-01-26 01:40:07.96552,80889
26719586,330,Active,2,28,2015-01-26 01:40:07.987888,80889
26719587,278,Active,5,23,2015-01-26 01:40:07.993388,80889
26719588,279,Active,10,34,2015-01-26 01:40:08.039685,80889
26719589,280,Active,2,34,2015-01-26 01:40:08.047267,80889
26719590,281,Active,6,40,2015-01-26 01:40:08.053654,80889
26719591,282,Active,8,16,2015-01-26 01:40:08.059187,80889
26719592,283,Active,4,31,2015-01-26 01:40:08.06487,80889
26719593,284,Active,13,36,2015-01-26 01:40:08.089158,80889
26719594,285,Active,1,31,2015-01-26 01:40:08.09556,80889
26719595,286,Active,15,11,2015-01-26 01:40:08.10083,80889
26719596,287,Active,3,24,2015-01-26 01:40:08.106445,80889
26719597,288,Active,33,19,2015-01-26 01:40:08.111667,80889
26719598,289,Active,10,24,2015-01-26 01:40:08.116755,80889
26719599,290,Active,9,22,2015-01-26 01:40:08.140077,80889
26719600,291,Active,33,25,2015-01-26 01:40:08.145218,80889
26719601,292,Active,11,27,2015-01-26 01:40:08.150249,80889
26719602,293,Active,34,26,2015-01-26 01:40:08.155186,80889
26719603,294,Active,2,37,2015-01-26 01:40:08.160184,80889
26719604,295,Active,25,42,2015-01-26 01:40:08.165324,80889
26719605,296,Active,9,41,2015-01-26 01:40:08.188764,80889
26719606,297,Active,13,38,2015-01-26 01:40:08.194213,80889
26719607,298,Active,13,43,2015-01-26 01:40:08.199049,80889
26719608,299,Active,0,38,2015-01-26 01:40:08.203977,80889
26719609,300,Active,5,34,2015-01-26 01:40:08.209126,80889
26719610,301,Active,12,47,2015-01-26 01:40:08.213936,80889
26719611,302,Active,8,30,2015-01-26 01:40:08.219143,80889
26719612,303,Active,29,12,2015-01-26 01:40:08.241186,80889
26719613,304,Active,15,21,2015-01-26 01:40:08.247011,80889
26719614,305,Active,10,29,2015-01-26 01:40:08.252435,80889
26719615,306,Active,10,32,2015-01-26 01:40:08.2576,80889
26719616,307,Active,4,45,2015-01-26 01:40:08.263049,80889
26719617,308,Active,13,18,2015-01-26 01:40:08.26904,80889
26719618,309,Active,6,23,2015-01-26 01:40:08.291449,80889
26719619,310,Active,11,26,2015-01-26 01:40:08.296386,80889
26719620,311,Active,15,24,2015-01-26 01:40:08.301587,80889
26719621,312,Active,8,23,2015-01-26 01:40:08.310423,80889
26719622,313,Inactive,0,39,2015-01-26 01:40:08.315586,80889
26719623,314,Active,0,25,2015-01-26 01:40:08.339321,80889
26719624,315,Active,9,29,2015-01-26 01:40:08.345309,80889
26719625,316,Active,15,15,2015-01-26 01:40:08.350384,80889
26719626,317,Active,8,7,2015-01-26 01:40:08.355204,80889
26719627,318,Active,12,15,2015-01-26 01:40:08.360143,80889
26719628,319,Inactive,0,30,2015-01-26 01:40:08.365293,80889
26719629,320,Active,1,34,2015-01-26 01:40:08.389451,80889
26719630,321,Active,6,4,2015-01-26 01:40:08.395469,80889
26719631,322,Active,16,32,2015-01-26 01:40:08.40058,80889
26719632,332,Active,17,7,2015-01-26 01:40:08.406613,80889
26719633,327,Active,12,22,2015-01-26 01:40:08.412002,80889
26719634,328,Active,4,35,2015-01-26 01:40:08.417084,80889
26719635,331,Active,3,33,2015-01-26 01:40:08.441094,80889
26719636,323,Active,10,28,2015-01-26 01:40:08.446814,80889
26719637,324,Active,10,32,2015-01-26 01:40:08.452348,80889
26719638,329,Active,16,17,2015-01-26 01:40:08.457251,80889
26719639,325,Active,4,32,2015-01-26 01:40:08.467116,80889
26719640,326,Active,6,19,2015-01-26 01:40:08.472223,80889
26719641,1,Active,9,30,2015-01-26 01:50:06.08496,80890
26719642,2,Active,3,29,2015-01-26 01:50:06.097334,80890
26719643,3,Active,4,21,2015-01-26 01:50:06.102434,80890
26719644,4,Active,4,57,2015-01-26 01:50:06.107249,80890
26719645,5,Active,8,29,2015-01-26 01:50:06.11203,80890
26719646,6,Active,11,8,2015-01-26 01:50:06.119158,80890
26719647,7,Active,13,6,2015-01-26 01:50:06.123987,80890
26719648,8,Active,18,13,2015-01-26 01:50:06.128872,80890
26719649,9,Active,14,16,2015-01-26 01:50:06.133623,80890
26719650,10,Active,5,41,2015-01-26 01:50:06.13976,80890
26719651,11,Active,8,16,2015-01-26 01:50:06.143961,80890
26719652,12,Active,1,18,2015-01-26 01:50:06.148421,80890
26719653,13,Active,5,33,2015-01-26 01:50:06.152533,80890
26719654,14,Active,14,18,2015-01-26 01:50:06.157005,80890
26719655,15,Active,5,25,2015-01-26 01:50:06.162348,80890
26719656,16,Active,0,33,2015-01-26 01:50:06.166938,80890
26719657,17,Active,4,25,2015-01-26 01:50:06.17151,80890
26719658,18,Active,4,45,2015-01-26 01:50:06.175641,80890
26719659,19,Active,15,8,2015-01-26 01:50:06.183919,80890
26719660,20,Active,7,17,2015-01-26 01:50:06.188424,80890
26719661,21,Active,11,24,2015-01-26 01:50:06.192944,80890
26719662,22,Active,10,36,2015-01-26 01:50:06.197529,80890
26719663,23,Active,5,40,2015-01-26 01:50:06.202664,80890
26719664,24,Active,8,38,2015-01-26 01:50:06.2068,80890
26719665,25,Active,30,20,2015-01-26 01:50:06.210923,80890
26719666,26,Active,4,26,2015-01-26 01:50:06.214916,80890
26719667,27,Active,3,42,2015-01-26 01:50:06.219773,80890
26719668,28,Active,10,17,2015-01-26 01:50:06.223864,80890
26719669,29,Active,1,22,2015-01-26 01:50:06.228163,80890
26719670,30,Active,13,25,2015-01-26 01:50:06.23266,80890
26719671,31,Active,3,35,2015-01-26 01:50:06.237446,80890
26719672,32,Active,4,29,2015-01-26 01:50:06.244057,80890
26719673,33,Active,5,25,2015-01-26 01:50:06.248712,80890
26719674,34,Active,17,19,2015-01-26 01:50:06.253357,80890
26719675,35,Active,8,47,2015-01-26 01:50:06.25753,80890
26719676,36,Active,3,21,2015-01-26 01:50:06.261743,80890
26719677,37,Active,3,20,2015-01-26 01:50:06.266556,80890
26719678,38,Active,3,35,2015-01-26 01:50:06.270856,80890
26719679,39,Active,2,37,2015-01-26 01:50:06.275161,80890
26719680,40,Active,11,28,2015-01-26 01:50:06.279362,80890
26719681,41,Active,13,17,2015-01-26 01:50:06.283384,80890
26719682,42,Active,3,28,2015-01-26 01:50:06.287509,80890
26719683,43,Active,1,22,2015-01-26 01:50:06.291745,80890
26719684,44,Active,8,15,2015-01-26 01:50:06.295921,80890
26719685,45,Active,20,10,2015-01-26 01:50:06.300126,80890
26719686,46,Active,3,28,2015-01-26 01:50:06.304265,80890
26719687,47,Active,2,21,2015-01-26 01:50:06.309322,80890
26719688,48,Active,4,15,2015-01-26 01:50:06.314612,80890
26719689,49,Active,0,23,2015-01-26 01:50:06.320564,80890
26719690,50,Active,4,23,2015-01-26 01:50:06.327929,80890
26719691,51,Active,4,35,2015-01-26 01:50:06.33202,80890
26719692,52,Active,12,15,2015-01-26 01:50:06.33616,80890
26719693,53,Active,5,27,2015-01-26 01:50:06.340285,80890
26719694,54,Inactive,0,3,2015-01-26 01:50:06.34507,80890
26719695,55,Active,6,25,2015-01-26 01:50:06.349507,80890
26719696,56,Active,11,28,2015-01-26 01:50:06.37879,80890
26719697,57,Active,0,22,2015-01-26 01:50:06.385363,80890
26719698,58,Active,7,31,2015-01-26 01:50:06.391018,80890
26719699,59,Active,3,32,2015-01-26 01:50:06.395889,80890
26719700,60,Active,7,20,2015-01-26 01:50:06.401284,80890
26719701,61,Active,2,20,2015-01-26 01:50:06.407127,80890
26719702,62,Active,2,28,2015-01-26 01:50:06.412147,80890
26719703,63,Active,4,23,2015-01-26 01:50:06.417181,80890
26719704,64,Active,5,30,2015-01-26 01:50:06.422067,80890
26719705,65,Active,1,23,2015-01-26 01:50:06.426896,80890
26719706,66,Active,32,25,2015-01-26 01:50:06.432202,80890
26719707,67,Active,10,16,2015-01-26 01:50:06.437148,80890
26719708,68,Active,2,21,2015-01-26 01:50:06.442525,80890
26719709,69,Active,17,12,2015-01-26 01:50:06.447306,80890
26719710,70,Active,10,21,2015-01-26 01:50:06.452164,80890
26719711,71,Active,0,18,2015-01-26 01:50:06.460997,80890
26719712,72,Active,0,22,2015-01-26 01:50:06.465806,80890
26719713,73,Active,0,18,2015-01-26 01:50:06.471781,80890
26719714,74,Active,11,25,2015-01-26 01:50:06.476609,80890
26719715,75,Active,5,25,2015-01-26 01:50:06.481619,80890
26719716,76,Active,13,46,2015-01-26 01:50:06.48629,80890
26719717,77,Active,4,23,2015-01-26 01:50:06.491243,80890
26719718,78,Active,5,36,2015-01-26 01:50:06.496485,80890
26719719,79,Active,11,35,2015-01-26 01:50:06.502019,80890
26719720,80,Active,3,15,2015-01-26 01:50:06.507148,80890
26719721,81,Active,1,28,2015-01-26 01:50:06.51218,80890
26719722,82,Active,1,19,2015-01-26 01:50:06.516969,80890
26719723,83,Active,16,37,2015-01-26 01:50:06.522174,80890
26719724,84,Active,1,29,2015-01-26 01:50:06.527364,80890
26719725,85,Active,3,21,2015-01-26 01:50:06.532639,80890
26719726,86,Active,2,32,2015-01-26 01:50:06.537652,80890
26719727,87,Active,9,16,2015-01-26 01:50:06.542343,80890
26719728,88,Active,5,30,2015-01-26 01:50:06.547221,80890
26719729,89,Active,18,35,2015-01-26 01:50:06.554339,80890
26719730,90,Active,8,28,2015-01-26 01:50:06.559148,80890
26719731,91,Active,8,15,2015-01-26 01:50:06.564055,80890
26719732,92,Active,13,18,2015-01-26 01:50:06.568931,80890
26719733,93,Active,7,29,2015-01-26 01:50:06.573779,80890
26719734,94,Active,19,13,2015-01-26 01:50:06.578966,80890
26719735,95,Active,7,30,2015-01-26 01:50:06.584286,80890
26719736,96,Active,7,24,2015-01-26 01:50:06.589297,80890
26719737,97,Active,2,25,2015-01-26 01:50:06.594078,80890
26719738,98,Active,1,40,2015-01-26 01:50:06.59905,80890
26719739,99,Active,19,14,2015-01-26 01:50:06.603974,80890
26719740,100,Active,3,27,2015-01-26 01:50:06.609803,80890
26719741,101,Active,14,15,2015-01-26 01:50:06.614629,80890
26719742,102,Active,17,5,2015-01-26 01:50:06.620361,80890
26719743,103,Active,3,36,2015-01-26 01:50:06.625519,80890
26719744,104,Active,7,21,2015-01-26 01:50:06.630425,80890
26719745,105,Active,3,40,2015-01-26 01:50:06.635545,80890
26719746,106,Active,15,12,2015-01-26 01:50:06.640879,80890
26719747,107,Active,2,28,2015-01-26 01:50:06.645836,80890
26719748,108,Inactive,0,3,2015-01-26 01:50:06.650805,80890
26719749,109,Active,2,36,2015-01-26 01:50:06.655648,80890
26719750,110,Active,0,27,2015-01-26 01:50:06.662006,80890
26719751,111,Active,3,26,2015-01-26 01:50:06.666481,80890
26719752,112,Inactive,14,25,2015-01-26 01:50:06.693618,80890
26719753,113,Active,23,27,2015-01-26 01:50:06.699504,80890
26719754,114,Active,6,28,2015-01-26 01:50:06.704535,80890
26719755,115,Active,3,24,2015-01-26 01:50:06.7095,80890
26719756,116,Active,2,37,2015-01-26 01:50:06.714496,80890
26719757,117,Active,6,17,2015-01-26 01:50:06.720659,80890
26719758,118,Active,3,28,2015-01-26 01:50:06.725746,80890
26719759,119,Active,1,38,2015-01-26 01:50:06.730689,80890
26719760,120,Active,0,27,2015-01-26 01:50:06.735975,80890
26719761,121,Active,9,15,2015-01-26 01:50:06.741252,80890
26719762,122,Active,3,28,2015-01-26 01:50:06.74643,80890
26719763,123,Active,1,25,2015-01-26 01:50:06.75132,80890
26719764,124,Active,6,30,2015-01-26 01:50:06.756161,80890
26719765,125,Active,3,34,2015-01-26 01:50:06.761104,80890
26719766,126,Active,5,19,2015-01-26 01:50:06.766118,80890
26719767,127,Active,2,24,2015-01-26 01:50:06.77108,80890
26719768,128,Active,11,8,2015-01-26 01:50:06.776085,80890
26719769,129,Active,9,18,2015-01-26 01:50:06.780957,80890
26719770,130,Active,5,18,2015-01-26 01:50:06.785852,80890
26719771,131,Active,3,20,2015-01-26 01:50:06.791038,80890
26719772,132,Active,1,34,2015-01-26 01:50:06.795757,80890
26719773,133,Active,5,22,2015-01-26 01:50:06.800979,80890
26719774,134,Active,7,26,2015-01-26 01:50:06.806023,80890
26719775,135,Active,9,33,2015-01-26 01:50:06.810999,80890
26719776,136,Active,0,23,2015-01-26 01:50:06.816081,80890
26719777,137,Active,0,28,2015-01-26 01:50:06.821175,80890
26719778,138,Active,9,29,2015-01-26 01:50:06.826044,80890
26719779,139,Active,1,35,2015-01-26 01:50:06.832429,80890
26719780,140,Active,16,10,2015-01-26 01:50:06.837715,80890
26719781,141,Active,6,17,2015-01-26 01:50:06.84298,80890
26719782,142,Active,11,30,2015-01-26 01:50:06.848019,80890
26719783,143,Active,3,19,2015-01-26 01:50:06.853035,80890
26719784,144,Active,10,17,2015-01-26 01:50:06.857837,80890
26719785,145,Active,7,28,2015-01-26 01:50:06.862781,80890
26719786,146,Active,20,35,2015-01-26 01:50:06.868186,80890
26719787,147,Active,2,37,2015-01-26 01:50:06.873159,80890
26719788,148,Active,0,43,2015-01-26 01:50:06.878491,80890
26719789,149,Active,2,54,2015-01-26 01:50:06.883685,80890
26719790,150,Active,18,28,2015-01-26 01:50:06.888794,80890
26719791,151,Active,0,27,2015-01-26 01:50:06.8936,80890
26719792,152,Active,3,28,2015-01-26 01:50:06.898374,80890
26719793,153,Active,5,28,2015-01-26 01:50:06.903455,80890
26719794,154,Active,12,22,2015-01-26 01:50:06.90833,80890
26719795,155,Active,16,21,2015-01-26 01:50:06.91377,80890
26719796,156,Active,4,30,2015-01-26 01:50:06.922567,80890
26719797,157,Active,1,26,2015-01-26 01:50:06.927754,80890
26719798,158,Active,7,12,2015-01-26 01:50:06.932306,80890
26719799,159,Active,6,24,2015-01-26 01:50:06.937522,80890
26719800,160,Active,2,39,2015-01-26 01:50:06.942575,80890
26719801,161,Active,1,45,2015-01-26 01:50:06.947584,80890
26719802,162,Active,3,39,2015-01-26 01:50:06.95323,80890
26719803,163,Active,22,16,2015-01-26 01:50:06.958382,80890
26719804,164,Active,9,27,2015-01-26 01:50:06.963613,80890
26719805,165,Active,11,28,2015-01-26 01:50:06.968615,80890
26719806,166,Active,9,21,2015-01-26 01:50:06.973764,80890
26719807,167,Active,6,23,2015-01-26 01:50:06.981437,80890
26719808,168,Active,10,32,2015-01-26 01:50:07.007957,80890
26719809,169,Active,0,38,2015-01-26 01:50:07.013947,80890
26719810,170,Active,2,32,2015-01-26 01:50:07.01946,80890
26719811,171,Active,4,23,2015-01-26 01:50:07.024542,80890
26719812,172,Active,7,24,2015-01-26 01:50:07.029817,80890
26719813,173,Active,0,30,2015-01-26 01:50:07.035909,80890
26719814,174,Active,9,23,2015-01-26 01:50:07.041009,80890
26719815,175,Active,10,21,2015-01-26 01:50:07.04612,80890
26719816,176,Active,13,19,2015-01-26 01:50:07.051157,80890
26719817,177,Active,2,27,2015-01-26 01:50:07.056161,80890
26719818,178,Active,8,17,2015-01-26 01:50:07.062485,80890
26719819,179,Active,11,15,2015-01-26 01:50:07.06745,80890
26719820,180,Active,3,28,2015-01-26 01:50:07.072307,80890
26719821,181,Active,0,26,2015-01-26 01:50:07.077333,80890
26719822,182,Active,1,14,2015-01-26 01:50:07.082184,80890
26719823,183,Active,8,31,2015-01-26 01:50:07.087141,80890
26719824,184,Active,18,24,2015-01-26 01:50:07.091918,80890
26719825,185,Active,14,17,2015-01-26 01:50:07.096824,80890
26719826,186,Active,20,18,2015-01-26 01:50:07.103606,80890
26719827,187,Active,12,27,2015-01-26 01:50:07.10847,80890
26719828,188,Active,5,28,2015-01-26 01:50:07.113763,80890
26719829,189,Active,6,36,2015-01-26 01:50:07.118669,80890
26719830,190,Active,6,16,2015-01-26 01:50:07.123891,80890
26719831,191,Active,5,14,2015-01-26 01:50:07.128917,80890
26719832,192,Active,3,31,2015-01-26 01:50:07.133906,80890
26719833,193,Active,9,13,2015-01-26 01:50:07.138892,80890
26719834,194,Active,0,29,2015-01-26 01:50:07.143892,80890
26719835,195,Active,13,9,2015-01-26 01:50:07.148679,80890
26719836,196,Active,16,26,2015-01-26 01:50:07.153528,80890
26719837,197,Active,3,28,2015-01-26 01:50:07.158629,80890
26719838,198,Active,5,18,2015-01-26 01:50:07.163683,80890
26719839,199,Active,9,14,2015-01-26 01:50:07.168562,80890
26719840,200,Active,4,19,2015-01-26 01:50:07.174276,80890
26719841,201,Active,0,23,2015-01-26 01:50:07.179145,80890
26719842,202,Active,3,15,2015-01-26 01:50:07.184328,80890
26719843,203,Active,5,49,2015-01-26 01:50:07.189134,80890
26719844,204,Active,1,38,2015-01-26 01:50:07.194173,80890
26719845,205,Active,7,24,2015-01-26 01:50:07.199227,80890
26719846,206,Active,8,38,2015-01-26 01:50:07.204501,80890
26719847,207,Active,2,29,2015-01-26 01:50:07.209664,80890
26719848,208,Active,7,20,2015-01-26 01:50:07.216688,80890
26719849,209,Active,6,24,2015-01-26 01:50:07.221528,80890
26719850,210,Active,7,23,2015-01-26 01:50:07.22733,80890
26719851,211,Active,6,32,2015-01-26 01:50:07.248449,80890
26719852,212,Active,9,18,2015-01-26 01:50:07.253649,80890
26719853,213,Active,3,41,2015-01-26 01:50:07.262916,80890
26719854,214,Active,2,25,2015-01-26 01:50:07.271113,80890
26719855,215,Active,0,24,2015-01-26 01:50:07.276934,80890
26719856,216,Active,2,23,2015-01-26 01:50:07.282406,80890
26719857,217,Active,3,36,2015-01-26 01:50:07.287602,80890
26719858,218,Active,4,28,2015-01-26 01:50:07.29259,80890
26719859,219,Active,6,29,2015-01-26 01:50:07.297663,80890
26719860,220,Active,21,30,2015-01-26 01:50:07.302578,80890
26719861,221,Active,1,22,2015-01-26 01:50:07.307681,80890
26719862,222,Active,9,43,2015-01-26 01:50:07.313427,80890
26719863,223,Active,9,32,2015-01-26 01:50:07.319301,80890
26719864,224,Active,8,29,2015-01-26 01:50:07.346844,80890
26719865,225,Active,16,14,2015-01-26 01:50:07.352703,80890
26719866,226,Active,5,26,2015-01-26 01:50:07.358686,80890
26719867,227,Active,1,28,2015-01-26 01:50:07.364285,80890
26719868,228,Active,5,54,2015-01-26 01:50:07.369061,80890
26719869,229,Active,3,36,2015-01-26 01:50:07.374341,80890
26719870,230,Active,11,24,2015-01-26 01:50:07.379619,80890
26719871,231,Active,14,21,2015-01-26 01:50:07.385093,80890
26719872,232,Active,18,16,2015-01-26 01:50:07.390157,80890
26719873,233,Active,1,38,2015-01-26 01:50:07.396177,80890
26719874,234,Active,3,28,2015-01-26 01:50:07.401466,80890
26719875,235,Active,34,13,2015-01-26 01:50:07.406496,80890
26719876,236,Active,16,6,2015-01-26 01:50:07.411412,80890
26719877,237,Active,9,29,2015-01-26 01:50:07.416239,80890
26719878,238,Active,20,26,2015-01-26 01:50:07.421376,80890
26719879,239,Active,20,2,2015-01-26 01:50:07.42671,80890
26719880,240,Active,29,29,2015-01-26 01:50:07.431647,80890
26719881,241,Active,9,30,2015-01-26 01:50:07.43683,80890
26719882,242,Active,14,21,2015-01-26 01:50:07.441751,80890
26719883,243,Active,13,21,2015-01-26 01:50:07.446855,80890
26719884,244,Active,2,55,2015-01-26 01:50:07.451841,80890
26719885,245,Active,0,57,2015-01-26 01:50:07.457117,80890
26719886,246,Active,4,32,2015-01-26 01:50:07.462046,80890
26719887,247,Active,5,26,2015-01-26 01:50:07.467199,80890
26719888,248,Active,3,37,2015-01-26 01:50:07.472009,80890
26719889,249,Active,21,20,2015-01-26 01:50:07.476957,80890
26719890,250,Active,15,32,2015-01-26 01:50:07.48208,80890
26719891,251,Active,3,34,2015-01-26 01:50:07.48723,80890
26719892,252,Active,0,45,2015-01-26 01:50:07.49298,80890
26719893,253,Active,24,34,2015-01-26 01:50:07.497994,80890
26719894,254,Active,3,28,2015-01-26 01:50:07.503851,80890
26719895,255,Active,16,11,2015-01-26 01:50:07.510389,80890
26719896,256,Active,10,16,2015-01-26 01:50:07.515416,80890
26719897,257,Active,5,20,2015-01-26 01:50:07.520843,80890
26719898,258,Active,8,31,2015-01-26 01:50:07.525982,80890
26719899,259,Active,15,20,2015-01-26 01:50:07.532281,80890
26719900,260,Active,5,39,2015-01-26 01:50:07.538651,80890
26719901,261,Active,21,17,2015-01-26 01:50:07.543655,80890
26719902,262,Active,16,23,2015-01-26 01:50:07.554767,80890
26719903,263,Active,17,18,2015-01-26 01:50:07.56433,80890
26719904,264,Active,11,30,2015-01-26 01:50:07.570281,80890
26719905,265,Active,22,14,2015-01-26 01:50:07.57855,80890
26719906,266,Active,7,50,2015-01-26 01:50:07.584044,80890
26719907,267,Active,1,50,2015-01-26 01:50:07.58925,80890
26719908,268,Active,1,48,2015-01-26 01:50:07.594582,80890
26719909,269,Active,4,30,2015-01-26 01:50:07.5997,80890
26719910,270,Active,1,34,2015-01-26 01:50:07.604586,80890
26719911,271,Active,4,21,2015-01-26 01:50:07.609543,80890
26719912,272,Active,3,44,2015-01-26 01:50:07.614623,80890
26719913,273,Active,34,24,2015-01-26 01:50:07.619745,80890
26719914,274,Active,5,24,2015-01-26 01:50:07.624709,80890
26719915,275,Active,13,23,2015-01-26 01:50:07.629854,80890
26719916,276,Active,17,34,2015-01-26 01:50:07.63519,80890
26719917,277,Active,18,22,2015-01-26 01:50:07.640474,80890
26719918,330,Active,2,28,2015-01-26 01:50:07.646013,80890
26719919,278,Active,5,23,2015-01-26 01:50:07.652594,80890
26719920,279,Active,11,33,2015-01-26 01:50:07.68132,80890
26719921,280,Active,2,34,2015-01-26 01:50:07.687294,80890
26719922,281,Active,6,40,2015-01-26 01:50:07.692523,80890
26719923,282,Active,8,16,2015-01-26 01:50:07.69772,80890
26719924,283,Active,5,30,2015-01-26 01:50:07.703005,80890
26719925,284,Active,13,36,2015-01-26 01:50:07.708378,80890
26719926,285,Active,2,30,2015-01-26 01:50:07.713351,80890
26719927,286,Active,15,11,2015-01-26 01:50:07.718423,80890
26719928,287,Active,4,23,2015-01-26 01:50:07.723512,80890
26719929,288,Active,32,20,2015-01-26 01:50:07.728532,80890
26719930,289,Active,12,22,2015-01-26 01:50:07.733637,80890
26719931,290,Active,9,22,2015-01-26 01:50:07.738888,80890
26719932,291,Active,32,26,2015-01-26 01:50:07.744053,80890
26719933,292,Active,11,27,2015-01-26 01:50:07.749756,80890
26719934,293,Active,35,25,2015-01-26 01:50:07.754671,80890
26719935,294,Active,2,37,2015-01-26 01:50:07.759777,80890
26719936,295,Active,25,42,2015-01-26 01:50:07.765025,80890
26719937,296,Active,9,41,2015-01-26 01:50:07.769951,80890
26719938,297,Active,12,39,2015-01-26 01:50:07.774972,80890
26719939,298,Active,13,43,2015-01-26 01:50:07.779844,80890
26719940,299,Active,0,38,2015-01-26 01:50:07.788372,80890
26719941,300,Active,4,35,2015-01-26 01:50:07.793292,80890
26719942,301,Active,12,47,2015-01-26 01:50:07.798383,80890
26719943,302,Active,9,29,2015-01-26 01:50:07.803189,80890
26719944,303,Active,30,11,2015-01-26 01:50:07.808236,80890
26719945,304,Active,16,20,2015-01-26 01:50:07.813172,80890
26719946,305,Active,9,30,2015-01-26 01:50:07.818102,80890
26719947,306,Active,10,32,2015-01-26 01:50:07.823084,80890
26719948,307,Active,4,45,2015-01-26 01:50:07.827917,80890
26719949,308,Active,13,18,2015-01-26 01:50:07.833157,80890
26719950,309,Active,6,23,2015-01-26 01:50:07.837986,80890
26719951,310,Active,9,28,2015-01-26 01:50:07.843037,80890
26719952,311,Active,14,25,2015-01-26 01:50:07.847884,80890
26719953,312,Active,10,21,2015-01-26 01:50:07.852983,80890
26719954,313,Inactive,0,39,2015-01-26 01:50:07.858221,80890
26719955,314,Active,0,25,2015-01-26 01:50:07.863345,80890
26719956,315,Active,8,30,2015-01-26 01:50:07.868316,80890
26719957,316,Active,15,15,2015-01-26 01:50:07.873251,80890
26719958,317,Active,8,7,2015-01-26 01:50:07.878156,80890
26719959,318,Active,11,16,2015-01-26 01:50:07.883175,80890
26719960,319,Inactive,0,30,2015-01-26 01:50:07.892721,80890
26719961,320,Active,1,34,2015-01-26 01:50:07.898193,80890
26719962,321,Active,6,4,2015-01-26 01:50:07.9046,80890
26719963,322,Active,16,32,2015-01-26 01:50:07.909833,80890
26719964,332,Active,18,6,2015-01-26 01:50:07.914996,80890
26719965,327,Active,12,22,2015-01-26 01:50:07.920143,80890
26719966,328,Active,4,35,2015-01-26 01:50:07.925164,80890
26719967,331,Active,3,33,2015-01-26 01:50:07.930574,80890
26719968,323,Active,10,27,2015-01-26 01:50:07.935584,80890
26719969,324,Active,10,32,2015-01-26 01:50:07.940848,80890
26719970,329,Active,17,16,2015-01-26 01:50:07.946147,80890
26719971,325,Active,4,32,2015-01-26 01:50:07.951352,80890
26719972,326,Active,6,19,2015-01-26 01:50:07.956709,80890
26719973,1,Active,9,30,2015-01-26 02:00:05.410185,80891
26719974,2,Active,4,28,2015-01-26 02:00:05.435262,80891
26719975,3,Active,5,20,2015-01-26 02:00:05.440091,80891
26719976,4,Active,4,57,2015-01-26 02:00:05.444396,80891
26719977,5,Active,7,30,2015-01-26 02:00:05.449079,80891
26719978,6,Active,11,8,2015-01-26 02:00:05.454229,80891
26719979,7,Active,13,6,2015-01-26 02:00:05.4584,80891
26719980,8,Active,18,13,2015-01-26 02:00:05.462998,80891
26719981,9,Active,14,16,2015-01-26 02:00:05.483416,80891
26719982,10,Active,5,41,2015-01-26 02:00:05.488153,80891
26719983,11,Active,8,16,2015-01-26 02:00:05.492805,80891
26719984,12,Active,1,18,2015-01-26 02:00:05.498291,80891
26719985,13,Active,5,33,2015-01-26 02:00:05.504067,80891
26719986,14,Active,14,18,2015-01-26 02:00:05.508156,80891
26719987,15,Active,5,25,2015-01-26 02:00:05.513112,80891
26719988,16,Active,1,32,2015-01-26 02:00:05.535432,80891
26719989,17,Active,4,25,2015-01-26 02:00:05.540428,80891
26719990,18,Active,4,45,2015-01-26 02:00:05.544647,80891
26719991,19,Active,16,7,2015-01-26 02:00:05.549854,80891
26719992,20,Active,7,17,2015-01-26 02:00:05.555101,80891
26719993,21,Active,11,24,2015-01-26 02:00:05.559239,80891
26719994,22,Active,10,36,2015-01-26 02:00:05.563337,80891
26719995,23,Active,5,40,2015-01-26 02:00:05.583789,80891
26719996,24,Active,8,38,2015-01-26 02:00:05.588114,80891
26719997,25,Active,30,20,2015-01-26 02:00:05.592569,80891
26719998,26,Active,4,26,2015-01-26 02:00:05.596607,80891
26719999,27,Active,3,42,2015-01-26 02:00:05.600875,80891
26720000,28,Active,9,18,2015-01-26 02:00:05.604962,80891
26720001,29,Active,1,22,2015-01-26 02:00:05.609231,80891
26720002,30,Active,13,25,2015-01-26 02:00:05.613521,80891
26720003,31,Active,3,35,2015-01-26 02:00:05.635966,80891
26720004,32,Active,4,29,2015-01-26 02:00:05.640983,80891
26720005,33,Active,6,24,2015-01-26 02:00:05.645697,80891
26720006,34,Active,17,19,2015-01-26 02:00:05.649949,80891
26720007,35,Active,8,47,2015-01-26 02:00:05.654223,80891
26720008,36,Active,3,21,2015-01-26 02:00:05.658603,80891
26720009,37,Active,3,20,2015-01-26 02:00:05.662792,80891
26720010,38,Active,3,35,2015-01-26 02:00:05.686523,80891
26720011,39,Active,0,39,2015-01-26 02:00:05.691809,80891
26720012,40,Active,10,29,2015-01-26 02:00:05.696417,80891
26720013,41,Active,13,17,2015-01-26 02:00:05.701253,80891
26720014,42,Active,3,28,2015-01-26 02:00:05.705766,80891
26720015,43,Active,1,22,2015-01-26 02:00:05.710358,80891
26720016,44,Active,9,14,2015-01-26 02:00:05.714814,80891
26720017,45,Active,20,10,2015-01-26 02:00:05.719544,80891
26720018,46,Active,3,28,2015-01-26 02:00:05.739344,80891
26720019,47,Active,2,21,2015-01-26 02:00:05.745606,80891
26720020,48,Active,4,15,2015-01-26 02:00:05.749902,80891
26720021,49,Active,0,23,2015-01-26 02:00:05.754047,80891
26720022,50,Active,4,23,2015-01-26 02:00:05.758209,80891
26720023,51,Active,4,35,2015-01-26 02:00:05.763906,80891
26720024,52,Active,12,15,2015-01-26 02:00:05.771202,80891
26720025,53,Active,5,27,2015-01-26 02:00:05.795606,80891
26720026,54,Inactive,0,3,2015-01-26 02:00:05.801517,80891
26720027,55,Active,6,25,2015-01-26 02:00:05.806657,80891
26720028,56,Active,11,28,2015-01-26 02:00:05.81137,80891
26720029,57,Active,0,22,2015-01-26 02:00:05.854258,80891
26720030,58,Active,7,31,2015-01-26 02:00:05.859952,80891
26720031,59,Active,3,32,2015-01-26 02:00:05.865199,80891
26720032,60,Active,7,20,2015-01-26 02:00:05.871607,80891
26720033,61,Active,2,20,2015-01-26 02:00:05.877287,80891
26720034,62,Active,2,28,2015-01-26 02:00:05.882967,80891
26720035,63,Active,4,23,2015-01-26 02:00:05.907348,80891
26720036,64,Active,5,30,2015-01-26 02:00:05.912959,80891
26720037,65,Active,1,23,2015-01-26 02:00:05.918063,80891
26720038,66,Active,32,25,2015-01-26 02:00:05.923475,80891
26720039,67,Active,10,16,2015-01-26 02:00:05.931211,80891
26720040,68,Active,2,21,2015-01-26 02:00:05.937056,80891
26720041,69,Active,17,12,2015-01-26 02:00:05.959962,80891
26720042,70,Active,10,21,2015-01-26 02:00:05.965408,80891
26720043,71,Active,0,18,2015-01-26 02:00:05.970289,80891
26720044,72,Active,0,22,2015-01-26 02:00:05.975351,80891
26720045,73,Active,0,18,2015-01-26 02:00:05.98089,80891
26720046,74,Active,11,25,2015-01-26 02:00:05.985778,80891
26720047,75,Active,5,25,2015-01-26 02:00:05.991085,80891
26720048,76,Active,13,46,2015-01-26 02:00:06.015243,80891
26720049,77,Active,4,23,2015-01-26 02:00:06.028641,80891
26720050,78,Active,5,36,2015-01-26 02:00:06.034121,80891
26720051,79,Active,12,34,2015-01-26 02:00:06.03942,80891
26720052,80,Active,4,14,2015-01-26 02:00:06.044588,80891
26720053,81,Active,1,28,2015-01-26 02:00:06.067636,80891
26720054,82,Active,1,19,2015-01-26 02:00:06.073463,80891
26720055,83,Active,17,36,2015-01-26 02:00:06.078775,80891
26720056,84,Active,1,29,2015-01-26 02:00:06.084267,80891
26720057,85,Active,2,22,2015-01-26 02:00:06.089181,80891
26720058,86,Active,1,33,2015-01-26 02:00:06.09406,80891
26720059,87,Active,9,16,2015-01-26 02:00:06.117967,80891
26720060,88,Active,4,31,2015-01-26 02:00:06.124248,80891
26720061,89,Active,18,35,2015-01-26 02:00:06.131023,80891
26720062,90,Active,7,29,2015-01-26 02:00:06.136243,80891
26720063,91,Active,7,16,2015-01-26 02:00:06.141507,80891
26720064,92,Active,14,17,2015-01-26 02:00:06.146586,80891
26720065,93,Active,6,30,2015-01-26 02:00:06.169823,80891
26720066,94,Active,19,13,2015-01-26 02:00:06.174739,80891
26720067,95,Active,7,30,2015-01-26 02:00:06.180141,80891
26720068,96,Active,6,25,2015-01-26 02:00:06.185262,80891
26720069,97,Active,2,25,2015-01-26 02:00:06.191888,80891
26720070,98,Active,1,40,2015-01-26 02:00:06.19847,80891
26720071,99,Active,19,14,2015-01-26 02:00:06.20363,80891
26720072,100,Active,4,26,2015-01-26 02:00:06.224944,80891
26720073,101,Active,15,14,2015-01-26 02:00:06.229997,80891
26720074,102,Active,17,5,2015-01-26 02:00:06.235036,80891
26720075,103,Active,3,36,2015-01-26 02:00:06.240064,80891
26720076,104,Active,7,21,2015-01-26 02:00:06.245197,80891
26720077,105,Active,3,40,2015-01-26 02:00:06.252328,80891
26720078,106,Active,17,10,2015-01-26 02:00:06.259225,80891
26720079,107,Active,2,28,2015-01-26 02:00:06.278365,80891
26720080,108,Inactive,0,3,2015-01-26 02:00:06.283525,80891
26720081,109,Active,3,35,2015-01-26 02:00:06.288958,80891
26720082,110,Active,0,27,2015-01-26 02:00:06.293908,80891
26720083,111,Active,3,26,2015-01-26 02:00:06.298895,80891
26720084,112,Inactive,14,25,2015-01-26 02:00:06.325991,80891
26720085,113,Active,23,27,2015-01-26 02:00:06.334778,80891
26720086,114,Active,7,27,2015-01-26 02:00:06.340307,80891
26720087,115,Active,3,24,2015-01-26 02:00:06.345402,80891
26720088,116,Active,3,36,2015-01-26 02:00:06.351393,80891
26720089,117,Active,6,17,2015-01-26 02:00:06.356843,80891
26720090,118,Active,3,28,2015-01-26 02:00:06.361741,80891
26720091,119,Active,1,38,2015-01-26 02:00:06.366975,80891
26720092,120,Active,0,27,2015-01-26 02:00:06.388457,80891
26720093,121,Active,9,15,2015-01-26 02:00:06.393483,80891
26720094,122,Active,3,28,2015-01-26 02:00:06.398428,80891
26720095,123,Active,1,25,2015-01-26 02:00:06.40357,80891
26720096,124,Active,6,30,2015-01-26 02:00:06.409432,80891
26720097,125,Active,3,34,2015-01-26 02:00:06.414206,80891
26720098,126,Active,6,18,2015-01-26 02:00:06.419121,80891
26720099,127,Active,2,24,2015-01-26 02:00:06.442523,80891
26720100,128,Active,11,8,2015-01-26 02:00:06.447817,80891
26720101,129,Active,9,18,2015-01-26 02:00:06.453045,80891
26720102,130,Active,5,18,2015-01-26 02:00:06.457728,80891
26720103,131,Active,3,20,2015-01-26 02:00:06.463087,80891
26720104,132,Active,1,34,2015-01-26 02:00:06.468335,80891
26720105,133,Active,5,22,2015-01-26 02:00:06.473368,80891
26720106,134,Active,7,26,2015-01-26 02:00:06.478143,80891
26720107,135,Active,8,34,2015-01-26 02:00:06.499129,80891
26720108,136,Active,0,23,2015-01-26 02:00:06.504529,80891
26720109,137,Active,0,28,2015-01-26 02:00:06.509343,80891
26720110,138,Active,9,29,2015-01-26 02:00:06.514488,80891
26720111,139,Active,1,35,2015-01-26 02:00:06.520119,80891
26720112,140,Active,15,11,2015-01-26 02:00:06.52525,80891
26720113,141,Active,6,17,2015-01-26 02:00:06.530323,80891
26720114,142,Active,10,31,2015-01-26 02:00:06.552878,80891
26720115,143,Active,3,19,2015-01-26 02:00:06.558093,80891
26720116,144,Active,10,17,2015-01-26 02:00:06.563164,80891
26720117,145,Active,7,28,2015-01-26 02:00:06.568132,80891
26720118,146,Active,20,35,2015-01-26 02:00:06.573204,80891
26720119,147,Active,2,37,2015-01-26 02:00:06.57814,80891
26720120,148,Active,0,43,2015-01-26 02:00:06.584368,80891
26720121,149,Active,2,54,2015-01-26 02:00:06.604834,80891
26720122,150,Active,18,28,2015-01-26 02:00:06.609902,80891
26720123,151,Active,0,27,2015-01-26 02:00:06.61493,80891
26720124,152,Active,3,28,2015-01-26 02:00:06.620291,80891
26720125,153,Active,5,28,2015-01-26 02:00:06.625206,80891
26720126,154,Active,10,24,2015-01-26 02:00:06.630093,80891
26720127,155,Active,17,20,2015-01-26 02:00:06.63567,80891
26720128,156,Active,4,30,2015-01-26 02:00:06.660341,80891
26720129,157,Active,1,26,2015-01-26 02:00:06.665873,80891
26720130,158,Active,7,12,2015-01-26 02:00:06.671373,80891
26720131,159,Active,7,23,2015-01-26 02:00:06.676739,80891
26720132,160,Active,2,39,2015-01-26 02:00:06.682164,80891
26720133,161,Active,1,45,2015-01-26 02:00:06.687249,80891
26720134,162,Active,3,39,2015-01-26 02:00:06.710625,80891
26720135,163,Active,24,14,2015-01-26 02:00:06.716542,80891
26720136,164,Active,9,27,2015-01-26 02:00:06.721982,80891
26720137,165,Active,11,28,2015-01-26 02:00:06.727096,80891
26720138,166,Active,9,21,2015-01-26 02:00:06.732021,80891
26720139,167,Active,6,23,2015-01-26 02:00:06.737276,80891
26720140,168,Active,10,32,2015-01-26 02:00:06.767349,80891
26720141,169,Active,0,38,2015-01-26 02:00:06.773348,80891
26720142,170,Active,1,33,2015-01-26 02:00:06.782978,80891
26720143,171,Active,4,23,2015-01-26 02:00:06.789165,80891
26720144,172,Active,7,24,2015-01-26 02:00:06.794099,80891
26720145,173,Active,0,30,2015-01-26 02:00:06.818536,80891
26720146,174,Active,9,23,2015-01-26 02:00:06.825072,80891
26720147,175,Active,10,21,2015-01-26 02:00:06.830249,80891
26720148,176,Active,12,20,2015-01-26 02:00:06.835533,80891
26720149,177,Active,2,27,2015-01-26 02:00:06.840604,80891
26720150,178,Active,8,17,2015-01-26 02:00:06.845753,80891
26720151,179,Active,11,15,2015-01-26 02:00:06.850799,80891
26720152,180,Active,3,28,2015-01-26 02:00:06.871533,80891
26720153,181,Active,0,26,2015-01-26 02:00:06.876444,80891
26720154,182,Active,0,15,2015-01-26 02:00:06.881497,80891
26720155,183,Active,8,31,2015-01-26 02:00:06.886479,80891
26720156,184,Active,18,24,2015-01-26 02:00:06.891314,80891
26720157,185,Active,15,16,2015-01-26 02:00:06.896488,80891
26720158,186,Active,20,18,2015-01-26 02:00:06.90155,80891
26720159,187,Active,14,25,2015-01-26 02:00:06.906689,80891
26720160,188,Active,5,28,2015-01-26 02:00:06.929347,80891
26720161,189,Active,6,36,2015-01-26 02:00:06.935237,80891
26720162,190,Active,6,16,2015-01-26 02:00:06.941119,80891
26720163,191,Active,5,14,2015-01-26 02:00:06.947599,80891
26720164,192,Active,3,31,2015-01-26 02:00:06.954237,80891
26720165,193,Active,8,14,2015-01-26 02:00:06.959887,80891
26720166,194,Active,0,29,2015-01-26 02:00:06.982353,80891
26720167,195,Active,13,9,2015-01-26 02:00:06.988487,80891
26720168,196,Active,16,26,2015-01-26 02:00:06.994557,80891
26720169,197,Active,3,28,2015-01-26 02:00:07.000114,80891
26720170,198,Active,5,18,2015-01-26 02:00:07.005695,80891
26720171,199,Active,9,14,2015-01-26 02:00:07.011079,80891
26720172,200,Active,4,19,2015-01-26 02:00:07.016285,80891
26720173,201,Active,0,23,2015-01-26 02:00:07.037599,80891
26720174,202,Active,3,15,2015-01-26 02:00:07.044773,80891
26720175,203,Active,5,49,2015-01-26 02:00:07.050409,80891
26720176,204,Active,1,38,2015-01-26 02:00:07.055546,80891
26720177,205,Active,7,24,2015-01-26 02:00:07.061792,80891
26720178,206,Active,8,38,2015-01-26 02:00:07.066745,80891
26720179,207,Active,2,29,2015-01-26 02:00:07.089176,80891
26720180,208,Active,5,22,2015-01-26 02:00:07.094477,80891
26720181,209,Active,6,24,2015-01-26 02:00:07.09942,80891
26720182,210,Active,7,23,2015-01-26 02:00:07.104624,80891
26720183,211,Active,7,31,2015-01-26 02:00:07.109562,80891
26720184,212,Active,8,19,2015-01-26 02:00:07.114666,80891
26720185,213,Active,3,41,2015-01-26 02:00:07.119895,80891
26720186,214,Active,2,25,2015-01-26 02:00:07.142253,80891
26720187,215,Active,0,24,2015-01-26 02:00:07.150668,80891
26720188,216,Active,3,22,2015-01-26 02:00:07.156179,80891
26720189,217,Active,3,36,2015-01-26 02:00:07.161063,80891
26720190,218,Active,4,28,2015-01-26 02:00:07.166251,80891
26720191,219,Active,6,29,2015-01-26 02:00:07.17145,80891
26720192,220,Active,21,30,2015-01-26 02:00:07.177037,80891
26720193,221,Active,1,22,2015-01-26 02:00:07.200222,80891
26720194,222,Active,9,43,2015-01-26 02:00:07.205895,80891
26720195,223,Active,9,32,2015-01-26 02:00:07.211262,80891
26720196,224,Active,8,29,2015-01-26 02:00:07.239338,80891
26720197,225,Active,16,14,2015-01-26 02:00:07.259627,80891
26720198,226,Active,6,25,2015-01-26 02:00:07.26521,80891
26720199,227,Active,2,27,2015-01-26 02:00:07.270591,80891
26720200,228,Active,5,54,2015-01-26 02:00:07.275919,80891
26720201,229,Active,2,37,2015-01-26 02:00:07.280923,80891
26720202,230,Active,11,24,2015-01-26 02:00:07.286123,80891
26720203,231,Active,14,21,2015-01-26 02:00:07.291384,80891
26720204,232,Active,18,16,2015-01-26 02:00:07.311978,80891
26720205,233,Active,1,38,2015-01-26 02:00:07.317347,80891
26720206,234,Active,3,28,2015-01-26 02:00:07.322462,80891
26720207,235,Active,36,11,2015-01-26 02:00:07.3275,80891
26720208,236,Active,16,6,2015-01-26 02:00:07.332725,80891
26720209,237,Active,8,30,2015-01-26 02:00:07.339198,80891
26720210,238,Active,20,26,2015-01-26 02:00:07.362415,80891
26720211,239,Active,20,2,2015-01-26 02:00:07.368153,80891
26720212,240,Active,29,29,2015-01-26 02:00:07.373305,80891
26720213,241,Active,10,29,2015-01-26 02:00:07.378103,80891
26720214,242,Active,14,21,2015-01-26 02:00:07.383411,80891
26720215,243,Active,13,21,2015-01-26 02:00:07.388489,80891
26720216,244,Active,2,55,2015-01-26 02:00:07.393517,80891
26720217,245,Active,0,57,2015-01-26 02:00:07.41496,80891
26720218,246,Active,7,29,2015-01-26 02:00:07.420023,80891
26720219,247,Active,5,26,2015-01-26 02:00:07.424935,80891
26720220,248,Active,2,38,2015-01-26 02:00:07.429983,80891
26720221,249,Active,21,20,2015-01-26 02:00:07.434714,80891
26720222,250,Active,15,32,2015-01-26 02:00:07.44006,80891
26720223,251,Active,3,34,2015-01-26 02:00:07.444994,80891
26720224,252,Active,0,45,2015-01-26 02:00:07.466948,80891
26720225,253,Active,12,46,2015-01-26 02:00:07.472253,80891
26720226,254,Active,3,28,2015-01-26 02:00:07.477569,80891
26720227,255,Active,16,11,2015-01-26 02:00:07.482746,80891
26720228,256,Active,10,16,2015-01-26 02:00:07.487763,80891
26720229,257,Active,5,20,2015-01-26 02:00:07.493554,80891
26720230,258,Active,9,30,2015-01-26 02:00:07.498875,80891
26720231,259,Active,16,19,2015-01-26 02:00:07.52052,80891
26720232,260,Active,5,39,2015-01-26 02:00:07.527038,80891
26720233,261,Active,21,17,2015-01-26 02:00:07.532338,80891
26720234,262,Active,16,23,2015-01-26 02:00:07.53739,80891
26720235,263,Active,19,16,2015-01-26 02:00:07.542283,80891
26720236,264,Active,11,30,2015-01-26 02:00:07.547334,80891
26720237,265,Active,22,14,2015-01-26 02:00:07.571578,80891
26720238,266,Active,7,50,2015-01-26 02:00:07.577186,80891
26720239,267,Active,1,50,2015-01-26 02:00:07.587054,80891
26720240,268,Active,1,48,2015-01-26 02:00:07.592197,80891
26720241,269,Active,4,30,2015-01-26 02:00:07.59708,80891
26720242,270,Active,1,34,2015-01-26 02:00:07.602191,80891
26720243,271,Active,4,21,2015-01-26 02:00:07.62309,80891
26720244,272,Active,3,44,2015-01-26 02:00:07.630387,80891
26720245,273,Active,33,25,2015-01-26 02:00:07.635599,80891
26720246,274,Active,5,24,2015-01-26 02:00:07.640771,80891
26720247,275,Active,13,23,2015-01-26 02:00:07.646,80891
26720248,276,Active,17,34,2015-01-26 02:00:07.650936,80891
26720249,277,Active,18,22,2015-01-26 02:00:07.673631,80891
26720250,330,Active,2,28,2015-01-26 02:00:07.679099,80891
26720251,278,Active,5,23,2015-01-26 02:00:07.684515,80891
26720252,279,Active,12,32,2015-01-26 02:00:07.711879,80891
26720253,280,Active,1,35,2015-01-26 02:00:07.728845,80891
26720254,281,Active,5,41,2015-01-26 02:00:07.733842,80891
26720255,282,Active,8,16,2015-01-26 02:00:07.738699,80891
26720256,283,Active,5,30,2015-01-26 02:00:07.746378,80891
26720257,284,Active,13,36,2015-01-26 02:00:07.751876,80891
26720258,285,Active,3,29,2015-01-26 02:00:07.756854,80891
26720259,286,Active,14,12,2015-01-26 02:00:07.762015,80891
26720260,287,Active,4,23,2015-01-26 02:00:07.78399,80891
26720261,288,Active,33,19,2015-01-26 02:00:07.790686,80891
26720262,289,Active,12,22,2015-01-26 02:00:07.796415,80891
26720263,290,Active,9,22,2015-01-26 02:00:07.806289,80891
26720264,291,Active,33,25,2015-01-26 02:00:07.814876,80891
26720265,292,Active,11,27,2015-01-26 02:00:07.839653,80891
26720266,293,Active,35,25,2015-01-26 02:00:07.845379,80891
26720267,294,Active,2,37,2015-01-26 02:00:07.850343,80891
26720268,295,Active,25,42,2015-01-26 02:00:07.855323,80891
26720269,296,Active,9,41,2015-01-26 02:00:07.860436,80891
26720270,297,Active,12,39,2015-01-26 02:00:07.865497,80891
26720271,298,Active,13,43,2015-01-26 02:00:07.870575,80891
26720272,299,Active,0,38,2015-01-26 02:00:07.89292,80891
26720273,300,Active,4,35,2015-01-26 02:00:07.898494,80891
26720274,301,Active,14,45,2015-01-26 02:00:07.90358,80891
26720275,302,Active,9,29,2015-01-26 02:00:07.908507,80891
26720276,303,Active,29,12,2015-01-26 02:00:07.913335,80891
26720277,304,Active,15,21,2015-01-26 02:00:07.918278,80891
26720278,305,Active,9,30,2015-01-26 02:00:07.942932,80891
26720279,306,Active,10,32,2015-01-26 02:00:07.948439,80891
26720280,307,Active,4,45,2015-01-26 02:00:07.953574,80891
26720281,308,Active,13,18,2015-01-26 02:00:07.95849,80891
26720282,309,Active,6,23,2015-01-26 02:00:07.963724,80891
26720283,310,Active,8,29,2015-01-26 02:00:07.96869,80891
26720284,311,Active,14,25,2015-01-26 02:00:07.973552,80891
26720285,312,Active,10,21,2015-01-26 02:00:07.995007,80891
26720286,313,Inactive,0,39,2015-01-26 02:00:08.00043,80891
26720287,314,Active,0,25,2015-01-26 02:00:08.005516,80891
26720288,315,Active,7,31,2015-01-26 02:00:08.010464,80891
26720289,316,Active,15,15,2015-01-26 02:00:08.015717,80891
26720290,317,Active,8,7,2015-01-26 02:00:08.020627,80891
26720291,318,Active,11,16,2015-01-26 02:00:08.044977,80891
26720292,319,Inactive,0,30,2015-01-26 02:00:08.050666,80891
26720293,320,Active,1,34,2015-01-26 02:00:08.055854,80891
26720294,321,Active,6,4,2015-01-26 02:00:08.061128,80891
26720295,322,Active,16,32,2015-01-26 02:00:08.06661,80891
26720296,332,Active,17,7,2015-01-26 02:00:08.07185,80891
26720297,327,Active,12,22,2015-01-26 02:00:08.096257,80891
26720298,328,Active,4,35,2015-01-26 02:00:08.102261,80891
26720299,331,Active,3,33,2015-01-26 02:00:08.107414,80891
26720300,323,Active,10,27,2015-01-26 02:00:08.113201,80891
26720301,324,Active,10,32,2015-01-26 02:00:08.11856,80891
26720302,329,Active,16,17,2015-01-26 02:00:08.123689,80891
26720303,325,Active,4,32,2015-01-26 02:00:08.14714,80891
26720304,326,Active,6,19,2015-01-26 02:00:08.152615,80891
26720305,1,Active,10,29,2015-01-26 02:10:05.291,80892
26720306,2,Active,4,28,2015-01-26 02:10:05.301742,80892
26720307,3,Active,5,20,2015-01-26 02:10:05.306054,80892
26720308,4,Active,4,57,2015-01-26 02:10:05.310283,80892
26720309,5,Active,7,30,2015-01-26 02:10:05.314597,80892
26720310,6,Active,11,8,2015-01-26 02:10:05.318689,80892
26720311,7,Active,13,6,2015-01-26 02:10:05.324141,80892
26720312,8,Active,18,13,2015-01-26 02:10:05.32904,80892
26720313,9,Active,14,16,2015-01-26 02:10:05.33347,80892
26720314,10,Active,4,42,2015-01-26 02:10:05.337834,80892
26720315,11,Active,8,16,2015-01-26 02:10:05.342286,80892
26720316,12,Active,1,18,2015-01-26 02:10:05.346591,80892
26720317,13,Active,4,34,2015-01-26 02:10:05.35205,80892
26720318,14,Active,14,18,2015-01-26 02:10:05.356087,80892
26720319,15,Active,5,25,2015-01-26 02:10:05.36135,80892
26720320,16,Active,1,32,2015-01-26 02:10:05.36536,80892
26720321,17,Active,4,25,2015-01-26 02:10:05.369791,80892
26720322,18,Active,3,46,2015-01-26 02:10:05.374573,80892
26720323,19,Active,16,7,2015-01-26 02:10:05.379085,80892
26720324,20,Active,7,17,2015-01-26 02:10:05.383375,80892
26720325,21,Active,12,23,2015-01-26 02:10:05.387993,80892
26720326,22,Active,10,36,2015-01-26 02:10:05.392251,80892
26720327,23,Active,5,40,2015-01-26 02:10:05.396597,80892
26720328,24,Active,7,39,2015-01-26 02:10:05.400925,80892
26720329,25,Active,30,20,2015-01-26 02:10:05.406078,80892
26720330,26,Active,5,25,2015-01-26 02:10:05.410168,80892
26720331,27,Active,4,41,2015-01-26 02:10:05.414441,80892
26720332,28,Active,8,19,2015-01-26 02:10:05.420356,80892
26720333,29,Active,1,22,2015-01-26 02:10:05.424742,80892
26720334,30,Active,13,25,2015-01-26 02:10:05.428939,80892
26720335,31,Active,3,35,2015-01-26 02:10:05.434346,80892
26720336,32,Active,4,29,2015-01-26 02:10:05.438568,80892
26720337,33,Active,6,24,2015-01-26 02:10:05.444069,80892
26720338,34,Active,17,19,2015-01-26 02:10:05.448058,80892
26720339,35,Active,8,47,2015-01-26 02:10:05.45207,80892
26720340,36,Active,3,21,2015-01-26 02:10:05.456177,80892
26720341,37,Active,3,20,2015-01-26 02:10:05.460288,80892
26720342,38,Active,3,35,2015-01-26 02:10:05.464375,80892
26720343,39,Active,2,37,2015-01-26 02:10:05.468661,80892
26720344,40,Active,12,27,2015-01-26 02:10:05.472934,80892
26720345,41,Active,14,16,2015-01-26 02:10:05.477668,80892
26720346,42,Active,3,28,2015-01-26 02:10:05.482231,80892
26720347,43,Active,1,22,2015-01-26 02:10:05.487183,80892
26720348,44,Active,9,14,2015-01-26 02:10:05.49253,80892
26720349,45,Active,20,10,2015-01-26 02:10:05.497139,80892
26720350,46,Active,3,28,2015-01-26 02:10:05.50176,80892
26720351,47,Active,2,21,2015-01-26 02:10:05.507257,80892
26720352,48,Active,4,15,2015-01-26 02:10:05.512618,80892
26720353,49,Active,0,23,2015-01-26 02:10:05.516684,80892
26720354,50,Active,4,23,2015-01-26 02:10:05.520789,80892
26720355,51,Active,4,35,2015-01-26 02:10:05.524876,80892
26720356,52,Active,12,15,2015-01-26 02:10:05.528974,80892
26720357,53,Active,5,27,2015-01-26 02:10:05.533084,80892
26720358,54,Inactive,0,3,2015-01-26 02:10:05.537441,80892
26720359,55,Active,6,25,2015-01-26 02:10:05.54186,80892
26720360,56,Active,11,28,2015-01-26 02:10:05.568556,80892
26720361,57,Active,0,22,2015-01-26 02:10:05.577039,80892
26720362,58,Active,7,31,2015-01-26 02:10:05.581957,80892
26720363,59,Active,3,32,2015-01-26 02:10:05.587254,80892
26720364,60,Active,8,19,2015-01-26 02:10:05.592306,80892
26720365,61,Active,2,20,2015-01-26 02:10:05.597441,80892
26720366,62,Active,1,29,2015-01-26 02:10:05.602566,80892
26720367,63,Active,5,22,2015-01-26 02:10:05.607509,80892
26720368,64,Active,5,30,2015-01-26 02:10:05.612344,80892
26720369,65,Active,2,22,2015-01-26 02:10:05.617288,80892
26720370,66,Active,32,25,2015-01-26 02:10:05.622351,80892
26720371,67,Active,10,16,2015-01-26 02:10:05.627274,80892
26720372,68,Active,2,21,2015-01-26 02:10:05.632175,80892
26720373,69,Active,17,12,2015-01-26 02:10:05.636861,80892
26720374,70,Active,10,21,2015-01-26 02:10:05.641731,80892
26720375,71,Active,0,18,2015-01-26 02:10:05.646577,80892
26720376,72,Active,0,22,2015-01-26 02:10:05.651362,80892
26720377,73,Active,0,18,2015-01-26 02:10:05.656195,80892
26720378,74,Active,11,25,2015-01-26 02:10:05.661262,80892
26720379,75,Active,5,25,2015-01-26 02:10:05.665919,80892
26720380,76,Active,13,46,2015-01-26 02:10:05.670628,80892
26720381,77,Active,4,23,2015-01-26 02:10:05.675612,80892
26720382,78,Active,5,36,2015-01-26 02:10:05.68041,80892
26720383,79,Active,13,33,2015-01-26 02:10:05.685277,80892
26720384,80,Active,4,14,2015-01-26 02:10:05.690083,80892
26720385,81,Active,1,28,2015-01-26 02:10:05.69472,80892
26720386,82,Active,1,19,2015-01-26 02:10:05.699645,80892
26720387,83,Active,17,36,2015-01-26 02:10:05.704549,80892
26720388,84,Active,1,29,2015-01-26 02:10:05.709261,80892
26720389,85,Active,2,22,2015-01-26 02:10:05.714042,80892
26720390,86,Active,1,33,2015-01-26 02:10:05.71879,80892
26720391,87,Active,9,16,2015-01-26 02:10:05.723589,80892
26720392,88,Active,4,31,2015-01-26 02:10:05.728655,80892
26720393,89,Active,18,35,2015-01-26 02:10:05.7334,80892
26720394,90,Active,7,29,2015-01-26 02:10:05.738151,80892
26720395,91,Active,7,16,2015-01-26 02:10:05.743194,80892
26720396,92,Active,13,18,2015-01-26 02:10:05.747943,80892
26720397,93,Active,6,30,2015-01-26 02:10:05.752851,80892
26720398,94,Active,20,12,2015-01-26 02:10:05.75761,80892
26720399,95,Active,7,30,2015-01-26 02:10:05.762503,80892
26720400,96,Active,5,26,2015-01-26 02:10:05.768491,80892
26720401,97,Active,1,26,2015-01-26 02:10:05.773321,80892
26720402,98,Active,1,40,2015-01-26 02:10:05.778041,80892
26720403,99,Active,18,15,2015-01-26 02:10:05.783069,80892
26720404,100,Active,3,27,2015-01-26 02:10:05.788059,80892
26720405,101,Active,15,14,2015-01-26 02:10:05.79293,80892
26720406,102,Active,17,5,2015-01-26 02:10:05.801134,80892
26720407,103,Active,3,36,2015-01-26 02:10:05.806938,80892
26720408,104,Active,7,21,2015-01-26 02:10:05.812792,80892
26720409,105,Active,3,40,2015-01-26 02:10:05.817767,80892
26720410,106,Active,16,11,2015-01-26 02:10:05.823098,80892
26720411,107,Active,2,28,2015-01-26 02:10:05.828386,80892
26720412,108,Inactive,0,3,2015-01-26 02:10:05.834302,80892
26720413,109,Active,3,35,2015-01-26 02:10:05.840496,80892
26720414,110,Active,0,27,2015-01-26 02:10:05.84538,80892
26720415,111,Active,3,26,2015-01-26 02:10:05.849784,80892
26720416,112,Inactive,14,25,2015-01-26 02:10:05.875219,80892
26720417,113,Active,23,27,2015-01-26 02:10:05.881093,80892
26720418,114,Active,7,27,2015-01-26 02:10:05.886974,80892
26720419,115,Active,3,24,2015-01-26 02:10:05.892156,80892
26720420,116,Active,3,36,2015-01-26 02:10:05.89693,80892
26720421,117,Active,6,17,2015-01-26 02:10:05.901982,80892
26720422,118,Active,3,28,2015-01-26 02:10:05.906934,80892
26720423,119,Active,1,38,2015-01-26 02:10:05.911943,80892
26720424,120,Active,0,27,2015-01-26 02:10:05.916974,80892
26720425,121,Active,9,15,2015-01-26 02:10:05.92222,80892
26720426,122,Active,4,27,2015-01-26 02:10:05.927129,80892
26720427,123,Active,0,26,2015-01-26 02:10:05.932094,80892
26720428,124,Active,3,33,2015-01-26 02:10:05.940517,80892
26720429,125,Active,3,34,2015-01-26 02:10:05.945483,80892
26720430,126,Active,6,18,2015-01-26 02:10:05.950184,80892
26720431,127,Active,2,24,2015-01-26 02:10:05.955033,80892
26720432,128,Active,11,8,2015-01-26 02:10:05.959803,80892
26720433,129,Active,9,18,2015-01-26 02:10:05.964634,80892
26720434,130,Active,5,18,2015-01-26 02:10:05.969821,80892
26720435,131,Active,3,20,2015-01-26 02:10:05.974725,80892
26720436,132,Active,0,35,2015-01-26 02:10:05.979507,80892
26720437,133,Active,6,21,2015-01-26 02:10:05.98489,80892
26720438,134,Active,6,27,2015-01-26 02:10:05.990657,80892
26720439,135,Active,8,34,2015-01-26 02:10:05.995706,80892
26720440,136,Active,0,23,2015-01-26 02:10:06.00166,80892
26720441,137,Active,1,27,2015-01-26 02:10:06.006798,80892
26720442,138,Active,9,29,2015-01-26 02:10:06.017206,80892
26720443,139,Active,1,35,2015-01-26 02:10:06.022081,80892
26720444,140,Active,15,11,2015-01-26 02:10:06.027491,80892
26720445,141,Active,6,17,2015-01-26 02:10:06.03898,80892
26720446,142,Active,12,29,2015-01-26 02:10:06.043724,80892
26720447,143,Active,3,19,2015-01-26 02:10:06.048742,80892
26720448,144,Active,10,17,2015-01-26 02:10:06.05339,80892
26720449,145,Active,6,29,2015-01-26 02:10:06.058236,80892
26720450,146,Active,20,35,2015-01-26 02:10:06.064849,80892
26720451,147,Active,0,39,2015-01-26 02:10:06.069827,80892
26720452,148,Active,0,43,2015-01-26 02:10:06.074501,80892
26720453,149,Active,2,54,2015-01-26 02:10:06.079662,80892
26720454,150,Active,17,29,2015-01-26 02:10:06.084337,80892
26720455,151,Active,0,27,2015-01-26 02:10:06.089105,80892
26720456,152,Active,4,27,2015-01-26 02:10:06.096479,80892
26720457,153,Active,5,28,2015-01-26 02:10:06.102236,80892
26720458,154,Active,10,24,2015-01-26 02:10:06.107888,80892
26720459,155,Active,17,19,2015-01-26 02:10:06.112738,80892
26720460,156,Active,5,29,2015-01-26 02:10:06.117815,80892
26720461,157,Active,1,26,2015-01-26 02:10:06.122519,80892
26720462,158,Active,7,12,2015-01-26 02:10:06.127564,80892
26720463,159,Active,6,24,2015-01-26 02:10:06.132643,80892
26720464,160,Active,2,39,2015-01-26 02:10:06.137821,80892
26720465,161,Active,1,45,2015-01-26 02:10:06.142909,80892
26720466,162,Active,3,39,2015-01-26 02:10:06.148434,80892
26720467,163,Active,22,16,2015-01-26 02:10:06.156698,80892
26720468,164,Active,9,27,2015-01-26 02:10:06.16219,80892
26720469,165,Active,11,28,2015-01-26 02:10:06.167707,80892
26720470,166,Active,9,21,2015-01-26 02:10:06.173565,80892
26720471,167,Active,6,23,2015-01-26 02:10:06.179129,80892
26720472,168,Active,10,32,2015-01-26 02:10:06.206876,80892
26720473,169,Active,0,38,2015-01-26 02:10:06.213204,80892
26720474,170,Active,1,33,2015-01-26 02:10:06.220774,80892
26720475,171,Active,4,23,2015-01-26 02:10:06.225764,80892
26720476,172,Active,8,23,2015-01-26 02:10:06.230588,80892
26720477,173,Active,0,30,2015-01-26 02:10:06.235533,80892
26720478,174,Active,9,23,2015-01-26 02:10:06.240389,80892
26720479,175,Active,10,21,2015-01-26 02:10:06.245578,80892
26720480,176,Active,14,18,2015-01-26 02:10:06.250495,80892
26720481,177,Active,2,27,2015-01-26 02:10:06.255426,80892
26720482,178,Active,8,17,2015-01-26 02:10:06.267879,80892
26720483,179,Active,11,15,2015-01-26 02:10:06.27327,80892
26720484,180,Active,3,28,2015-01-26 02:10:06.278904,80892
26720485,181,Active,0,26,2015-01-26 02:10:06.285166,80892
26720486,182,Active,1,14,2015-01-26 02:10:06.290864,80892
26720487,183,Active,7,32,2015-01-26 02:10:06.297172,80892
26720488,184,Active,17,25,2015-01-26 02:10:06.303271,80892
26720489,185,Active,14,17,2015-01-26 02:10:06.3088,80892
26720490,186,Active,20,18,2015-01-26 02:10:06.314163,80892
26720491,187,Active,14,25,2015-01-26 02:10:06.319196,80892
26720492,188,Active,4,29,2015-01-26 02:10:06.324193,80892
26720493,189,Active,6,36,2015-01-26 02:10:06.329266,80892
26720494,190,Active,6,16,2015-01-26 02:10:06.33413,80892
26720495,191,Active,5,14,2015-01-26 02:10:06.339078,80892
26720496,192,Active,3,31,2015-01-26 02:10:06.344641,80892
26720497,193,Active,10,12,2015-01-26 02:10:06.349866,80892
26720498,194,Active,0,29,2015-01-26 02:10:06.355542,80892
26720499,195,Active,13,9,2015-01-26 02:10:06.361879,80892
26720500,196,Active,16,26,2015-01-26 02:10:06.367443,80892
26720501,197,Active,3,28,2015-01-26 02:10:06.372563,80892
26720502,198,Active,5,18,2015-01-26 02:10:06.378604,80892
26720503,199,Active,9,14,2015-01-26 02:10:06.383435,80892
26720504,200,Active,4,19,2015-01-26 02:10:06.388313,80892
26720505,201,Active,1,22,2015-01-26 02:10:06.392943,80892
26720506,202,Active,3,15,2015-01-26 02:10:06.398794,80892
26720507,203,Active,5,49,2015-01-26 02:10:06.404832,80892
26720508,204,Active,1,38,2015-01-26 02:10:06.410661,80892
26720509,205,Active,7,24,2015-01-26 02:10:06.415968,80892
26720510,206,Active,8,38,2015-01-26 02:10:06.421941,80892
26720511,207,Active,0,31,2015-01-26 02:10:06.426966,80892
26720512,208,Active,5,22,2015-01-26 02:10:06.43204,80892
26720513,209,Active,6,24,2015-01-26 02:10:06.437516,80892
26720514,210,Active,8,22,2015-01-26 02:10:06.442395,80892
26720515,211,Active,8,30,2015-01-26 02:10:06.447752,80892
26720516,212,Active,9,18,2015-01-26 02:10:06.452514,80892
26720517,213,Active,2,42,2015-01-26 02:10:06.458906,80892
26720518,214,Active,2,25,2015-01-26 02:10:06.463858,80892
26720519,215,Active,0,24,2015-01-26 02:10:06.469077,80892
26720520,216,Active,3,22,2015-01-26 02:10:06.474065,80892
26720521,217,Active,4,35,2015-01-26 02:10:06.478997,80892
26720522,218,Active,4,28,2015-01-26 02:10:06.484106,80892
26720523,219,Active,6,29,2015-01-26 02:10:06.489617,80892
26720524,220,Active,21,30,2015-01-26 02:10:06.494694,80892
26720525,221,Active,1,22,2015-01-26 02:10:06.499686,80892
26720526,222,Active,11,41,2015-01-26 02:10:06.504655,80892
26720527,223,Active,9,32,2015-01-26 02:10:06.509983,80892
26720528,224,Active,7,30,2015-01-26 02:10:06.537793,80892
26720529,225,Active,16,14,2015-01-26 02:10:06.545011,80892
26720530,226,Active,5,26,2015-01-26 02:10:06.552,80892
26720531,227,Active,2,27,2015-01-26 02:10:06.559493,80892
26720532,228,Active,4,55,2015-01-26 02:10:06.564544,80892
26720533,229,Active,2,37,2015-01-26 02:10:06.569361,80892
26720534,230,Active,11,24,2015-01-26 02:10:06.574212,80892
26720535,231,Active,14,21,2015-01-26 02:10:06.579328,80892
26720536,232,Active,18,16,2015-01-26 02:10:06.584872,80892
26720537,233,Active,1,38,2015-01-26 02:10:06.590129,80892
26720538,234,Active,3,28,2015-01-26 02:10:06.595263,80892
26720539,235,Active,36,11,2015-01-26 02:10:06.60029,80892
26720540,236,Active,16,6,2015-01-26 02:10:06.605375,80892
26720541,237,Active,9,29,2015-01-26 02:10:06.611011,80892
26720542,238,Active,22,24,2015-01-26 02:10:06.61582,80892
26720543,239,Active,21,1,2015-01-26 02:10:06.620751,80892
26720544,240,Active,29,29,2015-01-26 02:10:06.6257,80892
26720545,241,Active,9,30,2015-01-26 02:10:06.630464,80892
26720546,242,Active,13,22,2015-01-26 02:10:06.635389,80892
26720547,243,Active,13,21,2015-01-26 02:10:06.640237,80892
26720548,244,Active,2,56,2015-01-26 02:10:06.645174,80892
26720549,245,Active,0,57,2015-01-26 02:10:06.649836,80892
26720550,246,Active,7,29,2015-01-26 02:10:06.654778,80892
26720551,247,Active,5,26,2015-01-26 02:10:06.660938,80892
26720552,248,Active,2,38,2015-01-26 02:10:06.666977,80892
26720553,249,Active,21,20,2015-01-26 02:10:06.672244,80892
26720554,250,Active,14,33,2015-01-26 02:10:06.677434,80892
26720555,251,Active,3,34,2015-01-26 02:10:06.683122,80892
26720556,252,Active,0,45,2015-01-26 02:10:06.688936,80892
26720557,253,Active,12,46,2015-01-26 02:10:06.696389,80892
26720558,254,Active,3,28,2015-01-26 02:10:06.702539,80892
26720559,255,Active,17,10,2015-01-26 02:10:06.707514,80892
26720560,256,Active,10,16,2015-01-26 02:10:06.712586,80892
26720561,257,Active,5,20,2015-01-26 02:10:06.717466,80892
26720562,258,Active,8,31,2015-01-26 02:10:06.72247,80892
26720563,259,Active,16,19,2015-01-26 02:10:06.728712,80892
26720564,260,Active,5,39,2015-01-26 02:10:06.733586,80892
26720565,261,Active,21,17,2015-01-26 02:10:06.738624,80892
26720566,262,Active,15,24,2015-01-26 02:10:06.743532,80892
26720567,263,Active,20,15,2015-01-26 02:10:06.748479,80892
26720568,264,Active,11,30,2015-01-26 02:10:06.753634,80892
26720569,265,Active,23,13,2015-01-26 02:10:06.75867,80892
26720570,266,Active,6,51,2015-01-26 02:10:06.7638,80892
26720571,267,Active,0,51,2015-01-26 02:10:06.768875,80892
26720572,268,Active,1,48,2015-01-26 02:10:06.773821,80892
26720573,269,Active,4,30,2015-01-26 02:10:06.778888,80892
26720574,270,Active,2,33,2015-01-26 02:10:06.784041,80892
26720575,271,Active,5,20,2015-01-26 02:10:06.789161,80892
26720576,272,Active,3,44,2015-01-26 02:10:06.79424,80892
26720577,273,Active,34,24,2015-01-26 02:10:06.799271,80892
26720578,274,Active,5,24,2015-01-26 02:10:06.804359,80892
26720579,275,Active,13,23,2015-01-26 02:10:06.809168,80892
26720580,276,Active,16,35,2015-01-26 02:10:06.814852,80892
26720581,277,Active,18,22,2015-01-26 02:10:06.819908,80892
26720582,330,Active,4,26,2015-01-26 02:10:06.825528,80892
26720583,278,Active,4,24,2015-01-26 02:10:06.831083,80892
26720584,279,Active,13,31,2015-01-26 02:10:06.859481,80892
26720585,280,Active,2,34,2015-01-26 02:10:06.865402,80892
26720586,281,Active,5,41,2015-01-26 02:10:06.870882,80892
26720587,282,Active,8,16,2015-01-26 02:10:06.87714,80892
26720588,283,Active,6,29,2015-01-26 02:10:06.884135,80892
26720589,284,Active,13,36,2015-01-26 02:10:06.892228,80892
26720590,285,Active,3,29,2015-01-26 02:10:06.902948,80892
26720591,286,Active,15,11,2015-01-26 02:10:06.908764,80892
26720592,287,Active,4,23,2015-01-26 02:10:06.915893,80892
26720593,288,Active,32,20,2015-01-26 02:10:06.921206,80892
26720594,289,Active,12,22,2015-01-26 02:10:06.926221,80892
26720595,290,Active,9,22,2015-01-26 02:10:06.9312,80892
26720596,291,Active,32,26,2015-01-26 02:10:06.936397,80892
26720597,292,Active,11,27,2015-01-26 02:10:06.941384,80892
26720598,293,Active,34,26,2015-01-26 02:10:06.947022,80892
26720599,294,Active,2,37,2015-01-26 02:10:06.952046,80892
26720600,295,Active,26,41,2015-01-26 02:10:06.957896,80892
26720601,296,Active,9,41,2015-01-26 02:10:06.964096,80892
26720602,297,Active,12,39,2015-01-26 02:10:06.970193,80892
26720603,298,Active,13,43,2015-01-26 02:10:06.975496,80892
26720604,299,Active,0,38,2015-01-26 02:10:06.981094,80892
26720605,300,Active,4,35,2015-01-26 02:10:06.989015,80892
26720606,301,Active,15,44,2015-01-26 02:10:06.994733,80892
26720607,302,Active,7,31,2015-01-26 02:10:06.999694,80892
26720608,303,Active,29,12,2015-01-26 02:10:07.005156,80892
26720609,304,Active,17,19,2015-01-26 02:10:07.010107,80892
26720610,305,Active,9,30,2015-01-26 02:10:07.01668,80892
26720611,306,Active,10,32,2015-01-26 02:10:07.021603,80892
26720612,307,Active,4,45,2015-01-26 02:10:07.026578,80892
26720613,308,Active,13,18,2015-01-26 02:10:07.03139,80892
26720614,309,Active,6,23,2015-01-26 02:10:07.036381,80892
26720615,310,Active,10,27,2015-01-26 02:10:07.041327,80892
26720616,311,Active,14,25,2015-01-26 02:10:07.047213,80892
26720617,312,Active,9,22,2015-01-26 02:10:07.052381,80892
26720618,313,Inactive,0,39,2015-01-26 02:10:07.057289,80892
26720619,314,Active,1,24,2015-01-26 02:10:07.06223,80892
26720620,315,Active,7,31,2015-01-26 02:10:07.06709,80892
26720621,316,Active,15,15,2015-01-26 02:10:07.072159,80892
26720622,317,Active,9,6,2015-01-26 02:10:07.078529,80892
26720623,318,Active,11,16,2015-01-26 02:10:07.08361,80892
26720624,319,Inactive,0,30,2015-01-26 02:10:07.088626,80892
26720625,320,Active,1,34,2015-01-26 02:10:07.09506,80892
26720626,321,Active,6,4,2015-01-26 02:10:07.104045,80892
26720627,322,Active,16,32,2015-01-26 02:10:07.109096,80892
26720628,332,Active,17,7,2015-01-26 02:10:07.115402,80892
26720629,327,Active,12,22,2015-01-26 02:10:07.120232,80892
26720630,328,Active,4,35,2015-01-26 02:10:07.126245,80892
26720631,331,Active,3,33,2015-01-26 02:10:07.131521,80892
26720632,323,Active,10,28,2015-01-26 02:10:07.136501,80892
26720633,324,Active,9,33,2015-01-26 02:10:07.141564,80892
26720634,329,Active,17,16,2015-01-26 02:10:07.146513,80892
26720635,325,Active,4,32,2015-01-26 02:10:07.151618,80892
26720636,326,Active,7,18,2015-01-26 02:10:07.156973,80892
26720637,1,Active,10,29,2015-01-26 02:20:05.601837,80893
26720638,2,Active,4,28,2015-01-26 02:20:05.609515,80893
26720639,3,Active,5,20,2015-01-26 02:20:05.613997,80893
26720640,4,Active,4,57,2015-01-26 02:20:05.618273,80893
26720641,5,Active,8,29,2015-01-26 02:20:05.622478,80893
26720642,6,Active,11,8,2015-01-26 02:20:05.626544,80893
26720643,7,Active,13,6,2015-01-26 02:20:05.630602,80893
26720644,8,Active,19,12,2015-01-26 02:20:05.634672,80893
26720645,9,Active,14,16,2015-01-26 02:20:05.638875,80893
26720646,10,Active,5,41,2015-01-26 02:20:05.642926,80893
26720647,11,Active,7,17,2015-01-26 02:20:05.647271,80893
26720648,12,Active,1,18,2015-01-26 02:20:05.651303,80893
26720649,13,Active,4,34,2015-01-26 02:20:05.65548,80893
26720650,14,Active,15,17,2015-01-26 02:20:05.660035,80893
26720651,15,Active,5,25,2015-01-26 02:20:05.66471,80893
26720652,16,Active,0,33,2015-01-26 02:20:05.668835,80893
26720653,17,Active,4,25,2015-01-26 02:20:05.673651,80893
26720654,18,Active,4,45,2015-01-26 02:20:05.678403,80893
26720655,19,Active,16,7,2015-01-26 02:20:05.682531,80893
26720656,20,Active,7,17,2015-01-26 02:20:05.68669,80893
26720657,21,Active,11,24,2015-01-26 02:20:05.690798,80893
26720658,22,Active,10,36,2015-01-26 02:20:05.694867,80893
26720659,23,Active,2,43,2015-01-26 02:20:05.699288,80893
26720660,24,Active,6,40,2015-01-26 02:20:05.703534,80893
26720661,25,Active,30,20,2015-01-26 02:20:05.707628,80893
26720662,26,Active,5,25,2015-01-26 02:20:05.712128,80893
26720663,27,Active,4,41,2015-01-26 02:20:05.717415,80893
26720664,28,Active,8,19,2015-01-26 02:20:05.723216,80893
26720665,29,Active,1,22,2015-01-26 02:20:05.729075,80893
26720666,30,Active,13,25,2015-01-26 02:20:05.733974,80893
26720667,31,Active,3,35,2015-01-26 02:20:05.738079,80893
26720668,32,Active,5,28,2015-01-26 02:20:05.742271,80893
26720669,33,Active,5,25,2015-01-26 02:20:05.74644,80893
26720670,34,Active,17,19,2015-01-26 02:20:05.750799,80893
26720671,35,Active,8,47,2015-01-26 02:20:05.754952,80893
26720672,36,Active,3,21,2015-01-26 02:20:05.758986,80893
26720673,37,Active,3,20,2015-01-26 02:20:05.763089,80893
26720674,38,Active,3,35,2015-01-26 02:20:05.767293,80893
26720675,39,Active,1,38,2015-01-26 02:20:05.771269,80893
26720676,40,Active,11,28,2015-01-26 02:20:05.778136,80893
26720677,41,Active,13,17,2015-01-26 02:20:05.78229,80893
26720678,42,Active,3,28,2015-01-26 02:20:05.786355,80893
26720679,43,Active,1,22,2015-01-26 02:20:05.790439,80893
26720680,44,Active,8,15,2015-01-26 02:20:05.794439,80893
26720681,45,Active,20,10,2015-01-26 02:20:05.79863,80893
26720682,46,Active,3,28,2015-01-26 02:20:05.802712,80893
26720683,47,Active,2,21,2015-01-26 02:20:05.807122,80893
26720684,48,Active,4,15,2015-01-26 02:20:05.811169,80893
26720685,49,Active,0,23,2015-01-26 02:20:05.815288,80893
26720686,50,Active,4,23,2015-01-26 02:20:05.822383,80893
26720687,51,Active,3,36,2015-01-26 02:20:05.826465,80893
26720688,52,Active,12,15,2015-01-26 02:20:05.830893,80893
26720689,53,Active,5,27,2015-01-26 02:20:05.834989,80893
26720690,54,Inactive,0,3,2015-01-26 02:20:05.839082,80893
26720691,55,Active,6,25,2015-01-26 02:20:05.843291,80893
26720692,56,Active,11,28,2015-01-26 02:20:05.869699,80893
26720693,57,Active,0,22,2015-01-26 02:20:05.87548,80893
26720694,58,Active,7,31,2015-01-26 02:20:05.880529,80893
26720695,59,Active,3,32,2015-01-26 02:20:05.885354,80893
26720696,60,Active,7,20,2015-01-26 02:20:05.89177,80893
26720697,61,Active,2,20,2015-01-26 02:20:05.896737,80893
26720698,62,Active,2,28,2015-01-26 02:20:05.901692,80893
26720699,63,Active,5,22,2015-01-26 02:20:05.90658,80893
26720700,64,Active,5,30,2015-01-26 02:20:05.912113,80893
26720701,65,Active,2,22,2015-01-26 02:20:05.917062,80893
26720702,66,Active,32,25,2015-01-26 02:20:05.922055,80893
26720703,67,Active,10,16,2015-01-26 02:20:05.92733,80893
26720704,68,Active,2,21,2015-01-26 02:20:05.932314,80893
26720705,69,Active,17,12,2015-01-26 02:20:05.937188,80893
26720706,70,Active,10,21,2015-01-26 02:20:05.942201,80893
26720707,71,Active,0,18,2015-01-26 02:20:05.949374,80893
26720708,72,Active,0,22,2015-01-26 02:20:05.954342,80893
26720709,73,Active,0,18,2015-01-26 02:20:05.959801,80893
26720710,74,Active,11,25,2015-01-26 02:20:05.964697,80893
26720711,75,Active,5,25,2015-01-26 02:20:05.969529,80893
26720712,76,Active,13,46,2015-01-26 02:20:05.974294,80893
26720713,77,Active,3,24,2015-01-26 02:20:05.979271,80893
26720714,78,Active,6,35,2015-01-26 02:20:05.984511,80893
26720715,79,Active,12,34,2015-01-26 02:20:05.991006,80893
26720716,80,Active,4,14,2015-01-26 02:20:05.995651,80893
26720717,81,Active,2,27,2015-01-26 02:20:06.001876,80893
26720718,82,Active,1,19,2015-01-26 02:20:06.007215,80893
26720719,83,Active,16,37,2015-01-26 02:20:06.017302,80893
26720720,84,Active,1,29,2015-01-26 02:20:06.024098,80893
26720721,85,Active,2,22,2015-01-26 02:20:06.033419,80893
26720722,86,Active,1,33,2015-01-26 02:20:06.040494,80893
26720723,87,Active,9,16,2015-01-26 02:20:06.045728,80893
26720724,88,Active,5,30,2015-01-26 02:20:06.051838,80893
26720725,89,Active,18,35,2015-01-26 02:20:06.056639,80893
26720726,90,Active,6,30,2015-01-26 02:20:06.062456,80893
26720727,91,Active,8,15,2015-01-26 02:20:06.067473,80893
26720728,92,Active,14,17,2015-01-26 02:20:06.072552,80893
26720729,93,Active,6,30,2015-01-26 02:20:06.077472,80893
26720730,94,Active,18,14,2015-01-26 02:20:06.082648,80893
26720731,95,Active,7,30,2015-01-26 02:20:06.08762,80893
26720732,96,Active,5,26,2015-01-26 02:20:06.092669,80893
26720733,97,Active,1,26,2015-01-26 02:20:06.097545,80893
26720734,98,Active,1,40,2015-01-26 02:20:06.102494,80893
26720735,99,Active,18,15,2015-01-26 02:20:06.107481,80893
26720736,100,Active,3,27,2015-01-26 02:20:06.11265,80893
26720737,101,Active,15,14,2015-01-26 02:20:06.118856,80893
26720738,102,Active,17,5,2015-01-26 02:20:06.123763,80893
26720739,103,Active,2,37,2015-01-26 02:20:06.128852,80893
26720740,104,Active,6,22,2015-01-26 02:20:06.134041,80893
26720741,105,Active,2,41,2015-01-26 02:20:06.139004,80893
26720742,106,Active,17,10,2015-01-26 02:20:06.143917,80893
26720743,107,Active,4,26,2015-01-26 02:20:06.149019,80893
26720744,108,Inactive,0,3,2015-01-26 02:20:06.15443,80893
26720745,109,Active,3,35,2015-01-26 02:20:06.159267,80893
26720746,110,Active,0,27,2015-01-26 02:20:06.16414,80893
26720747,111,Active,3,26,2015-01-26 02:20:06.168513,80893
26720748,112,Inactive,14,25,2015-01-26 02:20:06.194632,80893
26720749,113,Active,23,27,2015-01-26 02:20:06.200712,80893
26720750,114,Active,7,27,2015-01-26 02:20:06.205641,80893
26720751,115,Active,4,23,2015-01-26 02:20:06.210961,80893
26720752,116,Active,3,36,2015-01-26 02:20:06.215665,80893
26720753,117,Active,7,16,2015-01-26 02:20:06.220865,80893
26720754,118,Active,3,28,2015-01-26 02:20:06.225672,80893
26720755,119,Active,1,38,2015-01-26 02:20:06.230673,80893
26720756,120,Active,0,27,2015-01-26 02:20:06.235683,80893
26720757,121,Active,9,15,2015-01-26 02:20:06.240929,80893
26720758,122,Active,3,28,2015-01-26 02:20:06.246074,80893
26720759,123,Active,0,26,2015-01-26 02:20:06.255042,80893
26720760,124,Active,3,33,2015-01-26 02:20:06.261476,80893
26720761,125,Active,3,34,2015-01-26 02:20:06.266548,80893
26720762,126,Active,6,18,2015-01-26 02:20:06.271628,80893
26720763,127,Active,2,24,2015-01-26 02:20:06.276397,80893
26720764,128,Active,11,8,2015-01-26 02:20:06.281366,80893
26720765,129,Active,9,18,2015-01-26 02:20:06.291482,80893
26720766,130,Active,5,18,2015-01-26 02:20:06.29683,80893
26720767,131,Active,3,20,2015-01-26 02:20:06.301548,80893
26720768,132,Active,0,35,2015-01-26 02:20:06.307081,80893
26720769,133,Active,5,22,2015-01-26 02:20:06.31177,80893
26720770,134,Active,1,31,2015-01-26 02:20:06.316839,80893
26720771,135,Active,10,32,2015-01-26 02:20:06.321779,80893
26720772,136,Active,0,23,2015-01-26 02:20:06.326567,80893
26720773,137,Active,1,27,2015-01-26 02:20:06.331702,80893
26720774,138,Active,9,29,2015-01-26 02:20:06.336759,80893
26720775,139,Active,1,35,2015-01-26 02:20:06.341404,80893
26720776,140,Active,15,11,2015-01-26 02:20:06.346397,80893
26720777,141,Active,6,17,2015-01-26 02:20:06.351138,80893
26720778,142,Active,11,30,2015-01-26 02:20:06.356499,80893
26720779,143,Active,3,19,2015-01-26 02:20:06.361819,80893
26720780,144,Active,10,17,2015-01-26 02:20:06.366563,80893
26720781,145,Active,6,29,2015-01-26 02:20:06.371743,80893
26720782,146,Active,20,35,2015-01-26 02:20:06.376731,80893
26720783,147,Active,0,39,2015-01-26 02:20:06.381618,80893
26720784,148,Active,0,43,2015-01-26 02:20:06.386685,80893
26720785,149,Active,2,54,2015-01-26 02:20:06.391772,80893
26720786,150,Active,17,29,2015-01-26 02:20:06.396801,80893
26720787,151,Active,0,27,2015-01-26 02:20:06.40182,80893
26720788,152,Active,3,28,2015-01-26 02:20:06.407038,80893
26720789,153,Active,5,28,2015-01-26 02:20:06.412208,80893
26720790,154,Active,10,24,2015-01-26 02:20:06.417503,80893
26720791,155,Active,17,19,2015-01-26 02:20:06.4225,80893
26720792,156,Active,5,29,2015-01-26 02:20:06.427639,80893
26720793,157,Active,1,26,2015-01-26 02:20:06.433555,80893
26720794,158,Active,8,11,2015-01-26 02:20:06.438691,80893
26720795,159,Active,7,23,2015-01-26 02:20:06.443816,80893
26720796,160,Active,2,39,2015-01-26 02:20:06.448658,80893
26720797,161,Active,1,45,2015-01-26 02:20:06.45354,80893
26720798,162,Active,3,39,2015-01-26 02:20:06.458495,80893
26720799,163,Active,22,16,2015-01-26 02:20:06.463358,80893
26720800,164,Active,10,26,2015-01-26 02:20:06.46832,80893
26720801,165,Active,12,27,2015-01-26 02:20:06.473763,80893
26720802,166,Active,10,20,2015-01-26 02:20:06.479539,80893
26720803,167,Active,6,23,2015-01-26 02:20:06.484784,80893
26720804,168,Active,10,32,2015-01-26 02:20:06.514516,80893
26720805,169,Active,0,38,2015-01-26 02:20:06.520512,80893
26720806,170,Active,1,33,2015-01-26 02:20:06.525737,80893
26720807,171,Active,4,23,2015-01-26 02:20:06.530674,80893
26720808,172,Active,7,24,2015-01-26 02:20:06.535699,80893
26720809,173,Active,0,30,2015-01-26 02:20:06.54048,80893
26720810,174,Active,9,23,2015-01-26 02:20:06.545439,80893
26720811,175,Active,10,21,2015-01-26 02:20:06.550359,80893
26720812,176,Active,14,18,2015-01-26 02:20:06.555444,80893
26720813,177,Active,2,27,2015-01-26 02:20:06.560426,80893
26720814,178,Active,8,17,2015-01-26 02:20:06.565605,80893
26720815,179,Active,11,15,2015-01-26 02:20:06.57069,80893
26720816,180,Active,3,28,2015-01-26 02:20:06.576041,80893
26720817,181,Active,0,26,2015-01-26 02:20:06.581543,80893
26720818,182,Active,1,14,2015-01-26 02:20:06.587197,80893
26720819,183,Active,7,32,2015-01-26 02:20:06.592472,80893
26720820,184,Active,17,25,2015-01-26 02:20:06.597586,80893
26720821,185,Active,14,17,2015-01-26 02:20:06.602514,80893
26720822,186,Active,20,18,2015-01-26 02:20:06.607552,80893
26720823,187,Active,17,22,2015-01-26 02:20:06.612755,80893
26720824,188,Active,5,28,2015-01-26 02:20:06.6182,80893
26720825,189,Active,6,36,2015-01-26 02:20:06.623249,80893
26720826,190,Active,6,16,2015-01-26 02:20:06.630487,80893
26720827,191,Active,5,14,2015-01-26 02:20:06.635515,80893
26720828,192,Active,3,31,2015-01-26 02:20:06.640816,80893
26720829,193,Active,10,12,2015-01-26 02:20:06.646802,80893
26720830,194,Active,1,28,2015-01-26 02:20:06.651712,80893
26720831,195,Active,13,9,2015-01-26 02:20:06.656685,80893
26720832,196,Active,16,26,2015-01-26 02:20:06.661334,80893
26720833,197,Active,3,28,2015-01-26 02:20:06.666527,80893
26720834,198,Active,5,18,2015-01-26 02:20:06.67182,80893
26720835,199,Active,9,14,2015-01-26 02:20:06.677,80893
26720836,200,Active,4,19,2015-01-26 02:20:06.682134,80893
26720837,201,Active,1,22,2015-01-26 02:20:06.687233,80893
26720838,202,Active,3,15,2015-01-26 02:20:06.692417,80893
26720839,203,Active,6,48,2015-01-26 02:20:06.697558,80893
26720840,204,Active,1,38,2015-01-26 02:20:06.70286,80893
26720841,205,Active,7,24,2015-01-26 02:20:06.709842,80893
26720842,206,Active,8,38,2015-01-26 02:20:06.714909,80893
26720843,207,Active,0,31,2015-01-26 02:20:06.720779,80893
26720844,208,Active,5,22,2015-01-26 02:20:06.727266,80893
26720845,209,Active,6,24,2015-01-26 02:20:06.733577,80893
26720846,210,Active,8,22,2015-01-26 02:20:06.73908,80893
26720847,211,Active,8,30,2015-01-26 02:20:06.745266,80893
26720848,212,Active,9,18,2015-01-26 02:20:06.752182,80893
26720849,213,Active,2,42,2015-01-26 02:20:06.758218,80893
26720850,214,Active,1,26,2015-01-26 02:20:06.763429,80893
26720851,215,Active,0,24,2015-01-26 02:20:06.768696,80893
26720852,216,Active,3,22,2015-01-26 02:20:06.773747,80893
26720853,217,Active,5,34,2015-01-26 02:20:06.778674,80893
26720854,218,Active,4,28,2015-01-26 02:20:06.783575,80893
26720855,219,Active,5,30,2015-01-26 02:20:06.788414,80893
26720856,220,Active,21,30,2015-01-26 02:20:06.793609,80893
26720857,221,Active,1,22,2015-01-26 02:20:06.798781,80893
26720858,222,Active,11,41,2015-01-26 02:20:06.803993,80893
26720859,223,Active,9,32,2015-01-26 02:20:06.809172,80893
26720860,224,Active,7,30,2015-01-26 02:20:06.838984,80893
26720861,225,Active,17,13,2015-01-26 02:20:06.8449,80893
26720862,226,Active,5,26,2015-01-26 02:20:06.849894,80893
26720863,227,Active,2,27,2015-01-26 02:20:06.854952,80893
26720864,228,Active,4,55,2015-01-26 02:20:06.859975,80893
26720865,229,Active,2,37,2015-01-26 02:20:06.86515,80893
26720866,230,Active,11,24,2015-01-26 02:20:06.870218,80893
26720867,231,Active,14,21,2015-01-26 02:20:06.875541,80893
26720868,232,Active,18,16,2015-01-26 02:20:06.881376,80893
26720869,233,Active,2,37,2015-01-26 02:20:06.886311,80893
26720870,234,Active,3,28,2015-01-26 02:20:06.891775,80893
26720871,235,Active,36,11,2015-01-26 02:20:06.899434,80893
26720872,236,Active,16,6,2015-01-26 02:20:06.904661,80893
26720873,237,Active,9,29,2015-01-26 02:20:06.910518,80893
26720874,238,Active,21,25,2015-01-26 02:20:06.915521,80893
26720875,239,Active,21,1,2015-01-26 02:20:06.9211,80893
26720876,240,Active,30,28,2015-01-26 02:20:06.926051,80893
26720877,241,Active,9,30,2015-01-26 02:20:06.931115,80893
26720878,242,Active,13,22,2015-01-26 02:20:06.938969,80893
26720879,243,Active,13,21,2015-01-26 02:20:06.944046,80893
26720880,244,Active,2,55,2015-01-26 02:20:06.949127,80893
26720881,245,Active,0,57,2015-01-26 02:20:06.953956,80893
26720882,246,Active,8,28,2015-01-26 02:20:06.95945,80893
26720883,247,Active,5,26,2015-01-26 02:20:06.964666,80893
26720884,248,Active,3,37,2015-01-26 02:20:06.969746,80893
26720885,249,Active,21,20,2015-01-26 02:20:06.97498,80893
26720886,250,Active,14,33,2015-01-26 02:20:06.980054,80893
26720887,251,Active,3,34,2015-01-26 02:20:06.984947,80893
26720888,252,Active,2,43,2015-01-26 02:20:06.990095,80893
26720889,253,Active,12,46,2015-01-26 02:20:06.99509,80893
26720890,254,Active,2,29,2015-01-26 02:20:07.00004,80893
26720891,255,Active,17,10,2015-01-26 02:20:07.005779,80893
26720892,256,Active,9,17,2015-01-26 02:20:07.011153,80893
26720893,257,Active,5,20,2015-01-26 02:20:07.016764,80893
26720894,258,Active,8,31,2015-01-26 02:20:07.021902,80893
26720895,259,Active,16,19,2015-01-26 02:20:07.026934,80893
26720896,260,Active,5,39,2015-01-26 02:20:07.034985,80893
26720897,261,Active,21,17,2015-01-26 02:20:07.04036,80893
26720898,262,Active,15,24,2015-01-26 02:20:07.045847,80893
26720899,263,Active,20,15,2015-01-26 02:20:07.051497,80893
26720900,264,Active,11,30,2015-01-26 02:20:07.056539,80893
26720901,265,Active,23,13,2015-01-26 02:20:07.06145,80893
26720902,266,Active,6,51,2015-01-26 02:20:07.06639,80893
26720903,267,Active,0,51,2015-01-26 02:20:07.07151,80893
26720904,268,Active,1,48,2015-01-26 02:20:07.076657,80893
26720905,269,Active,4,30,2015-01-26 02:20:07.0818,80893
26720906,270,Active,2,33,2015-01-26 02:20:07.086983,80893
26720907,271,Active,5,20,2015-01-26 02:20:07.091986,80893
26720908,272,Active,3,44,2015-01-26 02:20:07.097046,80893
26720909,273,Active,32,26,2015-01-26 02:20:07.102065,80893
26720910,274,Active,5,24,2015-01-26 02:20:07.107194,80893
26720911,275,Active,12,24,2015-01-26 02:20:07.112209,80893
26720912,276,Active,17,34,2015-01-26 02:20:07.118008,80893
26720913,277,Active,18,22,2015-01-26 02:20:07.123241,80893
26720914,330,Active,5,25,2015-01-26 02:20:07.128568,80893
26720915,278,Active,4,24,2015-01-26 02:20:07.133689,80893
26720916,279,Active,14,30,2015-01-26 02:20:07.161291,80893
26720917,280,Active,1,35,2015-01-26 02:20:07.167184,80893
26720918,281,Active,5,41,2015-01-26 02:20:07.174453,80893
26720919,282,Active,10,14,2015-01-26 02:20:07.179458,80893
26720920,283,Active,6,29,2015-01-26 02:20:07.184783,80893
26720921,284,Active,13,36,2015-01-26 02:20:07.18979,80893
26720922,285,Active,2,30,2015-01-26 02:20:07.196169,80893
26720923,286,Active,14,12,2015-01-26 02:20:07.201912,80893
26720924,287,Active,4,23,2015-01-26 02:20:07.207326,80893
26720925,288,Active,32,20,2015-01-26 02:20:07.213606,80893
26720926,289,Active,12,22,2015-01-26 02:20:07.221537,80893
26720927,290,Active,9,22,2015-01-26 02:20:07.22669,80893
26720928,291,Active,32,26,2015-01-26 02:20:07.231857,80893
26720929,292,Active,11,27,2015-01-26 02:20:07.236997,80893
26720930,293,Active,33,27,2015-01-26 02:20:07.242164,80893
26720931,294,Active,2,37,2015-01-26 02:20:07.247149,80893
26720932,295,Active,26,41,2015-01-26 02:20:07.253329,80893
26720933,296,Active,9,41,2015-01-26 02:20:07.25875,80893
26720934,297,Active,14,37,2015-01-26 02:20:07.265582,80893
26720935,298,Active,13,43,2015-01-26 02:20:07.272047,80893
26720936,299,Active,0,38,2015-01-26 02:20:07.277264,80893
26720937,300,Active,5,34,2015-01-26 02:20:07.282874,80893
26720938,301,Active,15,44,2015-01-26 02:20:07.288383,80893
26720939,302,Active,9,29,2015-01-26 02:20:07.293916,80893
26720940,303,Active,28,13,2015-01-26 02:20:07.299056,80893
26720941,304,Active,17,19,2015-01-26 02:20:07.304147,80893
26720942,305,Active,9,30,2015-01-26 02:20:07.309008,80893
26720943,306,Active,10,32,2015-01-26 02:20:07.313963,80893
26720944,307,Active,4,45,2015-01-26 02:20:07.318944,80893
26720945,308,Active,13,18,2015-01-26 02:20:07.324179,80893
26720946,309,Active,6,23,2015-01-26 02:20:07.329444,80893
26720947,310,Active,9,28,2015-01-26 02:20:07.334303,80893
26720948,311,Active,14,25,2015-01-26 02:20:07.343615,80893
26720949,312,Active,9,22,2015-01-26 02:20:07.348723,80893
26720950,313,Inactive,0,39,2015-01-26 02:20:07.353644,80893
26720951,314,Active,0,25,2015-01-26 02:20:07.358813,80893
26720952,315,Active,5,33,2015-01-26 02:20:07.36393,80893
26720953,316,Active,15,15,2015-01-26 02:20:07.369607,80893
26720954,317,Active,8,7,2015-01-26 02:20:07.375244,80893
26720955,318,Active,11,16,2015-01-26 02:20:07.380427,80893
26720956,319,Inactive,0,30,2015-01-26 02:20:07.386465,80893
26720957,320,Active,1,34,2015-01-26 02:20:07.391827,80893
26720958,321,Active,6,4,2015-01-26 02:20:07.396926,80893
26720959,322,Active,17,31,2015-01-26 02:20:07.40211,80893
26720960,332,Active,18,6,2015-01-26 02:20:07.407166,80893
26720961,327,Active,13,21,2015-01-26 02:20:07.412203,80893
26720962,328,Active,3,36,2015-01-26 02:20:07.417287,80893
26720963,331,Active,3,33,2015-01-26 02:20:07.422367,80893
26720964,323,Active,10,27,2015-01-26 02:20:07.427381,80893
26720965,324,Active,9,33,2015-01-26 02:20:07.432936,80893
26720966,329,Active,17,16,2015-01-26 02:20:07.437972,80893
26720967,325,Active,4,32,2015-01-26 02:20:07.443027,80893
26720968,326,Active,7,18,2015-01-26 02:20:07.448183,80893
26720969,1,Active,10,29,2015-01-26 02:30:05.361997,80894
26720970,2,Active,4,28,2015-01-26 02:30:05.374112,80894
26720971,3,Active,4,21,2015-01-26 02:30:05.382787,80894
26720972,4,Active,3,58,2015-01-26 02:30:05.387741,80894
26720973,5,Active,8,29,2015-01-26 02:30:05.391744,80894
26720974,6,Active,10,9,2015-01-26 02:30:05.396031,80894
26720975,7,Active,12,7,2015-01-26 02:30:05.400115,80894
26720976,8,Active,18,13,2015-01-26 02:30:05.404549,80894
26720977,9,Active,14,16,2015-01-26 02:30:05.408726,80894
26720978,10,Active,5,41,2015-01-26 02:30:05.412843,80894
26720979,11,Active,7,17,2015-01-26 02:30:05.416961,80894
26720980,12,Active,1,18,2015-01-26 02:30:05.432613,80894
26720981,13,Active,4,34,2015-01-26 02:30:05.436715,80894
26720982,14,Active,14,18,2015-01-26 02:30:05.441797,80894
26720983,15,Active,6,24,2015-01-26 02:30:05.446646,80894
26720984,16,Active,0,33,2015-01-26 02:30:05.451181,80894
26720985,17,Active,4,25,2015-01-26 02:30:05.455321,80894
26720986,18,Active,4,45,2015-01-26 02:30:05.460432,80894
26720987,19,Active,16,7,2015-01-26 02:30:05.464548,80894
26720988,20,Active,7,17,2015-01-26 02:30:05.468654,80894
26720989,21,Active,10,25,2015-01-26 02:30:05.473593,80894
26720990,22,Active,10,36,2015-01-26 02:30:05.477738,80894
26720991,23,Active,2,43,2015-01-26 02:30:05.483685,80894
26720992,24,Active,6,40,2015-01-26 02:30:05.48778,80894
26720993,25,Active,30,20,2015-01-26 02:30:05.491878,80894
26720994,26,Active,4,26,2015-01-26 02:30:05.497748,80894
26720995,27,Active,5,40,2015-01-26 02:30:05.503289,80894
26720996,28,Active,8,19,2015-01-26 02:30:05.507407,80894
26720997,29,Active,1,22,2015-01-26 02:30:05.512553,80894
26720998,30,Active,13,25,2015-01-26 02:30:05.518016,80894
26720999,31,Active,3,35,2015-01-26 02:30:05.523315,80894
26721000,32,Active,4,29,2015-01-26 02:30:05.528194,80894
26721001,33,Active,4,26,2015-01-26 02:30:05.533257,80894
26721002,34,Active,17,19,2015-01-26 02:30:05.540594,80894
26721003,35,Active,8,47,2015-01-26 02:30:05.544872,80894
26721004,36,Active,3,21,2015-01-26 02:30:05.549274,80894
26721005,37,Active,3,20,2015-01-26 02:30:05.553297,80894
26721006,38,Active,3,35,2015-01-26 02:30:05.55855,80894
26721007,39,Active,0,39,2015-01-26 02:30:05.562634,80894
26721008,40,Active,13,26,2015-01-26 02:30:05.566918,80894
26721009,41,Active,13,17,2015-01-26 02:30:05.573709,80894
26721010,42,Active,3,28,2015-01-26 02:30:05.580676,80894
26721011,43,Active,1,22,2015-01-26 02:30:05.584747,80894
26721012,44,Active,8,15,2015-01-26 02:30:05.588878,80894
26721013,45,Active,18,12,2015-01-26 02:30:05.594155,80894
26721014,46,Active,3,28,2015-01-26 02:30:05.598143,80894
26721015,47,Active,2,21,2015-01-26 02:30:05.602265,80894
26721016,48,Active,4,15,2015-01-26 02:30:05.606329,80894
26721017,49,Active,0,23,2015-01-26 02:30:05.61046,80894
26721018,50,Active,4,23,2015-01-26 02:30:05.614635,80894
26721019,51,Active,3,36,2015-01-26 02:30:05.618851,80894
26721020,52,Active,12,15,2015-01-26 02:30:05.623782,80894
26721021,53,Active,5,27,2015-01-26 02:30:05.629884,80894
26721022,54,Inactive,0,3,2015-01-26 02:30:05.634052,80894
26721023,55,Active,5,26,2015-01-26 02:30:05.64039,80894
26721024,56,Active,11,28,2015-01-26 02:30:05.679067,80894
26721025,57,Active,0,22,2015-01-26 02:30:05.684721,80894
26721026,58,Active,7,31,2015-01-26 02:30:05.689844,80894
26721027,59,Active,3,32,2015-01-26 02:30:05.69487,80894
26721028,60,Active,7,20,2015-01-26 02:30:05.699789,80894
26721029,61,Active,2,20,2015-01-26 02:30:05.704888,80894
26721030,62,Active,2,28,2015-01-26 02:30:05.709755,80894
26721031,63,Active,5,22,2015-01-26 02:30:05.714955,80894
26721032,64,Active,4,31,2015-01-26 02:30:05.719945,80894
26721033,65,Active,2,22,2015-01-26 02:30:05.724914,80894
26721034,66,Active,32,25,2015-01-26 02:30:05.72976,80894
26721035,67,Active,10,16,2015-01-26 02:30:05.734626,80894
26721036,68,Active,2,21,2015-01-26 02:30:05.739921,80894
26721037,69,Active,17,12,2015-01-26 02:30:05.744648,80894
26721038,70,Active,11,20,2015-01-26 02:30:05.749773,80894
26721039,71,Active,0,18,2015-01-26 02:30:05.754739,80894
26721040,72,Active,0,22,2015-01-26 02:30:05.759405,80894
26721041,73,Active,0,18,2015-01-26 02:30:05.764804,80894
26721042,74,Active,11,25,2015-01-26 02:30:05.7703,80894
26721043,75,Active,4,26,2015-01-26 02:30:05.777023,80894
26721044,76,Active,13,46,2015-01-26 02:30:05.782108,80894
26721045,77,Active,3,24,2015-01-26 02:30:05.787036,80894
26721046,78,Active,8,33,2015-01-26 02:30:05.79197,80894
26721047,79,Active,13,33,2015-01-26 02:30:05.79687,80894
26721048,80,Active,4,14,2015-01-26 02:30:05.801806,80894
26721049,81,Active,2,27,2015-01-26 02:30:05.806867,80894
26721050,82,Active,1,19,2015-01-26 02:30:05.811862,80894
26721051,83,Active,18,35,2015-01-26 02:30:05.816903,80894
26721052,84,Active,1,29,2015-01-26 02:30:05.8219,80894
26721053,85,Active,2,22,2015-01-26 02:30:05.827181,80894
26721054,86,Active,1,33,2015-01-26 02:30:05.832263,80894
26721055,87,Active,9,16,2015-01-26 02:30:05.837399,80894
26721056,88,Active,4,31,2015-01-26 02:30:05.842297,80894
26721057,89,Active,18,35,2015-01-26 02:30:05.847085,80894
26721058,90,Active,6,30,2015-01-26 02:30:05.852154,80894
26721059,91,Active,9,14,2015-01-26 02:30:05.857276,80894
26721060,92,Active,14,17,2015-01-26 02:30:05.862172,80894
26721061,93,Active,6,30,2015-01-26 02:30:05.867112,80894
26721062,94,Active,19,13,2015-01-26 02:30:05.872327,80894
26721063,95,Active,7,30,2015-01-26 02:30:05.877622,80894
26721064,96,Active,5,26,2015-01-26 02:30:05.893267,80894
26721065,97,Active,1,26,2015-01-26 02:30:05.898119,80894
26721066,98,Active,1,40,2015-01-26 02:30:05.903096,80894
26721067,99,Active,18,15,2015-01-26 02:30:05.907948,80894
26721068,100,Active,3,27,2015-01-26 02:30:05.912815,80894
26721069,101,Active,14,15,2015-01-26 02:30:05.917677,80894
26721070,102,Active,17,5,2015-01-26 02:30:05.922675,80894
26721071,103,Active,3,36,2015-01-26 02:30:05.927535,80894
26721072,104,Active,7,21,2015-01-26 02:30:05.932545,80894
26721073,105,Active,2,41,2015-01-26 02:30:05.937496,80894
26721074,106,Active,16,11,2015-01-26 02:30:05.942726,80894
26721075,107,Active,4,26,2015-01-26 02:30:05.947509,80894
26721076,108,Inactive,0,3,2015-01-26 02:30:05.953074,80894
26721077,109,Active,3,35,2015-01-26 02:30:05.958029,80894
26721078,110,Active,0,27,2015-01-26 02:30:05.962963,80894
26721079,111,Active,3,26,2015-01-26 02:30:05.967345,80894
26721080,112,Active,20,19,2015-01-26 02:30:05.993336,80894
26721081,113,Active,23,27,2015-01-26 02:30:05.999735,80894
26721082,114,Active,6,28,2015-01-26 02:30:06.00599,80894
26721083,115,Active,4,23,2015-01-26 02:30:06.013244,80894
26721084,116,Active,3,36,2015-01-26 02:30:06.018227,80894
26721085,117,Active,8,15,2015-01-26 02:30:06.02936,80894
26721086,118,Active,3,28,2015-01-26 02:30:06.041116,80894
26721087,119,Active,1,38,2015-01-26 02:30:06.04613,80894
26721088,120,Active,0,27,2015-01-26 02:30:06.051292,80894
26721089,121,Active,9,15,2015-01-26 02:30:06.056246,80894
26721090,122,Active,3,28,2015-01-26 02:30:06.06136,80894
26721091,123,Active,0,26,2015-01-26 02:30:06.066232,80894
26721092,124,Active,3,33,2015-01-26 02:30:06.071307,80894
26721093,125,Active,3,34,2015-01-26 02:30:06.076333,80894
26721094,126,Active,5,19,2015-01-26 02:30:06.081218,80894
26721095,127,Active,3,23,2015-01-26 02:30:06.086283,80894
26721096,128,Active,11,8,2015-01-26 02:30:06.091173,80894
26721097,129,Active,9,18,2015-01-26 02:30:06.096161,80894
26721098,130,Active,5,18,2015-01-26 02:30:06.101116,80894
26721099,131,Active,4,19,2015-01-26 02:30:06.106348,80894
26721100,132,Active,1,34,2015-01-26 02:30:06.111393,80894
26721101,133,Active,4,23,2015-01-26 02:30:06.116411,80894
26721102,134,Active,2,30,2015-01-26 02:30:06.121482,80894
26721103,135,Active,10,32,2015-01-26 02:30:06.126633,80894
26721104,136,Active,0,23,2015-01-26 02:30:06.131432,80894
26721105,137,Active,1,27,2015-01-26 02:30:06.137077,80894
26721106,138,Active,9,29,2015-01-26 02:30:06.141923,80894
26721107,139,Active,1,35,2015-01-26 02:30:06.146914,80894
26721108,140,Active,15,11,2015-01-26 02:30:06.152912,80894
26721109,141,Active,6,17,2015-01-26 02:30:06.157789,80894
26721110,142,Active,11,30,2015-01-26 02:30:06.162664,80894
26721111,143,Active,3,19,2015-01-26 02:30:06.167735,80894
26721112,144,Active,10,17,2015-01-26 02:30:06.173315,80894
26721113,145,Active,6,29,2015-01-26 02:30:06.17861,80894
26721114,146,Active,19,36,2015-01-26 02:30:06.183401,80894
26721115,147,Active,0,39,2015-01-26 02:30:06.188372,80894
26721116,148,Active,0,43,2015-01-26 02:30:06.193208,80894
26721117,149,Active,2,54,2015-01-26 02:30:06.200992,80894
26721118,150,Active,17,29,2015-01-26 02:30:06.205877,80894
26721119,151,Active,0,27,2015-01-26 02:30:06.210689,80894
26721120,152,Active,3,28,2015-01-26 02:30:06.215545,80894
26721121,153,Active,5,28,2015-01-26 02:30:06.22221,80894
26721122,154,Active,10,24,2015-01-26 02:30:06.228372,80894
26721123,155,Active,17,19,2015-01-26 02:30:06.233982,80894
26721124,156,Active,5,29,2015-01-26 02:30:06.238983,80894
26721125,157,Active,1,26,2015-01-26 02:30:06.243972,80894
26721126,158,Active,8,11,2015-01-26 02:30:06.24911,80894
26721127,159,Active,6,24,2015-01-26 02:30:06.254305,80894
26721128,160,Active,2,39,2015-01-26 02:30:06.259911,80894
26721129,161,Active,1,45,2015-01-26 02:30:06.266039,80894
26721130,162,Active,3,39,2015-01-26 02:30:06.271842,80894
26721131,163,Active,23,15,2015-01-26 02:30:06.277549,80894
26721132,164,Active,9,27,2015-01-26 02:30:06.285259,80894
26721133,165,Active,12,27,2015-01-26 02:30:06.292271,80894
26721134,166,Active,10,20,2015-01-26 02:30:06.297768,80894
26721135,167,Active,6,23,2015-01-26 02:30:06.302891,80894
26721136,168,Active,10,32,2015-01-26 02:30:06.330211,80894
26721137,169,Active,0,38,2015-01-26 02:30:06.336903,80894
26721138,170,Active,1,33,2015-01-26 02:30:06.343812,80894
26721139,171,Active,4,23,2015-01-26 02:30:06.349706,80894
26721140,172,Active,7,24,2015-01-26 02:30:06.355222,80894
26721141,173,Active,0,30,2015-01-26 02:30:06.360236,80894
26721142,174,Active,9,23,2015-01-26 02:30:06.365482,80894
26721143,175,Active,10,21,2015-01-26 02:30:06.373453,80894
26721144,176,Active,14,18,2015-01-26 02:30:06.378624,80894
26721145,177,Active,2,27,2015-01-26 02:30:06.384381,80894
26721146,178,Active,8,17,2015-01-26 02:30:06.389146,80894
26721147,179,Active,11,15,2015-01-26 02:30:06.394016,80894
26721148,180,Active,3,28,2015-01-26 02:30:06.399378,80894
26721149,181,Active,0,26,2015-01-26 02:30:06.405716,80894
26721150,182,Active,1,14,2015-01-26 02:30:06.412455,80894
26721151,183,Active,7,32,2015-01-26 02:30:06.417572,80894
26721152,184,Active,16,26,2015-01-26 02:30:06.423243,80894
26721153,185,Active,14,17,2015-01-26 02:30:06.427949,80894
26721154,186,Active,20,18,2015-01-26 02:30:06.433503,80894
26721155,187,Active,15,24,2015-01-26 02:30:06.438585,80894
26721156,188,Active,5,28,2015-01-26 02:30:06.4435,80894
26721157,189,Active,6,36,2015-01-26 02:30:06.44875,80894
26721158,190,Active,6,16,2015-01-26 02:30:06.45339,80894
26721159,191,Active,5,14,2015-01-26 02:30:06.458956,80894
26721160,192,Active,4,30,2015-01-26 02:30:06.463735,80894
26721161,193,Active,10,12,2015-01-26 02:30:06.468275,80894
26721162,194,Active,1,28,2015-01-26 02:30:06.473624,80894
26721163,195,Active,13,9,2015-01-26 02:30:06.479346,80894
26721164,196,Active,17,25,2015-01-26 02:30:06.484169,80894
26721165,197,Active,4,27,2015-01-26 02:30:06.489044,80894
26721166,198,Active,6,17,2015-01-26 02:30:06.49719,80894
26721167,199,Active,9,14,2015-01-26 02:30:06.502175,80894
26721168,200,Active,4,19,2015-01-26 02:30:06.507265,80894
26721169,201,Active,1,22,2015-01-26 02:30:06.512355,80894
26721170,202,Active,3,15,2015-01-26 02:30:06.518087,80894
26721171,203,Active,6,48,2015-01-26 02:30:06.522717,80894
26721172,204,Active,1,38,2015-01-26 02:30:06.527655,80894
26721173,205,Active,7,24,2015-01-26 02:30:06.532665,80894
26721174,206,Active,8,38,2015-01-26 02:30:06.53749,80894
26721175,207,Active,0,31,2015-01-26 02:30:06.542435,80894
26721176,208,Active,5,22,2015-01-26 02:30:06.547233,80894
26721177,209,Active,6,24,2015-01-26 02:30:06.551972,80894
26721178,210,Active,8,22,2015-01-26 02:30:06.556883,80894
26721179,211,Active,8,30,2015-01-26 02:30:06.561726,80894
26721180,212,Active,9,18,2015-01-26 02:30:06.566699,80894
26721181,213,Active,2,42,2015-01-26 02:30:06.571593,80894
26721182,214,Active,1,26,2015-01-26 02:30:06.57702,80894
26721183,215,Active,0,24,2015-01-26 02:30:06.582005,80894
26721184,216,Active,2,23,2015-01-26 02:30:06.587092,80894
26721185,217,Active,5,34,2015-01-26 02:30:06.592137,80894
26721186,218,Active,4,28,2015-01-26 02:30:06.597041,80894
26721187,219,Active,6,29,2015-01-26 02:30:06.601851,80894
26721188,220,Active,21,30,2015-01-26 02:30:06.608863,80894
26721189,221,Active,1,22,2015-01-26 02:30:06.613998,80894
26721190,222,Active,12,40,2015-01-26 02:30:06.619784,80894
26721191,223,Active,10,31,2015-01-26 02:30:06.625023,80894
26721192,224,Active,9,28,2015-01-26 02:30:06.652699,80894
26721193,225,Active,16,14,2015-01-26 02:30:06.658851,80894
26721194,226,Active,4,27,2015-01-26 02:30:06.664072,80894
26721195,227,Active,2,27,2015-01-26 02:30:06.669979,80894
26721196,228,Active,4,55,2015-01-26 02:30:06.674989,80894
26721197,229,Active,2,37,2015-01-26 02:30:06.67979,80894
26721198,230,Active,11,24,2015-01-26 02:30:06.684755,80894
26721199,231,Active,14,21,2015-01-26 02:30:06.689622,80894
26721200,232,Active,18,16,2015-01-26 02:30:06.695161,80894
26721201,233,Active,2,37,2015-01-26 02:30:06.699987,80894
26721202,234,Active,3,28,2015-01-26 02:30:06.704885,80894
26721203,235,Active,36,11,2015-01-26 02:30:06.709784,80894
26721204,236,Active,16,6,2015-01-26 02:30:06.714849,80894
26721205,237,Active,9,29,2015-01-26 02:30:06.719805,80894
26721206,238,Active,21,25,2015-01-26 02:30:06.724806,80894
26721207,239,Active,21,1,2015-01-26 02:30:06.729675,80894
26721208,240,Active,30,28,2015-01-26 02:30:06.734686,80894
26721209,241,Active,9,30,2015-01-26 02:30:06.739698,80894
26721210,242,Active,12,23,2015-01-26 02:30:06.745716,80894
26721211,243,Active,13,21,2015-01-26 02:30:06.75084,80894
26721212,244,Active,2,55,2015-01-26 02:30:06.756884,80894
26721213,245,Active,0,57,2015-01-26 02:30:06.761925,80894
26721214,246,Active,9,27,2015-01-26 02:30:06.767366,80894
26721215,247,Active,5,26,2015-01-26 02:30:06.773135,80894
26721216,248,Active,2,38,2015-01-26 02:30:06.778306,80894
26721217,249,Active,21,20,2015-01-26 02:30:06.783798,80894
26721218,250,Active,14,33,2015-01-26 02:30:06.789296,80894
26721219,251,Active,3,34,2015-01-26 02:30:06.794175,80894
26721220,252,Active,3,42,2015-01-26 02:30:06.799108,80894
26721221,253,Active,11,47,2015-01-26 02:30:06.804069,80894
26721222,254,Active,2,29,2015-01-26 02:30:06.809102,80894
26721223,255,Active,15,12,2015-01-26 02:30:06.814502,80894
26721224,256,Active,9,17,2015-01-26 02:30:06.819576,80894
26721225,257,Active,5,20,2015-01-26 02:30:06.82427,80894
26721226,258,Active,8,31,2015-01-26 02:30:06.829261,80894
26721227,259,Active,16,19,2015-01-26 02:30:06.834306,80894
26721228,260,Active,5,39,2015-01-26 02:30:06.8393,80894
26721229,261,Active,21,17,2015-01-26 02:30:06.844422,80894
26721230,262,Active,15,24,2015-01-26 02:30:06.849526,80894
26721231,263,Active,19,16,2015-01-26 02:30:06.854895,80894
26721232,264,Active,11,30,2015-01-26 02:30:06.860003,80894
26721233,265,Active,23,13,2015-01-26 02:30:06.865286,80894
26721234,266,Active,6,51,2015-01-26 02:30:06.870238,80894
26721235,267,Active,0,51,2015-01-26 02:30:06.875089,80894
26721236,268,Active,1,48,2015-01-26 02:30:06.880011,80894
26721237,269,Active,4,30,2015-01-26 02:30:06.884874,80894
26721238,270,Active,2,33,2015-01-26 02:30:06.890114,80894
26721239,271,Active,6,19,2015-01-26 02:30:06.895295,80894
26721240,272,Active,3,44,2015-01-26 02:30:06.900233,80894
26721241,273,Active,31,27,2015-01-26 02:30:06.905167,80894
26721242,274,Active,5,24,2015-01-26 02:30:06.90994,80894
26721243,275,Active,12,24,2015-01-26 02:30:06.915052,80894
26721244,276,Active,16,35,2015-01-26 02:30:06.920335,80894
26721245,277,Active,18,22,2015-01-26 02:30:06.925603,80894
26721246,330,Active,5,25,2015-01-26 02:30:06.931519,80894
26721247,278,Active,4,24,2015-01-26 02:30:06.93638,80894
26721248,279,Active,11,33,2015-01-26 02:30:06.964489,80894
26721249,280,Active,2,34,2015-01-26 02:30:06.970458,80894
26721250,281,Active,5,41,2015-01-26 02:30:06.97774,80894
26721251,282,Active,10,14,2015-01-26 02:30:06.983071,80894
26721252,283,Active,5,30,2015-01-26 02:30:06.987999,80894
26721253,284,Active,13,36,2015-01-26 02:30:06.993687,80894
26721254,285,Active,2,30,2015-01-26 02:30:06.998617,80894
26721255,286,Active,14,12,2015-01-26 02:30:07.00502,80894
26721256,287,Active,4,23,2015-01-26 02:30:07.009971,80894
26721257,288,Active,33,19,2015-01-26 02:30:07.015011,80894
26721258,289,Active,12,22,2015-01-26 02:30:07.019998,80894
26721259,290,Active,9,22,2015-01-26 02:30:07.024999,80894
26721260,291,Active,33,25,2015-01-26 02:30:07.030019,80894
26721261,292,Active,11,27,2015-01-26 02:30:07.035582,80894
26721262,293,Active,33,27,2015-01-26 02:30:07.041033,80894
26721263,294,Active,2,37,2015-01-26 02:30:07.045846,80894
26721264,295,Active,25,42,2015-01-26 02:30:07.050838,80894
26721265,296,Active,9,41,2015-01-26 02:30:07.056054,80894
26721266,297,Active,14,37,2015-01-26 02:30:07.061369,80894
26721267,298,Active,13,43,2015-01-26 02:30:07.067417,80894
26721268,299,Active,0,38,2015-01-26 02:30:07.072602,80894
26721269,300,Active,5,34,2015-01-26 02:30:07.07764,80894
26721270,301,Active,16,43,2015-01-26 02:30:07.08265,80894
26721271,302,Active,9,29,2015-01-26 02:30:07.087632,80894
26721272,303,Active,29,12,2015-01-26 02:30:07.094673,80894
26721273,304,Active,17,19,2015-01-26 02:30:07.100464,80894
26721274,305,Active,10,29,2015-01-26 02:30:07.105409,80894
26721275,306,Active,10,32,2015-01-26 02:30:07.11028,80894
26721276,307,Active,4,45,2015-01-26 02:30:07.115235,80894
26721277,308,Active,13,18,2015-01-26 02:30:07.121325,80894
26721278,309,Active,6,23,2015-01-26 02:30:07.127683,80894
26721279,310,Active,10,27,2015-01-26 02:30:07.132728,80894
26721280,311,Active,14,25,2015-01-26 02:30:07.138295,80894
26721281,312,Active,9,22,2015-01-26 02:30:07.143434,80894
26721282,313,Inactive,0,39,2015-01-26 02:30:07.148324,80894
26721283,314,Active,0,25,2015-01-26 02:30:07.153629,80894
26721284,315,Active,5,33,2015-01-26 02:30:07.158669,80894
26721285,316,Active,15,15,2015-01-26 02:30:07.163902,80894
26721286,317,Active,9,6,2015-01-26 02:30:07.169787,80894
26721287,318,Active,11,16,2015-01-26 02:30:07.175955,80894
26721288,319,Inactive,0,30,2015-01-26 02:30:07.180959,80894
26721289,320,Active,1,34,2015-01-26 02:30:07.188737,80894
26721290,321,Active,6,4,2015-01-26 02:30:07.193719,80894
26721291,322,Active,17,31,2015-01-26 02:30:07.198796,80894
26721292,332,Active,18,6,2015-01-26 02:30:07.203712,80894
26721293,327,Active,13,21,2015-01-26 02:30:07.208663,80894
26721294,328,Active,3,36,2015-01-26 02:30:07.213975,80894
26721295,331,Active,3,33,2015-01-26 02:30:07.22054,80894
26721296,323,Active,10,27,2015-01-26 02:30:07.225583,80894
26721297,324,Active,9,33,2015-01-26 02:30:07.231459,80894
26721298,329,Active,16,17,2015-01-26 02:30:07.23695,80894
26721299,325,Active,4,32,2015-01-26 02:30:07.241986,80894
26721300,326,Active,7,18,2015-01-26 02:30:07.248775,80894
26721301,1,Active,10,29,2015-01-26 02:40:05.645998,80895
26721302,2,Active,3,29,2015-01-26 02:40:05.655236,80895
26721303,3,Active,4,21,2015-01-26 02:40:05.660167,80895
26721304,4,Active,3,58,2015-01-26 02:40:05.664866,80895
26721305,5,Active,8,29,2015-01-26 02:40:05.669278,80895
26721306,6,Active,10,9,2015-01-26 02:40:05.673797,80895
26721307,7,Active,12,7,2015-01-26 02:40:05.678267,80895
26721308,8,Active,18,13,2015-01-26 02:40:05.683346,80895
26721309,9,Active,14,16,2015-01-26 02:40:05.688225,80895
26721310,10,Active,5,41,2015-01-26 02:40:05.692773,80895
26721311,11,Active,7,17,2015-01-26 02:40:05.696791,80895
26721312,12,Active,1,18,2015-01-26 02:40:05.701325,80895
26721313,13,Active,4,34,2015-01-26 02:40:05.705546,80895
26721314,14,Active,15,17,2015-01-26 02:40:05.709833,80895
26721315,15,Active,6,24,2015-01-26 02:40:05.714328,80895
26721316,16,Active,0,33,2015-01-26 02:40:05.718574,80895
26721317,17,Active,4,25,2015-01-26 02:40:05.723115,80895
26721318,18,Active,3,46,2015-01-26 02:40:05.727197,80895
26721319,19,Active,16,7,2015-01-26 02:40:05.731886,80895
26721320,20,Active,8,16,2015-01-26 02:40:05.736341,80895
26721321,21,Active,11,24,2015-01-26 02:40:05.7407,80895
26721322,22,Active,9,37,2015-01-26 02:40:05.74508,80895
26721323,23,Active,1,44,2015-01-26 02:40:05.749261,80895
26721324,24,Active,6,40,2015-01-26 02:40:05.75382,80895
26721325,25,Active,30,20,2015-01-26 02:40:05.759197,80895
26721326,26,Active,4,26,2015-01-26 02:40:05.764135,80895
26721327,27,Active,5,40,2015-01-26 02:40:05.768553,80895
26721328,28,Active,8,19,2015-01-26 02:40:05.772889,80895
26721329,29,Active,1,22,2015-01-26 02:40:05.777269,80895
26721330,30,Active,13,25,2015-01-26 02:40:05.783096,80895
26721331,31,Active,3,35,2015-01-26 02:40:05.787212,80895
26721332,32,Active,5,28,2015-01-26 02:40:05.791409,80895
26721333,33,Active,5,25,2015-01-26 02:40:05.796018,80895
26721334,34,Active,17,19,2015-01-26 02:40:05.801063,80895
26721335,35,Active,8,47,2015-01-26 02:40:05.805856,80895
26721336,36,Active,3,21,2015-01-26 02:40:05.810643,80895
26721337,37,Active,3,20,2015-01-26 02:40:05.816356,80895
26721338,38,Active,3,35,2015-01-26 02:40:05.821149,80895
26721339,39,Active,0,39,2015-01-26 02:40:05.825285,80895
26721340,40,Active,11,28,2015-01-26 02:40:05.829503,80895
26721341,41,Active,13,17,2015-01-26 02:40:05.833659,80895
26721342,42,Active,3,28,2015-01-26 02:40:05.839526,80895
26721343,43,Active,1,22,2015-01-26 02:40:05.843715,80895
26721344,44,Active,8,15,2015-01-26 02:40:05.848351,80895
26721345,45,Active,19,11,2015-01-26 02:40:05.853513,80895
26721346,46,Active,4,27,2015-01-26 02:40:05.860068,80895
26721347,47,Active,2,21,2015-01-26 02:40:05.867597,80895
26721348,48,Active,4,15,2015-01-26 02:40:05.872026,80895
26721349,49,Active,0,23,2015-01-26 02:40:05.876117,80895
26721350,50,Active,4,23,2015-01-26 02:40:05.880311,80895
26721351,51,Active,2,37,2015-01-26 02:40:05.884593,80895
26721352,52,Active,12,15,2015-01-26 02:40:05.888695,80895
26721353,53,Active,5,27,2015-01-26 02:40:05.893608,80895
26721354,54,Inactive,0,3,2015-01-26 02:40:05.89794,80895
26721355,55,Active,5,26,2015-01-26 02:40:05.906751,80895
26721356,56,Active,11,28,2015-01-26 02:40:05.935179,80895
26721357,57,Active,0,22,2015-01-26 02:40:05.942674,80895
26721358,58,Active,7,31,2015-01-26 02:40:05.947896,80895
26721359,59,Active,3,32,2015-01-26 02:40:05.952787,80895
26721360,60,Active,7,20,2015-01-26 02:40:05.957903,80895
26721361,61,Active,2,20,2015-01-26 02:40:05.962752,80895
26721362,62,Active,2,28,2015-01-26 02:40:05.967712,80895
26721363,63,Active,5,22,2015-01-26 02:40:05.972865,80895
26721364,64,Active,4,31,2015-01-26 02:40:05.977836,80895
26721365,65,Active,2,21,2015-01-26 02:40:05.982793,80895
26721366,66,Active,32,25,2015-01-26 02:40:05.98789,80895
26721367,67,Active,10,16,2015-01-26 02:40:05.992958,80895
26721368,68,Active,2,21,2015-01-26 02:40:05.998044,80895
26721369,69,Active,17,12,2015-01-26 02:40:06.007335,80895
26721370,70,Active,11,20,2015-01-26 02:40:06.024886,80895
26721371,71,Active,0,18,2015-01-26 02:40:06.029867,80895
26721372,72,Active,0,22,2015-01-26 02:40:06.034691,80895
26721373,73,Active,0,18,2015-01-26 02:40:06.039592,80895
26721374,74,Active,11,25,2015-01-26 02:40:06.044752,80895
26721375,75,Active,3,27,2015-01-26 02:40:06.049481,80895
26721376,76,Active,13,46,2015-01-26 02:40:06.054431,80895
26721377,77,Active,3,24,2015-01-26 02:40:06.05947,80895
26721378,78,Active,8,33,2015-01-26 02:40:06.064305,80895
26721379,79,Active,12,34,2015-01-26 02:40:06.069223,80895
26721380,80,Active,4,14,2015-01-26 02:40:06.074163,80895
26721381,81,Active,3,26,2015-01-26 02:40:06.079154,80895
26721382,82,Active,1,19,2015-01-26 02:40:06.087198,80895
26721383,83,Active,19,34,2015-01-26 02:40:06.092299,80895
26721384,84,Active,0,30,2015-01-26 02:40:06.097474,80895
26721385,85,Active,2,22,2015-01-26 02:40:06.102337,80895
26721386,86,Active,0,34,2015-01-26 02:40:06.107446,80895
26721387,87,Active,9,16,2015-01-26 02:40:06.112406,80895
26721388,88,Active,4,31,2015-01-26 02:40:06.117406,80895
26721389,89,Active,18,35,2015-01-26 02:40:06.122401,80895
26721390,90,Active,6,30,2015-01-26 02:40:06.127533,80895
26721391,91,Active,9,14,2015-01-26 02:40:06.132329,80895
26721392,92,Active,13,18,2015-01-26 02:40:06.137595,80895
26721393,93,Active,6,30,2015-01-26 02:40:06.142691,80895
26721394,94,Active,18,14,2015-01-26 02:40:06.147673,80895
26721395,95,Active,7,30,2015-01-26 02:40:06.152764,80895
26721396,96,Active,4,27,2015-01-26 02:40:06.157617,80895
26721397,97,Active,1,26,2015-01-26 02:40:06.162894,80895
26721398,98,Active,1,40,2015-01-26 02:40:06.16822,80895
26721399,99,Active,18,15,2015-01-26 02:40:06.173256,80895
26721400,100,Active,3,27,2015-01-26 02:40:06.17827,80895
26721401,101,Active,14,15,2015-01-26 02:40:06.183063,80895
26721402,102,Active,17,5,2015-01-26 02:40:06.188785,80895
26721403,103,Active,3,36,2015-01-26 02:40:06.193721,80895
26721404,104,Active,7,21,2015-01-26 02:40:06.201858,80895
26721405,105,Active,2,41,2015-01-26 02:40:06.207053,80895
26721406,106,Active,16,11,2015-01-26 02:40:06.212338,80895
26721407,107,Active,4,26,2015-01-26 02:40:06.217834,80895
26721408,108,Inactive,0,3,2015-01-26 02:40:06.222838,80895
26721409,109,Active,3,35,2015-01-26 02:40:06.22823,80895
26721410,110,Active,0,27,2015-01-26 02:40:06.233223,80895
26721411,111,Active,3,26,2015-01-26 02:40:06.23785,80895
26721412,112,Active,20,19,2015-01-26 02:40:06.266232,80895
26721413,113,Active,23,27,2015-01-26 02:40:06.272245,80895
26721414,114,Active,6,28,2015-01-26 02:40:06.277299,80895
26721415,115,Active,4,23,2015-01-26 02:40:06.282275,80895
26721416,116,Active,3,36,2015-01-26 02:40:06.287234,80895
26721417,117,Active,6,17,2015-01-26 02:40:06.2923,80895
26721418,118,Active,2,29,2015-01-26 02:40:06.297065,80895
26721419,119,Active,1,38,2015-01-26 02:40:06.301958,80895
26721420,120,Active,0,27,2015-01-26 02:40:06.307115,80895
26721421,121,Active,9,15,2015-01-26 02:40:06.312186,80895
26721422,122,Active,1,30,2015-01-26 02:40:06.317276,80895
26721423,123,Active,0,26,2015-01-26 02:40:06.322257,80895
26721424,124,Active,3,33,2015-01-26 02:40:06.327863,80895
26721425,125,Active,2,35,2015-01-26 02:40:06.3327,80895
26721426,126,Active,6,18,2015-01-26 02:40:06.337866,80895
26721427,127,Active,3,23,2015-01-26 02:40:06.344303,80895
26721428,128,Active,11,8,2015-01-26 02:40:06.349615,80895
26721429,129,Active,9,18,2015-01-26 02:40:06.35559,80895
26721430,130,Active,5,18,2015-01-26 02:40:06.360519,80895
26721431,131,Active,5,18,2015-01-26 02:40:06.365721,80895
26721432,132,Active,1,34,2015-01-26 02:40:06.370324,80895
26721433,133,Active,4,23,2015-01-26 02:40:06.375386,80895
26721434,134,Active,1,31,2015-01-26 02:40:06.380277,80895
26721435,135,Active,10,32,2015-01-26 02:40:06.385193,80895
26721436,136,Active,0,23,2015-01-26 02:40:06.390143,80895
26721437,137,Active,1,27,2015-01-26 02:40:06.394949,80895
26721438,138,Active,9,29,2015-01-26 02:40:06.40029,80895
26721439,139,Active,1,35,2015-01-26 02:40:06.405822,80895
26721440,140,Active,15,11,2015-01-26 02:40:06.410778,80895
26721441,141,Active,6,17,2015-01-26 02:40:06.415718,80895
26721442,142,Active,11,30,2015-01-26 02:40:06.420586,80895
26721443,143,Active,3,19,2015-01-26 02:40:06.425597,80895
26721444,144,Active,10,17,2015-01-26 02:40:06.430365,80895
26721445,145,Active,6,29,2015-01-26 02:40:06.435329,80895
26721446,146,Active,19,36,2015-01-26 02:40:06.4402,80895
26721447,147,Active,0,39,2015-01-26 02:40:06.44546,80895
26721448,148,Active,0,43,2015-01-26 02:40:06.450351,80895
26721449,149,Active,2,54,2015-01-26 02:40:06.460368,80895
26721450,150,Active,17,29,2015-01-26 02:40:06.465436,80895
26721451,151,Active,0,27,2015-01-26 02:40:06.470325,80895
26721452,152,Active,3,28,2015-01-26 02:40:06.476377,80895
26721453,153,Active,5,28,2015-01-26 02:40:06.48292,80895
26721454,154,Active,11,23,2015-01-26 02:40:06.488214,80895
26721455,155,Active,17,19,2015-01-26 02:40:06.49386,80895
26721456,156,Active,5,29,2015-01-26 02:40:06.498996,80895
26721457,157,Active,1,26,2015-01-26 02:40:06.50424,80895
26721458,158,Active,8,11,2015-01-26 02:40:06.509019,80895
26721459,159,Active,6,24,2015-01-26 02:40:06.51449,80895
26721460,160,Active,2,39,2015-01-26 02:40:06.519615,80895
26721461,161,Active,1,45,2015-01-26 02:40:06.525459,80895
26721462,162,Active,3,39,2015-01-26 02:40:06.531505,80895
26721463,163,Active,22,16,2015-01-26 02:40:06.536394,80895
26721464,164,Active,10,26,2015-01-26 02:40:06.541804,80895
26721465,165,Active,12,27,2015-01-26 02:40:06.546859,80895
26721466,166,Active,10,21,2015-01-26 02:40:06.552068,80895
26721467,167,Active,7,22,2015-01-26 02:40:06.557744,80895
26721468,168,Active,10,32,2015-01-26 02:40:06.586092,80895
26721469,169,Active,0,38,2015-01-26 02:40:06.592057,80895
26721470,170,Active,1,33,2015-01-26 02:40:06.597833,80895
26721471,171,Active,4,23,2015-01-26 02:40:06.607,80895
26721472,172,Active,8,23,2015-01-26 02:40:06.611924,80895
26721473,173,Active,0,30,2015-01-26 02:40:06.618873,80895
26721474,174,Active,9,23,2015-01-26 02:40:06.623772,80895
26721475,175,Active,10,21,2015-01-26 02:40:06.629171,80895
26721476,176,Active,15,17,2015-01-26 02:40:06.634652,80895
26721477,177,Active,2,27,2015-01-26 02:40:06.63989,80895
26721478,178,Active,8,17,2015-01-26 02:40:06.644961,80895
26721479,179,Active,11,15,2015-01-26 02:40:06.64984,80895
26721480,180,Active,3,28,2015-01-26 02:40:06.65466,80895
26721481,181,Active,0,26,2015-01-26 02:40:06.663297,80895
26721482,182,Active,1,14,2015-01-26 02:40:06.668403,80895
26721483,183,Active,7,32,2015-01-26 02:40:06.675588,80895
26721484,184,Active,16,26,2015-01-26 02:40:06.680423,80895
26721485,185,Active,15,16,2015-01-26 02:40:06.685391,80895
26721486,186,Active,20,18,2015-01-26 02:40:06.690416,80895
26721487,187,Active,15,24,2015-01-26 02:40:06.695475,80895
26721488,188,Active,5,28,2015-01-26 02:40:06.700414,80895
26721489,189,Active,6,36,2015-01-26 02:40:06.705439,80895
26721490,190,Active,6,16,2015-01-26 02:40:06.710598,80895
26721491,191,Active,4,15,2015-01-26 02:40:06.715935,80895
26721492,192,Active,3,31,2015-01-26 02:40:06.720775,80895
26721493,193,Active,10,12,2015-01-26 02:40:06.726362,80895
26721494,194,Active,1,28,2015-01-26 02:40:06.735551,80895
26721495,195,Active,13,9,2015-01-26 02:40:06.740814,80895
26721496,196,Active,17,25,2015-01-26 02:40:06.745894,80895
26721497,197,Active,4,27,2015-01-26 02:40:06.751068,80895
26721498,198,Active,6,17,2015-01-26 02:40:06.756966,80895
26721499,199,Active,9,14,2015-01-26 02:40:06.762223,80895
26721500,200,Active,4,19,2015-01-26 02:40:06.767536,80895
26721501,201,Active,1,22,2015-01-26 02:40:06.77233,80895
26721502,202,Active,3,15,2015-01-26 02:40:06.777524,80895
26721503,203,Active,6,48,2015-01-26 02:40:06.782345,80895
26721504,204,Active,1,38,2015-01-26 02:40:06.787231,80895
26721505,205,Active,7,24,2015-01-26 02:40:06.792459,80895
26721506,206,Active,8,38,2015-01-26 02:40:06.797414,80895
26721507,207,Active,1,30,2015-01-26 02:40:06.802387,80895
26721508,208,Active,5,22,2015-01-26 02:40:06.807625,80895
26721509,209,Active,6,24,2015-01-26 02:40:06.81369,80895
26721510,210,Active,8,22,2015-01-26 02:40:06.819703,80895
26721511,211,Active,8,30,2015-01-26 02:40:06.824713,80895
26721512,212,Active,9,18,2015-01-26 02:40:06.829713,80895
26721513,213,Active,2,42,2015-01-26 02:40:06.83572,80895
26721514,214,Active,1,26,2015-01-26 02:40:06.841016,80895
26721515,215,Active,0,24,2015-01-26 02:40:06.846812,80895
26721516,216,Active,2,23,2015-01-26 02:40:06.853932,80895
26721517,217,Active,5,34,2015-01-26 02:40:06.859031,80895
26721518,218,Active,4,28,2015-01-26 02:40:06.864701,80895
26721519,219,Active,5,30,2015-01-26 02:40:06.869649,80895
26721520,220,Active,21,30,2015-01-26 02:40:06.874518,80895
26721521,221,Active,1,22,2015-01-26 02:40:06.879804,80895
26721522,222,Active,11,41,2015-01-26 02:40:06.885355,80895
26721523,223,Active,10,31,2015-01-26 02:40:06.890401,80895
26721524,224,Active,9,28,2015-01-26 02:40:06.917029,80895
26721525,225,Active,17,13,2015-01-26 02:40:06.923403,80895
26721526,226,Active,4,27,2015-01-26 02:40:06.9283,80895
26721527,227,Active,2,27,2015-01-26 02:40:06.933523,80895
26721528,228,Active,4,55,2015-01-26 02:40:06.938294,80895
26721529,229,Active,2,37,2015-01-26 02:40:06.943333,80895
26721530,230,Active,11,24,2015-01-26 02:40:06.948242,80895
26721531,231,Active,13,22,2015-01-26 02:40:06.953323,80895
26721532,232,Active,18,16,2015-01-26 02:40:06.959026,80895
26721533,233,Active,2,37,2015-01-26 02:40:06.964117,80895
26721534,234,Active,3,28,2015-01-26 02:40:06.96911,80895
26721535,235,Active,34,13,2015-01-26 02:40:06.974408,80895
26721536,236,Active,17,5,2015-01-26 02:40:06.979313,80895
26721537,237,Active,9,29,2015-01-26 02:40:06.984249,80895
26721538,238,Active,21,25,2015-01-26 02:40:06.991479,80895
26721539,239,Active,21,1,2015-01-26 02:40:06.996531,80895
26721540,240,Active,30,28,2015-01-26 02:40:07.001978,80895
26721541,241,Active,9,30,2015-01-26 02:40:07.007148,80895
26721542,242,Active,12,23,2015-01-26 02:40:07.012399,80895
26721543,243,Active,14,20,2015-01-26 02:40:07.017314,80895
26721544,244,Active,2,56,2015-01-26 02:40:07.022725,80895
26721545,245,Active,0,57,2015-01-26 02:40:07.028035,80895
26721546,246,Active,9,27,2015-01-26 02:40:07.03318,80895
26721547,247,Active,5,26,2015-01-26 02:40:07.03996,80895
26721548,248,Active,2,38,2015-01-26 02:40:07.045668,80895
26721549,249,Active,10,31,2015-01-26 02:40:07.050885,80895
26721550,250,Active,14,33,2015-01-26 02:40:07.05588,80895
26721551,251,Active,3,34,2015-01-26 02:40:07.063357,80895
26721552,252,Active,4,41,2015-01-26 02:40:07.068546,80895
26721553,253,Active,11,47,2015-01-26 02:40:07.073488,80895
26721554,254,Active,2,29,2015-01-26 02:40:07.078705,80895
26721555,255,Active,15,12,2015-01-26 02:40:07.083607,80895
26721556,256,Active,8,18,2015-01-26 02:40:07.088583,80895
26721557,257,Active,5,20,2015-01-26 02:40:07.093627,80895
26721558,258,Active,8,31,2015-01-26 02:40:07.09891,80895
26721559,259,Active,17,18,2015-01-26 02:40:07.104871,80895
26721560,260,Active,5,39,2015-01-26 02:40:07.110108,80895
26721561,261,Active,21,17,2015-01-26 02:40:07.115222,80895
26721562,262,Active,15,24,2015-01-26 02:40:07.120279,80895
26721563,263,Active,21,14,2015-01-26 02:40:07.125248,80895
26721564,264,Active,10,31,2015-01-26 02:40:07.130288,80895
26721565,265,Active,23,13,2015-01-26 02:40:07.135306,80895
26721566,266,Active,6,51,2015-01-26 02:40:07.140415,80895
26721567,267,Active,0,51,2015-01-26 02:40:07.145652,80895
26721568,268,Active,1,48,2015-01-26 02:40:07.150716,80895
26721569,269,Active,5,29,2015-01-26 02:40:07.155906,80895
26721570,270,Active,2,33,2015-01-26 02:40:07.161161,80895
26721571,271,Active,6,19,2015-01-26 02:40:07.167772,80895
26721572,272,Active,3,44,2015-01-26 02:40:07.172888,80895
26721573,273,Active,35,23,2015-01-26 02:40:07.1793,80895
26721574,274,Active,4,25,2015-01-26 02:40:07.184689,80895
26721575,275,Active,12,24,2015-01-26 02:40:07.189641,80895
26721576,276,Active,17,34,2015-01-26 02:40:07.194565,80895
26721577,277,Active,18,22,2015-01-26 02:40:07.199898,80895
26721578,330,Active,5,25,2015-01-26 02:40:07.204767,80895
26721579,278,Active,4,24,2015-01-26 02:40:07.209499,80895
26721580,279,Active,11,33,2015-01-26 02:40:07.23696,80895
26721581,280,Active,1,35,2015-01-26 02:40:07.242529,80895
26721582,281,Active,5,41,2015-01-26 02:40:07.247574,80895
26721583,282,Active,10,14,2015-01-26 02:40:07.252508,80895
26721584,283,Active,5,30,2015-01-26 02:40:07.257699,80895
26721585,284,Active,13,36,2015-01-26 02:40:07.262878,80895
26721586,285,Active,3,29,2015-01-26 02:40:07.268037,80895
26721587,286,Active,14,12,2015-01-26 02:40:07.273864,80895
26721588,287,Active,4,23,2015-01-26 02:40:07.279228,80895
26721589,288,Active,33,19,2015-01-26 02:40:07.284443,80895
26721590,289,Active,12,22,2015-01-26 02:40:07.289486,80895
26721591,290,Active,9,22,2015-01-26 02:40:07.294461,80895
26721592,291,Active,33,25,2015-01-26 02:40:07.299793,80895
26721593,292,Active,11,27,2015-01-26 02:40:07.30464,80895
26721594,293,Active,33,27,2015-01-26 02:40:07.30971,80895
26721595,294,Active,2,37,2015-01-26 02:40:07.314799,80895
26721596,295,Active,25,42,2015-01-26 02:40:07.322503,80895
26721597,296,Active,9,41,2015-01-26 02:40:07.327813,80895
26721598,297,Active,13,38,2015-01-26 02:40:07.33278,80895
26721599,298,Active,13,43,2015-01-26 02:40:07.337785,80895
26721600,299,Active,0,38,2015-01-26 02:40:07.3427,80895
26721601,300,Active,5,34,2015-01-26 02:40:07.347914,80895
26721602,301,Active,15,44,2015-01-26 02:40:07.353133,80895
26721603,302,Active,8,30,2015-01-26 02:40:07.357977,80895
26721604,303,Active,7,34,2015-01-26 02:40:07.363054,80895
26721605,304,Active,17,19,2015-01-26 02:40:07.368004,80895
26721606,305,Active,10,29,2015-01-26 02:40:07.372832,80895
26721607,306,Active,10,32,2015-01-26 02:40:07.378139,80895
26721608,307,Active,5,44,2015-01-26 02:40:07.383221,80895
26721609,308,Active,13,18,2015-01-26 02:40:07.388558,80895
26721610,309,Active,6,23,2015-01-26 02:40:07.393684,80895
26721611,310,Active,11,26,2015-01-26 02:40:07.399254,80895
26721612,311,Active,14,25,2015-01-26 02:40:07.404384,80895
26721613,312,Active,9,22,2015-01-26 02:40:07.409812,80895
26721614,313,Inactive,0,39,2015-01-26 02:40:07.414593,80895
26721615,314,Active,0,25,2015-01-26 02:40:07.419717,80895
26721616,315,Active,4,33,2015-01-26 02:40:07.424834,80895
26721617,316,Active,15,15,2015-01-26 02:40:07.429751,80895
26721618,317,Active,8,7,2015-01-26 02:40:07.436053,80895
26721619,318,Active,11,16,2015-01-26 02:40:07.442006,80895
26721620,319,Inactive,0,30,2015-01-26 02:40:07.447044,80895
26721621,320,Active,1,34,2015-01-26 02:40:07.451954,80895
26721622,321,Active,6,4,2015-01-26 02:40:07.45686,80895
26721623,322,Active,16,32,2015-01-26 02:40:07.461932,80895
26721624,332,Active,17,7,2015-01-26 02:40:07.46745,80895
26721625,327,Active,13,21,2015-01-26 02:40:07.47258,80895
26721626,328,Active,3,36,2015-01-26 02:40:07.477628,80895
26721627,331,Active,3,33,2015-01-26 02:40:07.482837,80895
26721628,323,Active,9,28,2015-01-26 02:40:07.488152,80895
26721629,324,Active,9,33,2015-01-26 02:40:07.493783,80895
26721630,329,Active,18,15,2015-01-26 02:40:07.498916,80895
26721631,325,Active,4,32,2015-01-26 02:40:07.504539,80895
26721632,326,Active,6,19,2015-01-26 02:40:07.509658,80895
26721633,1,Active,10,29,2015-01-26 02:50:05.881673,80896
26721634,2,Active,3,29,2015-01-26 02:50:05.890803,80896
26721635,3,Active,4,21,2015-01-26 02:50:05.895298,80896
26721636,4,Active,3,58,2015-01-26 02:50:05.899537,80896
26721637,5,Active,8,29,2015-01-26 02:50:05.903995,80896
26721638,6,Active,11,8,2015-01-26 02:50:05.908285,80896
26721639,7,Active,12,7,2015-01-26 02:50:05.912631,80896
26721640,8,Active,18,13,2015-01-26 02:50:05.916783,80896
26721641,9,Active,14,16,2015-01-26 02:50:05.9208,80896
26721642,10,Active,5,41,2015-01-26 02:50:05.925198,80896
26721643,11,Active,7,17,2015-01-26 02:50:05.92952,80896
26721644,12,Active,0,18,2015-01-26 02:50:05.933561,80896
26721645,13,Active,4,34,2015-01-26 02:50:05.937579,80896
26721646,14,Active,16,16,2015-01-26 02:50:05.94362,80896
26721647,15,Active,6,24,2015-01-26 02:50:05.948794,80896
26721648,16,Active,0,32,2015-01-26 02:50:05.952857,80896
26721649,17,Active,4,25,2015-01-26 02:50:05.957826,80896
26721650,18,Active,4,45,2015-01-26 02:50:05.963591,80896
26721651,19,Active,16,7,2015-01-26 02:50:05.967815,80896
26721652,20,Active,8,16,2015-01-26 02:50:05.972794,80896
26721653,21,Active,9,26,2015-01-26 02:50:05.977498,80896
26721654,22,Active,10,36,2015-01-26 02:50:05.981539,80896
26721655,23,Active,0,43,2015-01-26 02:50:05.985716,80896
26721656,24,Active,6,40,2015-01-26 02:50:05.990128,80896
26721657,25,Active,30,20,2015-01-26 02:50:05.994253,80896
26721658,26,Active,4,26,2015-01-26 02:50:05.999045,80896
26721659,27,Active,5,40,2015-01-26 02:50:06.003472,80896
26721660,28,Active,8,19,2015-01-26 02:50:06.008442,80896
26721661,29,Active,0,22,2015-01-26 02:50:06.01594,80896
26721662,30,Active,13,25,2015-01-26 02:50:06.020423,80896
26721663,31,Active,3,35,2015-01-26 02:50:06.02467,80896
26721664,32,Active,4,29,2015-01-26 02:50:06.029127,80896
26721665,33,Active,5,25,2015-01-26 02:50:06.038455,80896
26721666,34,Active,17,19,2015-01-26 02:50:06.042729,80896
26721667,35,Active,9,46,2015-01-26 02:50:06.047484,80896
26721668,36,Active,3,21,2015-01-26 02:50:06.051592,80896
26721669,37,Active,3,20,2015-01-26 02:50:06.056536,80896
26721670,38,Active,3,35,2015-01-26 02:50:06.061608,80896
26721671,39,Active,0,39,2015-01-26 02:50:06.065888,80896
26721672,40,Active,10,29,2015-01-26 02:50:06.069945,80896
26721673,41,Active,14,16,2015-01-26 02:50:06.07603,80896
26721674,42,Active,3,28,2015-01-26 02:50:06.080123,80896
26721675,43,Active,0,22,2015-01-26 02:50:06.084493,80896
26721676,44,Active,8,15,2015-01-26 02:50:06.088622,80896
26721677,45,Active,19,11,2015-01-26 02:50:06.093472,80896
26721678,46,Active,4,27,2015-01-26 02:50:06.098055,80896
26721679,47,Active,0,21,2015-01-26 02:50:06.105304,80896
26721680,48,Active,5,14,2015-01-26 02:50:06.109354,80896
26721681,49,Active,0,23,2015-01-26 02:50:06.113618,80896
26721682,50,Active,4,23,2015-01-26 02:50:06.117844,80896
26721683,51,Active,0,37,2015-01-26 02:50:06.122801,80896
26721684,52,Active,13,14,2015-01-26 02:50:06.127213,80896
26721685,53,Active,5,27,2015-01-26 02:50:06.131493,80896
26721686,54,Inactive,0,3,2015-01-26 02:50:06.135578,80896
26721687,55,Active,5,26,2015-01-26 02:50:06.140701,80896
26721688,56,Active,11,28,2015-01-26 02:50:06.167472,80896
26721689,57,Active,0,22,2015-01-26 02:50:06.173091,80896
26721690,58,Active,7,31,2015-01-26 02:50:06.178115,80896
26721691,59,Active,3,32,2015-01-26 02:50:06.183054,80896
26721692,60,Active,8,19,2015-01-26 02:50:06.188104,80896
26721693,61,Active,0,20,2015-01-26 02:50:06.193161,80896
26721694,62,Active,0,29,2015-01-26 02:50:06.19821,80896
26721695,63,Active,5,22,2015-01-26 02:50:06.20311,80896
26721696,64,Active,4,31,2015-01-26 02:50:06.207966,80896
26721697,65,Active,0,22,2015-01-26 02:50:06.213218,80896
26721698,66,Active,32,25,2015-01-26 02:50:06.218175,80896
26721699,67,Active,10,16,2015-01-26 02:50:06.223019,80896
26721700,68,Active,0,21,2015-01-26 02:50:06.227897,80896
26721701,69,Active,17,12,2015-01-26 02:50:06.232933,80896
26721702,70,Active,11,20,2015-01-26 02:50:06.239409,80896
26721703,71,Active,0,18,2015-01-26 02:50:06.246233,80896
26721704,72,Active,0,22,2015-01-26 02:50:06.251162,80896
26721705,73,Active,0,18,2015-01-26 02:50:06.257052,80896
26721706,74,Active,11,25,2015-01-26 02:50:06.261933,80896
26721707,75,Active,3,27,2015-01-26 02:50:06.267749,80896
26721708,76,Active,13,46,2015-01-26 02:50:06.273808,80896
26721709,77,Active,3,24,2015-01-26 02:50:06.278725,80896
26721710,78,Active,9,32,2015-01-26 02:50:06.283746,80896
26721711,79,Active,13,33,2015-01-26 02:50:06.288923,80896
26721712,80,Active,4,14,2015-01-26 02:50:06.293906,80896
26721713,81,Active,3,26,2015-01-26 02:50:06.301228,80896
26721714,82,Active,0,18,2015-01-26 02:50:06.306289,80896
26721715,83,Active,17,36,2015-01-26 02:50:06.311203,80896
26721716,84,Active,0,30,2015-01-26 02:50:06.316252,80896
26721717,85,Active,0,22,2015-01-26 02:50:06.321246,80896
26721718,86,Active,0,34,2015-01-26 02:50:06.326324,80896
26721719,87,Active,9,16,2015-01-26 02:50:06.331573,80896
26721720,88,Active,5,30,2015-01-26 02:50:06.336444,80896
26721721,89,Active,18,35,2015-01-26 02:50:06.341202,80896
26721722,90,Active,6,30,2015-01-26 02:50:06.347203,80896
26721723,91,Active,11,12,2015-01-26 02:50:06.353473,80896
26721724,92,Active,14,17,2015-01-26 02:50:06.358587,80896
26721725,93,Active,6,30,2015-01-26 02:50:06.363744,80896
26721726,94,Active,18,14,2015-01-26 02:50:06.368826,80896
26721727,95,Active,7,30,2015-01-26 02:50:06.374262,80896
26721728,96,Active,4,27,2015-01-26 02:50:06.37938,80896
26721729,97,Active,0,26,2015-01-26 02:50:06.384253,80896
26721730,98,Active,0,40,2015-01-26 02:50:06.389317,80896
26721731,99,Active,18,15,2015-01-26 02:50:06.39437,80896
26721732,100,Active,3,27,2015-01-26 02:50:06.399569,80896
26721733,101,Active,12,17,2015-01-26 02:50:06.404759,80896
26721734,102,Active,17,5,2015-01-26 02:50:06.409998,80896
26721735,103,Active,3,36,2015-01-26 02:50:06.415707,80896
26721736,104,Active,7,21,2015-01-26 02:50:06.420724,80896
26721737,105,Active,0,41,2015-01-26 02:50:06.42627,80896
26721738,106,Active,17,10,2015-01-26 02:50:06.431218,80896
26721739,107,Active,4,26,2015-01-26 02:50:06.43631,80896
26721740,108,Inactive,0,3,2015-01-26 02:50:06.441549,80896
26721741,109,Active,3,35,2015-01-26 02:50:06.446558,80896
26721742,110,Active,0,27,2015-01-26 02:50:06.451512,80896
26721743,111,Active,3,26,2015-01-26 02:50:06.456061,80896
26721744,112,Active,20,19,2015-01-26 02:50:06.483516,80896
26721745,113,Active,23,27,2015-01-26 02:50:06.489493,80896
26721746,114,Active,6,28,2015-01-26 02:50:06.495303,80896
26721747,115,Active,4,23,2015-01-26 02:50:06.500421,80896
26721748,116,Active,3,36,2015-01-26 02:50:06.505542,80896
26721749,117,Active,7,16,2015-01-26 02:50:06.510439,80896
26721750,118,Active,3,28,2015-01-26 02:50:06.515259,80896
26721751,119,Active,0,38,2015-01-26 02:50:06.520079,80896
26721752,120,Active,0,27,2015-01-26 02:50:06.525479,80896
26721753,121,Active,9,15,2015-01-26 02:50:06.530284,80896
26721754,122,Active,0,30,2015-01-26 02:50:06.535322,80896
26721755,123,Active,0,26,2015-01-26 02:50:06.540483,80896
26721756,124,Active,0,34,2015-01-26 02:50:06.549048,80896
26721757,125,Active,0,35,2015-01-26 02:50:06.554088,80896
26721758,126,Active,5,19,2015-01-26 02:50:06.558841,80896
26721759,127,Active,3,23,2015-01-26 02:50:06.563829,80896
26721760,128,Active,11,8,2015-01-26 02:50:06.568467,80896
26721761,129,Active,9,18,2015-01-26 02:50:06.573425,80896
26721762,130,Active,5,18,2015-01-26 02:50:06.578365,80896
26721763,131,Active,5,18,2015-01-26 02:50:06.58386,80896
26721764,132,Active,0,33,2015-01-26 02:50:06.589316,80896
26721765,133,Active,4,23,2015-01-26 02:50:06.594254,80896
26721766,134,Active,0,31,2015-01-26 02:50:06.601364,80896
26721767,135,Active,9,33,2015-01-26 02:50:06.606257,80896
26721768,136,Active,0,23,2015-01-26 02:50:06.613953,80896
26721769,137,Active,0,27,2015-01-26 02:50:06.619108,80896
26721770,138,Active,9,29,2015-01-26 02:50:06.624169,80896
26721771,139,Active,0,35,2015-01-26 02:50:06.629023,80896
26721772,140,Active,15,11,2015-01-26 02:50:06.633978,80896
26721773,141,Active,6,17,2015-01-26 02:50:06.639896,80896
26721774,142,Active,10,31,2015-01-26 02:50:06.644542,80896
26721775,143,Active,3,19,2015-01-26 02:50:06.649357,80896
26721776,144,Active,11,16,2015-01-26 02:50:06.655807,80896
26721777,145,Active,5,30,2015-01-26 02:50:06.660939,80896
26721778,146,Active,19,36,2015-01-26 02:50:06.667543,80896
26721779,147,Active,0,39,2015-01-26 02:50:06.673755,80896
26721780,148,Active,0,43,2015-01-26 02:50:06.681345,80896
26721781,149,Active,0,54,2015-01-26 02:50:06.687309,80896
26721782,150,Active,17,29,2015-01-26 02:50:06.692108,80896
26721783,151,Active,0,27,2015-01-26 02:50:06.69725,80896
26721784,152,Active,3,28,2015-01-26 02:50:06.702368,80896
26721785,153,Active,5,28,2015-01-26 02:50:06.707202,80896
26721786,154,Active,10,24,2015-01-26 02:50:06.712143,80896
26721787,155,Active,16,20,2015-01-26 02:50:06.71835,80896
26721788,156,Active,5,29,2015-01-26 02:50:06.723408,80896
26721789,157,Active,0,26,2015-01-26 02:50:06.728404,80896
26721790,158,Active,8,11,2015-01-26 02:50:06.733788,80896
26721791,159,Active,6,24,2015-01-26 02:50:06.739039,80896
26721792,160,Active,0,39,2015-01-26 02:50:06.744255,80896
26721793,161,Active,0,44,2015-01-26 02:50:06.749374,80896
26721794,162,Active,0,40,2015-01-26 02:50:06.754344,80896
26721795,163,Active,22,16,2015-01-26 02:50:06.759745,80896
26721796,164,Active,10,26,2015-01-26 02:50:06.764624,80896
26721797,165,Active,11,28,2015-01-26 02:50:06.77085,80896
26721798,166,Active,10,21,2015-01-26 02:50:06.775776,80896
26721799,167,Active,7,22,2015-01-26 02:50:06.781002,80896
26721800,168,Active,10,32,2015-01-26 02:50:06.806841,80896
26721801,169,Active,0,38,2015-01-26 02:50:06.813409,80896
26721802,170,Active,0,33,2015-01-26 02:50:06.818379,80896
26721803,171,Active,4,23,2015-01-26 02:50:06.823273,80896
26721804,172,Active,8,23,2015-01-26 02:50:06.828017,80896
26721805,173,Active,0,30,2015-01-26 02:50:06.832789,80896
26721806,174,Active,8,24,2015-01-26 02:50:06.837767,80896
26721807,175,Active,10,21,2015-01-26 02:50:06.842982,80896
26721808,176,Active,14,18,2015-01-26 02:50:06.847983,80896
26721809,177,Active,0,27,2015-01-26 02:50:06.852907,80896
26721810,178,Active,8,17,2015-01-26 02:50:06.857695,80896
26721811,179,Active,11,15,2015-01-26 02:50:06.863591,80896
26721812,180,Active,3,28,2015-01-26 02:50:06.868676,80896
26721813,181,Active,0,26,2015-01-26 02:50:06.874935,80896
26721814,182,Active,0,14,2015-01-26 02:50:06.880028,80896
26721815,183,Active,7,32,2015-01-26 02:50:06.88491,80896
26721816,184,Active,16,26,2015-01-26 02:50:06.889841,80896
26721817,185,Active,13,18,2015-01-26 02:50:06.895357,80896
26721818,186,Active,20,18,2015-01-26 02:50:06.900278,80896
26721819,187,Active,15,24,2015-01-26 02:50:06.905646,80896
26721820,188,Active,5,28,2015-01-26 02:50:06.910448,80896
26721821,189,Active,6,36,2015-01-26 02:50:06.915619,80896
26721822,190,Active,6,16,2015-01-26 02:50:06.920438,80896
26721823,191,Active,5,14,2015-01-26 02:50:06.928712,80896
26721824,192,Active,5,30,2015-01-26 02:50:06.933593,80896
26721825,193,Active,10,12,2015-01-26 02:50:06.938145,80896
26721826,194,Active,0,29,2015-01-26 02:50:06.943169,80896
26721827,195,Active,13,9,2015-01-26 02:50:06.949185,80896
26721828,196,Active,16,26,2015-01-26 02:50:06.955723,80896
26721829,197,Active,4,27,2015-01-26 02:50:06.96383,80896
26721830,198,Active,6,17,2015-01-26 02:50:06.969006,80896
26721831,199,Active,9,14,2015-01-26 02:50:06.973836,80896
26721832,200,Active,4,19,2015-01-26 02:50:06.979583,80896
26721833,201,Active,0,22,2015-01-26 02:50:06.984396,80896
26721834,202,Active,3,15,2015-01-26 02:50:06.989432,80896
26721835,203,Active,6,48,2015-01-26 02:50:06.994669,80896
26721836,204,Active,0,38,2015-01-26 02:50:06.999801,80896
26721837,205,Active,7,24,2015-01-26 02:50:07.005445,80896
26721838,206,Active,8,38,2015-01-26 02:50:07.010632,80896
26721839,207,Active,0,31,2015-01-26 02:50:07.015796,80896
26721840,208,Active,5,22,2015-01-26 02:50:07.020661,80896
26721841,209,Active,6,24,2015-01-26 02:50:07.025654,80896
26721842,210,Active,8,22,2015-01-26 02:50:07.030841,80896
26721843,211,Active,10,28,2015-01-26 02:50:07.036195,80896
26721844,212,Active,9,18,2015-01-26 02:50:07.041086,80896
26721845,213,Active,0,42,2015-01-26 02:50:07.046172,80896
26721846,214,Active,0,26,2015-01-26 02:50:07.051816,80896
26721847,215,Active,0,24,2015-01-26 02:50:07.056814,80896
26721848,216,Active,0,23,2015-01-26 02:50:07.061722,80896
26721849,217,Active,5,34,2015-01-26 02:50:07.066921,80896
26721850,218,Active,4,28,2015-01-26 02:50:07.071898,80896
26721851,219,Active,5,30,2015-01-26 02:50:07.076988,80896
26721852,220,Active,19,32,2015-01-26 02:50:07.082183,80896
26721853,221,Active,0,22,2015-01-26 02:50:07.087304,80896
26721854,222,Active,11,41,2015-01-26 02:50:07.092024,80896
26721855,223,Active,10,31,2015-01-26 02:50:07.097119,80896
26721856,224,Active,8,29,2015-01-26 02:50:07.123767,80896
26721857,225,Active,17,13,2015-01-26 02:50:07.129449,80896
26721858,226,Active,6,25,2015-01-26 02:50:07.134427,80896
26721859,227,Active,0,27,2015-01-26 02:50:07.139471,80896
26721860,228,Active,4,55,2015-01-26 02:50:07.144431,80896
26721861,229,Active,0,37,2015-01-26 02:50:07.149134,80896
26721862,230,Active,11,24,2015-01-26 02:50:07.154003,80896
26721863,231,Active,13,22,2015-01-26 02:50:07.159187,80896
26721864,232,Active,18,16,2015-01-26 02:50:07.164063,80896
26721865,233,Active,0,37,2015-01-26 02:50:07.172905,80896
26721866,234,Active,3,28,2015-01-26 02:50:07.178585,80896
26721867,235,Active,37,10,2015-01-26 02:50:07.183526,80896
26721868,236,Active,16,6,2015-01-26 02:50:07.188498,80896
26721869,237,Active,8,30,2015-01-26 02:50:07.194223,80896
26721870,238,Active,20,26,2015-01-26 02:50:07.199005,80896
26721871,239,Active,21,0,2015-01-26 02:50:07.204635,80896
26721872,240,Active,30,28,2015-01-26 02:50:07.20969,80896
26721873,241,Active,9,30,2015-01-26 02:50:07.214445,80896
26721874,242,Active,12,23,2015-01-26 02:50:07.219655,80896
26721875,243,Active,14,20,2015-01-26 02:50:07.224933,80896
26721876,244,Active,0,55,2015-01-26 02:50:07.230553,80896
26721877,245,Active,0,57,2015-01-26 02:50:07.235681,80896
26721878,246,Active,9,27,2015-01-26 02:50:07.240348,80896
26721879,247,Active,5,26,2015-01-26 02:50:07.249311,80896
26721880,248,Active,0,38,2015-01-26 02:50:07.254474,80896
26721881,249,Active,4,37,2015-01-26 02:50:07.25954,80896
26721882,250,Active,15,32,2015-01-26 02:50:07.26463,80896
26721883,251,Active,3,34,2015-01-26 02:50:07.269298,80896
26721884,252,Active,5,40,2015-01-26 02:50:07.275305,80896
26721885,253,Active,10,48,2015-01-26 02:50:07.280317,80896
26721886,254,Active,0,29,2015-01-26 02:50:07.285215,80896
26721887,255,Active,15,12,2015-01-26 02:50:07.290182,80896
26721888,256,Active,9,17,2015-01-26 02:50:07.295317,80896
26721889,257,Active,5,20,2015-01-26 02:50:07.300218,80896
26721890,258,Active,7,32,2015-01-26 02:50:07.305423,80896
26721891,259,Active,19,16,2015-01-26 02:50:07.310569,80896
26721892,260,Active,5,39,2015-01-26 02:50:07.315614,80896
26721893,261,Active,21,17,2015-01-26 02:50:07.320436,80896
26721894,262,Active,15,24,2015-01-26 02:50:07.325376,80896
26721895,263,Active,21,14,2015-01-26 02:50:07.330381,80896
26721896,264,Active,12,29,2015-01-26 02:50:07.335161,80896
26721897,265,Active,21,15,2015-01-26 02:50:07.34015,80896
26721898,266,Active,5,52,2015-01-26 02:50:07.345293,80896
26721899,267,Active,0,51,2015-01-26 02:50:07.350354,80896
26721900,268,Active,0,48,2015-01-26 02:50:07.356282,80896
26721901,269,Active,5,29,2015-01-26 02:50:07.36431,80896
26721902,270,Active,3,32,2015-01-26 02:50:07.370164,80896
26721903,271,Active,5,20,2015-01-26 02:50:07.37521,80896
26721904,272,Active,3,44,2015-01-26 02:50:07.380498,80896
26721905,273,Active,34,24,2015-01-26 02:50:07.385487,80896
26721906,274,Active,4,25,2015-01-26 02:50:07.390774,80896
26721907,275,Active,12,24,2015-01-26 02:50:07.395772,80896
26721908,276,Active,17,34,2015-01-26 02:50:07.40182,80896
26721909,277,Active,18,22,2015-01-26 02:50:07.406868,80896
26721910,330,Active,6,24,2015-01-26 02:50:07.41314,80896
26721911,278,Active,3,25,2015-01-26 02:50:07.418272,80896
26721912,279,Active,12,32,2015-01-26 02:50:07.446573,80896
26721913,280,Active,0,34,2015-01-26 02:50:07.453977,80896
26721914,281,Active,6,40,2015-01-26 02:50:07.459273,80896
26721915,282,Active,9,15,2015-01-26 02:50:07.464545,80896
26721916,283,Active,5,30,2015-01-26 02:50:07.469549,80896
26721917,284,Active,13,36,2015-01-26 02:50:07.474787,80896
26721918,285,Active,3,29,2015-01-26 02:50:07.480072,80896
26721919,286,Active,12,14,2015-01-26 02:50:07.485153,80896
26721920,287,Active,4,23,2015-01-26 02:50:07.490184,80896
26721921,288,Active,32,20,2015-01-26 02:50:07.495384,80896
26721922,289,Active,13,21,2015-01-26 02:50:07.500453,80896
26721923,290,Active,9,22,2015-01-26 02:50:07.505576,80896
26721924,291,Active,33,25,2015-01-26 02:50:07.513159,80896
26721925,292,Active,11,27,2015-01-26 02:50:07.518067,80896
26721926,293,Active,34,26,2015-01-26 02:50:07.523829,80896
26721927,294,Active,0,37,2015-01-26 02:50:07.528965,80896
26721928,295,Active,26,41,2015-01-26 02:50:07.533936,80896
26721929,296,Active,9,41,2015-01-26 02:50:07.538983,80896
26721930,297,Active,13,38,2015-01-26 02:50:07.543993,80896
26721931,298,Active,12,44,2015-01-26 02:50:07.549017,80896
26721932,299,Active,0,38,2015-01-26 02:50:07.554043,80896
26721933,300,Active,5,34,2015-01-26 02:50:07.559237,80896
26721934,301,Active,15,44,2015-01-26 02:50:07.564332,80896
26721935,302,Active,8,30,2015-01-26 02:50:07.570393,80896
26721936,303,Active,0,40,2015-01-26 02:50:07.575938,80896
26721937,304,Active,17,19,2015-01-26 02:50:07.581264,80896
26721938,305,Active,9,30,2015-01-26 02:50:07.586755,80896
26721939,306,Active,10,32,2015-01-26 02:50:07.592396,80896
26721940,307,Active,5,44,2015-01-26 02:50:07.597371,80896
26721941,308,Active,13,18,2015-01-26 02:50:07.602338,80896
26721942,309,Active,6,23,2015-01-26 02:50:07.607551,80896
26721943,310,Active,12,25,2015-01-26 02:50:07.612736,80896
26721944,311,Active,14,25,2015-01-26 02:50:07.617543,80896
26721945,312,Active,10,21,2015-01-26 02:50:07.622439,80896
26721946,313,Inactive,0,39,2015-01-26 02:50:07.627256,80896
26721947,314,Active,0,24,2015-01-26 02:50:07.633663,80896
26721948,315,Active,4,33,2015-01-26 02:50:07.638703,80896
26721949,316,Active,15,15,2015-01-26 02:50:07.643918,80896
26721950,317,Active,8,7,2015-01-26 02:50:07.648801,80896
26721951,318,Active,11,16,2015-01-26 02:50:07.655,80896
26721952,319,Inactive,0,30,2015-01-26 02:50:07.662215,80896
26721953,320,Active,0,35,2015-01-26 02:50:07.66729,80896
26721954,321,Active,6,4,2015-01-26 02:50:07.67229,80896
26721955,322,Active,16,32,2015-01-26 02:50:07.677314,80896
26721956,332,Active,17,7,2015-01-26 02:50:07.682378,80896
26721957,327,Active,13,21,2015-01-26 02:50:07.687524,80896
26721958,328,Active,3,36,2015-01-26 02:50:07.693185,80896
26721959,331,Active,3,33,2015-01-26 02:50:07.699883,80896
26721960,323,Active,9,29,2015-01-26 02:50:07.70619,80896
26721961,324,Active,10,32,2015-01-26 02:50:07.711131,80896
26721962,329,Active,19,14,2015-01-26 02:50:07.71611,80896
26721963,325,Active,4,32,2015-01-26 02:50:07.721177,80896
26721964,326,Active,7,18,2015-01-26 02:50:07.726973,80896
26721965,1,Active,10,29,2015-01-26 03:00:06.101148,80897
26721966,2,Active,3,29,2015-01-26 03:00:06.112263,80897
26721967,3,Active,4,21,2015-01-26 03:00:06.117192,80897
26721968,4,Active,4,57,2015-01-26 03:00:06.121548,80897
26721969,5,Active,8,29,2015-01-26 03:00:06.125777,80897
26721970,6,Active,10,9,2015-01-26 03:00:06.130209,80897
26721971,7,Active,12,7,2015-01-26 03:00:06.134408,80897
26721972,8,Active,18,13,2015-01-26 03:00:06.138548,80897
26721973,9,Active,16,14,2015-01-26 03:00:06.142719,80897
26721974,10,Active,4,42,2015-01-26 03:00:06.148191,80897
26721975,11,Active,7,17,2015-01-26 03:00:06.152454,80897
26721976,12,Active,1,18,2015-01-26 03:00:06.156573,80897
26721977,13,Active,4,34,2015-01-26 03:00:06.160664,80897
26721978,14,Active,17,15,2015-01-26 03:00:06.167229,80897
26721979,15,Active,5,25,2015-01-26 03:00:06.171347,80897
26721980,16,Active,1,32,2015-01-26 03:00:06.175567,80897
26721981,17,Active,4,25,2015-01-26 03:00:06.179818,80897
26721982,18,Active,4,45,2015-01-26 03:00:06.18439,80897
26721983,19,Active,16,7,2015-01-26 03:00:06.188739,80897
26721984,20,Active,7,17,2015-01-26 03:00:06.193006,80897
26721985,21,Active,9,26,2015-01-26 03:00:06.197252,80897
26721986,22,Active,10,36,2015-01-26 03:00:06.201296,80897
26721987,23,Active,2,43,2015-01-26 03:00:06.205723,80897
26721988,24,Active,6,40,2015-01-26 03:00:06.209842,80897
26721989,25,Active,30,20,2015-01-26 03:00:06.214066,80897
26721990,26,Active,4,26,2015-01-26 03:00:06.218258,80897
26721991,27,Active,5,40,2015-01-26 03:00:06.22231,80897
26721992,28,Active,7,20,2015-01-26 03:00:06.226393,80897
26721993,29,Active,1,22,2015-01-26 03:00:06.230607,80897
26721994,30,Active,13,25,2015-01-26 03:00:06.234732,80897
26721995,31,Active,3,35,2015-01-26 03:00:06.238858,80897
26721996,32,Active,4,29,2015-01-26 03:00:06.243153,80897
26721997,33,Active,5,25,2015-01-26 03:00:06.247189,80897
26721998,34,Active,16,20,2015-01-26 03:00:06.251635,80897
26721999,35,Active,9,46,2015-01-26 03:00:06.255765,80897
26722000,36,Active,3,21,2015-01-26 03:00:06.261258,80897
26722001,37,Active,3,20,2015-01-26 03:00:06.26541,80897
26722002,38,Active,4,34,2015-01-26 03:00:06.2696,80897
26722003,39,Active,0,39,2015-01-26 03:00:06.273801,80897
26722004,40,Active,9,30,2015-01-26 03:00:06.278761,80897
26722005,41,Active,14,16,2015-01-26 03:00:06.283029,80897
26722006,42,Active,3,28,2015-01-26 03:00:06.287072,80897
26722007,43,Active,1,22,2015-01-26 03:00:06.291302,80897
26722008,44,Active,8,15,2015-01-26 03:00:06.295557,80897
26722009,45,Active,19,11,2015-01-26 03:00:06.299881,80897
26722010,46,Active,4,27,2015-01-26 03:00:06.303977,80897
26722011,47,Active,2,21,2015-01-26 03:00:06.308121,80897
26722012,48,Active,5,14,2015-01-26 03:00:06.312249,80897
26722013,49,Active,0,23,2015-01-26 03:00:06.316506,80897
26722014,50,Active,4,23,2015-01-26 03:00:06.320664,80897
26722015,51,Active,1,38,2015-01-26 03:00:06.32495,80897
26722016,52,Active,13,14,2015-01-26 03:00:06.32997,80897
26722017,53,Active,5,27,2015-01-26 03:00:06.334961,80897
26722018,54,Inactive,0,3,2015-01-26 03:00:06.33964,80897
26722019,55,Active,5,26,2015-01-26 03:00:06.346716,80897
26722020,56,Active,11,28,2015-01-26 03:00:06.375837,80897
26722021,57,Active,0,22,2015-01-26 03:00:06.381377,80897
26722022,58,Active,7,31,2015-01-26 03:00:06.386657,80897
26722023,59,Active,3,32,2015-01-26 03:00:06.392366,80897
26722024,60,Active,8,19,2015-01-26 03:00:06.397347,80897
26722025,61,Active,2,20,2015-01-26 03:00:06.402747,80897
26722026,62,Active,2,28,2015-01-26 03:00:06.407888,80897
26722027,63,Active,5,22,2015-01-26 03:00:06.412926,80897
26722028,64,Active,3,32,2015-01-26 03:00:06.418482,80897
26722029,65,Active,3,21,2015-01-26 03:00:06.423983,80897
26722030,66,Active,32,25,2015-01-26 03:00:06.429498,80897
26722031,67,Active,10,16,2015-01-26 03:00:06.434313,80897
26722032,68,Active,2,21,2015-01-26 03:00:06.439898,80897
26722033,69,Active,16,13,2015-01-26 03:00:06.445344,80897
26722034,70,Active,11,20,2015-01-26 03:00:06.450172,80897
26722035,71,Active,0,18,2015-01-26 03:00:06.456191,80897
26722036,72,Active,0,22,2015-01-26 03:00:06.461159,80897
26722037,73,Active,0,18,2015-01-26 03:00:06.465999,80897
26722038,74,Active,11,25,2015-01-26 03:00:06.471003,80897
26722039,75,Active,4,26,2015-01-26 03:00:06.476455,80897
26722040,76,Active,13,46,2015-01-26 03:00:06.481316,80897
26722041,77,Active,3,24,2015-01-26 03:00:06.486231,80897
26722042,78,Active,8,33,2015-01-26 03:00:06.491164,80897
26722043,79,Active,13,33,2015-01-26 03:00:06.496284,80897
26722044,80,Active,4,14,2015-01-26 03:00:06.501151,80897
26722045,81,Active,3,26,2015-01-26 03:00:06.506005,80897
26722046,82,Active,2,18,2015-01-26 03:00:06.511092,80897
26722047,83,Active,14,39,2015-01-26 03:00:06.51616,80897
26722048,84,Active,0,30,2015-01-26 03:00:06.521297,80897
26722049,85,Active,3,21,2015-01-26 03:00:06.526088,80897
26722050,86,Active,0,34,2015-01-26 03:00:06.531019,80897
26722051,87,Active,9,16,2015-01-26 03:00:06.536009,80897
26722052,88,Active,4,31,2015-01-26 03:00:06.540944,80897
26722053,89,Active,18,35,2015-01-26 03:00:06.545835,80897
26722054,90,Active,6,30,2015-01-26 03:00:06.550811,80897
26722055,91,Active,11,12,2015-01-26 03:00:06.55593,80897
26722056,92,Active,14,17,2015-01-26 03:00:06.560919,80897
26722057,93,Active,6,30,2015-01-26 03:00:06.56605,80897
26722058,94,Active,18,14,2015-01-26 03:00:06.570929,80897
26722059,95,Active,7,30,2015-01-26 03:00:06.57614,80897
26722060,96,Active,4,27,2015-01-26 03:00:06.581137,80897
26722061,97,Active,2,25,2015-01-26 03:00:06.585994,80897
26722062,98,Active,1,40,2015-01-26 03:00:06.591132,80897
26722063,99,Active,18,15,2015-01-26 03:00:06.595985,80897
26722064,100,Active,3,27,2015-01-26 03:00:06.600954,80897
26722065,101,Active,14,15,2015-01-26 03:00:06.606125,80897
26722066,102,Active,17,5,2015-01-26 03:00:06.611151,80897
26722067,103,Active,3,36,2015-01-26 03:00:06.616138,80897
26722068,104,Active,7,21,2015-01-26 03:00:06.621217,80897
26722069,105,Active,2,41,2015-01-26 03:00:06.627761,80897
26722070,106,Active,17,10,2015-01-26 03:00:06.632657,80897
26722071,107,Active,5,25,2015-01-26 03:00:06.637817,80897
26722072,108,Inactive,0,3,2015-01-26 03:00:06.643032,80897
26722073,109,Active,3,35,2015-01-26 03:00:06.64817,80897
26722074,110,Active,0,27,2015-01-26 03:00:06.65517,80897
26722075,111,Active,3,26,2015-01-26 03:00:06.659569,80897
26722076,112,Active,20,19,2015-01-26 03:00:06.686211,80897
26722077,113,Active,23,27,2015-01-26 03:00:06.691864,80897
26722078,114,Active,6,28,2015-01-26 03:00:06.69666,80897
26722079,115,Active,1,26,2015-01-26 03:00:06.701565,80897
26722080,116,Active,3,36,2015-01-26 03:00:06.706679,80897
26722081,117,Active,7,16,2015-01-26 03:00:06.711708,80897
26722082,118,Active,3,28,2015-01-26 03:00:06.716485,80897
26722083,119,Active,1,38,2015-01-26 03:00:06.721505,80897
26722084,120,Active,0,27,2015-01-26 03:00:06.726409,80897
26722085,121,Active,9,15,2015-01-26 03:00:06.731469,80897
26722086,122,Active,2,29,2015-01-26 03:00:06.73638,80897
26722087,123,Active,0,26,2015-01-26 03:00:06.741489,80897
26722088,124,Active,1,35,2015-01-26 03:00:06.746377,80897
26722089,125,Active,2,35,2015-01-26 03:00:06.751413,80897
26722090,126,Active,5,19,2015-01-26 03:00:06.7563,80897
26722091,127,Active,2,24,2015-01-26 03:00:06.761157,80897
26722092,128,Active,11,8,2015-01-26 03:00:06.765975,80897
26722093,129,Active,9,18,2015-01-26 03:00:06.771138,80897
26722094,130,Active,5,18,2015-01-26 03:00:06.775987,80897
26722095,131,Active,5,18,2015-01-26 03:00:06.781203,80897
26722096,132,Active,2,33,2015-01-26 03:00:06.786037,80897
26722097,133,Active,4,23,2015-01-26 03:00:06.795132,80897
26722098,134,Active,1,31,2015-01-26 03:00:06.800107,80897
26722099,135,Active,9,33,2015-01-26 03:00:06.804797,80897
26722100,136,Active,0,23,2015-01-26 03:00:06.80993,80897
26722101,137,Active,1,27,2015-01-26 03:00:06.814742,80897
26722102,138,Active,9,29,2015-01-26 03:00:06.819365,80897
26722103,139,Active,0,36,2015-01-26 03:00:06.824299,80897
26722104,140,Active,16,10,2015-01-26 03:00:06.829147,80897
26722105,141,Active,6,17,2015-01-26 03:00:06.833805,80897
26722106,142,Active,11,31,2015-01-26 03:00:06.838948,80897
26722107,143,Active,3,19,2015-01-26 03:00:06.844608,80897
26722108,144,Active,9,18,2015-01-26 03:00:06.849235,80897
26722109,145,Active,3,32,2015-01-26 03:00:06.854511,80897
26722110,146,Active,19,36,2015-01-26 03:00:06.859924,80897
26722111,147,Active,0,39,2015-01-26 03:00:06.864927,80897
26722112,148,Active,0,43,2015-01-26 03:00:06.869983,80897
26722113,149,Active,3,53,2015-01-26 03:00:06.875024,80897
26722114,150,Active,18,28,2015-01-26 03:00:06.880075,80897
26722115,151,Active,0,27,2015-01-26 03:00:06.885123,80897
26722116,152,Active,3,28,2015-01-26 03:00:06.890145,80897
26722117,153,Active,5,28,2015-01-26 03:00:06.895743,80897
26722118,154,Active,10,24,2015-01-26 03:00:06.900531,80897
26722119,155,Active,16,20,2015-01-26 03:00:06.907025,80897
26722120,156,Active,5,29,2015-01-26 03:00:06.912225,80897
26722121,157,Active,1,26,2015-01-26 03:00:06.917054,80897
26722122,158,Active,8,11,2015-01-26 03:00:06.921893,80897
26722123,159,Active,6,24,2015-01-26 03:00:06.92676,80897
26722124,160,Active,2,39,2015-01-26 03:00:06.931604,80897
26722125,161,Active,2,44,2015-01-26 03:00:06.937004,80897
26722126,162,Active,2,40,2015-01-26 03:00:06.941938,80897
26722127,163,Active,21,17,2015-01-26 03:00:06.94685,80897
26722128,164,Active,10,26,2015-01-26 03:00:06.952641,80897
26722129,165,Active,11,28,2015-01-26 03:00:06.957745,80897
26722130,166,Active,10,21,2015-01-26 03:00:06.962735,80897
26722131,167,Active,6,23,2015-01-26 03:00:06.968324,80897
26722132,168,Active,11,31,2015-01-26 03:00:06.995208,80897
26722133,169,Active,0,38,2015-01-26 03:00:07.000986,80897
26722134,170,Active,1,33,2015-01-26 03:00:07.005907,80897
26722135,171,Active,4,23,2015-01-26 03:00:07.010918,80897
26722136,172,Active,7,24,2015-01-26 03:00:07.015539,80897
26722137,173,Active,0,30,2015-01-26 03:00:07.022179,80897
26722138,174,Active,8,24,2015-01-26 03:00:07.028636,80897
26722139,175,Active,10,21,2015-01-26 03:00:07.03362,80897
26722140,176,Active,16,16,2015-01-26 03:00:07.038635,80897
26722141,177,Active,3,26,2015-01-26 03:00:07.044397,80897
26722142,178,Active,8,17,2015-01-26 03:00:07.049879,80897
26722143,179,Active,11,15,2015-01-26 03:00:07.054673,80897
26722144,180,Active,3,28,2015-01-26 03:00:07.059535,80897
26722145,181,Active,0,26,2015-01-26 03:00:07.064529,80897
26722146,182,Active,1,14,2015-01-26 03:00:07.06932,80897
26722147,183,Active,7,32,2015-01-26 03:00:07.074301,80897
26722148,184,Active,17,25,2015-01-26 03:00:07.079314,80897
26722149,185,Active,13,18,2015-01-26 03:00:07.084291,80897
26722150,186,Active,18,20,2015-01-26 03:00:07.089866,80897
26722151,187,Active,15,24,2015-01-26 03:00:07.094741,80897
26722152,188,Active,5,28,2015-01-26 03:00:07.099704,80897
26722153,189,Active,6,36,2015-01-26 03:00:07.107361,80897
26722154,190,Active,6,16,2015-01-26 03:00:07.112525,80897
26722155,191,Active,5,14,2015-01-26 03:00:07.117681,80897
26722156,192,Active,5,30,2015-01-26 03:00:07.122498,80897
26722157,193,Active,11,11,2015-01-26 03:00:07.127526,80897
26722158,194,Active,1,28,2015-01-26 03:00:07.132319,80897
26722159,195,Active,13,9,2015-01-26 03:00:07.137062,80897
26722160,196,Active,16,26,2015-01-26 03:00:07.142205,80897
26722161,197,Active,4,27,2015-01-26 03:00:07.147922,80897
26722162,198,Active,6,17,2015-01-26 03:00:07.152904,80897
26722163,199,Active,9,14,2015-01-26 03:00:07.157923,80897
26722164,200,Active,4,19,2015-01-26 03:00:07.162846,80897
26722165,201,Active,1,22,2015-01-26 03:00:07.168398,80897
26722166,202,Active,3,15,2015-01-26 03:00:07.173111,80897
26722167,203,Active,7,47,2015-01-26 03:00:07.178155,80897
26722168,204,Active,1,38,2015-01-26 03:00:07.183158,80897
26722169,205,Active,7,24,2015-01-26 03:00:07.188277,80897
26722170,206,Active,8,38,2015-01-26 03:00:07.193424,80897
26722171,207,Active,0,31,2015-01-26 03:00:07.198725,80897
26722172,208,Active,5,22,2015-01-26 03:00:07.204958,80897
26722173,209,Active,6,24,2015-01-26 03:00:07.210777,80897
26722174,210,Active,8,22,2015-01-26 03:00:07.219334,80897
26722175,211,Active,11,27,2015-01-26 03:00:07.224285,80897
26722176,212,Active,9,18,2015-01-26 03:00:07.229141,80897
26722177,213,Active,2,42,2015-01-26 03:00:07.233816,80897
26722178,214,Active,1,26,2015-01-26 03:00:07.239007,80897
26722179,215,Active,0,24,2015-01-26 03:00:07.244071,80897
26722180,216,Active,2,23,2015-01-26 03:00:07.249007,80897
26722181,217,Active,7,32,2015-01-26 03:00:07.253855,80897
26722182,218,Active,4,28,2015-01-26 03:00:07.258803,80897
26722183,219,Active,5,30,2015-01-26 03:00:07.267823,80897
26722184,220,Active,18,33,2015-01-26 03:00:07.273994,80897
26722185,221,Active,1,22,2015-01-26 03:00:07.278972,80897
26722186,222,Active,11,41,2015-01-26 03:00:07.283827,80897
26722187,223,Active,10,31,2015-01-26 03:00:07.289555,80897
26722188,224,Active,9,28,2015-01-26 03:00:07.317476,80897
26722189,225,Active,16,14,2015-01-26 03:00:07.323214,80897
26722190,226,Active,6,25,2015-01-26 03:00:07.328927,80897
26722191,227,Active,2,27,2015-01-26 03:00:07.333801,80897
26722192,228,Active,4,55,2015-01-26 03:00:07.338696,80897
26722193,229,Active,2,37,2015-01-26 03:00:07.343756,80897
26722194,230,Active,11,24,2015-01-26 03:00:07.348644,80897
26722195,231,Active,13,22,2015-01-26 03:00:07.353557,80897
26722196,232,Active,18,16,2015-01-26 03:00:07.358499,80897
26722197,233,Active,1,38,2015-01-26 03:00:07.364346,80897
26722198,234,Active,3,28,2015-01-26 03:00:07.369154,80897
26722199,235,Active,39,8,2015-01-26 03:00:07.374358,80897
26722200,236,Active,16,6,2015-01-26 03:00:07.379856,80897
26722201,237,Active,8,30,2015-01-26 03:00:07.385052,80897
26722202,238,Active,22,24,2015-01-26 03:00:07.390777,80897
26722203,239,Active,21,1,2015-01-26 03:00:07.39575,80897
26722204,240,Active,30,28,2015-01-26 03:00:07.400815,80897
26722205,241,Active,9,30,2015-01-26 03:00:07.405996,80897
26722206,242,Active,12,23,2015-01-26 03:00:07.411042,80897
26722207,243,Active,14,20,2015-01-26 03:00:07.416414,80897
26722208,244,Active,4,53,2015-01-26 03:00:07.421517,80897
26722209,245,Active,0,57,2015-01-26 03:00:07.426773,80897
26722210,246,Active,9,27,2015-01-26 03:00:07.431977,80897
26722211,247,Active,5,26,2015-01-26 03:00:07.437344,80897
26722212,248,Active,1,39,2015-01-26 03:00:07.44286,80897
26722213,249,Active,4,37,2015-01-26 03:00:07.448883,80897
26722214,250,Active,15,32,2015-01-26 03:00:07.453997,80897
26722215,251,Active,3,34,2015-01-26 03:00:07.458955,80897
26722216,252,Active,4,41,2015-01-26 03:00:07.464291,80897
26722217,253,Active,10,48,2015-01-26 03:00:07.469272,80897
26722218,254,Active,1,30,2015-01-26 03:00:07.47454,80897
26722219,255,Active,16,11,2015-01-26 03:00:07.479988,80897
26722220,256,Active,9,17,2015-01-26 03:00:07.487168,80897
26722221,257,Active,5,20,2015-01-26 03:00:07.492215,80897
26722222,258,Active,8,31,2015-01-26 03:00:07.497051,80897
26722223,259,Active,18,17,2015-01-26 03:00:07.502022,80897
26722224,260,Active,5,39,2015-01-26 03:00:07.507276,80897
26722225,261,Active,21,17,2015-01-26 03:00:07.512282,80897
26722226,262,Active,15,24,2015-01-26 03:00:07.517207,80897
26722227,263,Active,21,14,2015-01-26 03:00:07.522254,80897
26722228,264,Active,11,30,2015-01-26 03:00:07.527778,80897
26722229,265,Active,21,15,2015-01-26 03:00:07.533014,80897
26722230,266,Active,6,51,2015-01-26 03:00:07.537986,80897
26722231,267,Active,2,49,2015-01-26 03:00:07.542849,80897
26722232,268,Active,1,48,2015-01-26 03:00:07.548152,80897
26722233,269,Active,5,29,2015-01-26 03:00:07.553615,80897
26722234,270,Active,2,33,2015-01-26 03:00:07.559053,80897
26722235,271,Active,6,19,2015-01-26 03:00:07.564013,80897
26722236,272,Active,3,44,2015-01-26 03:00:07.568979,80897
26722237,273,Active,33,25,2015-01-26 03:00:07.575178,80897
26722238,274,Active,4,25,2015-01-26 03:00:07.58017,80897
26722239,275,Active,12,24,2015-01-26 03:00:07.585475,80897
26722240,276,Active,13,38,2015-01-26 03:00:07.592519,80897
26722241,277,Active,18,22,2015-01-26 03:00:07.599176,80897
26722242,330,Active,5,25,2015-01-26 03:00:07.604982,80897
26722243,278,Active,3,25,2015-01-26 03:00:07.610494,80897
26722244,279,Active,12,32,2015-01-26 03:00:07.639905,80897
26722245,280,Active,2,34,2015-01-26 03:00:07.645743,80897
26722246,281,Active,5,41,2015-01-26 03:00:07.650721,80897
26722247,282,Active,9,15,2015-01-26 03:00:07.656351,80897
26722248,283,Active,5,30,2015-01-26 03:00:07.66245,80897
26722249,284,Active,13,36,2015-01-26 03:00:07.669481,80897
26722250,285,Active,3,29,2015-01-26 03:00:07.674765,80897
26722251,286,Active,13,13,2015-01-26 03:00:07.680683,80897
26722252,287,Active,4,23,2015-01-26 03:00:07.685961,80897
26722253,288,Active,31,21,2015-01-26 03:00:07.690965,80897
26722254,289,Active,14,20,2015-01-26 03:00:07.695929,80897
26722255,290,Active,9,22,2015-01-26 03:00:07.700913,80897
26722256,291,Active,33,25,2015-01-26 03:00:07.705888,80897
26722257,292,Active,11,27,2015-01-26 03:00:07.711095,80897
26722258,293,Active,31,29,2015-01-26 03:00:07.716288,80897
26722259,294,Active,2,37,2015-01-26 03:00:07.721534,80897
26722260,295,Active,26,41,2015-01-26 03:00:07.726587,80897
26722261,296,Active,9,41,2015-01-26 03:00:07.732708,80897
26722262,297,Active,13,38,2015-01-26 03:00:07.738794,80897
26722263,298,Active,12,44,2015-01-26 03:00:07.744688,80897
26722264,299,Active,0,38,2015-01-26 03:00:07.75147,80897
26722265,300,Active,5,34,2015-01-26 03:00:07.757372,80897
26722266,301,Active,15,44,2015-01-26 03:00:07.762564,80897
26722267,302,Active,9,29,2015-01-26 03:00:07.767985,80897
26722268,303,Active,1,40,2015-01-26 03:00:07.773031,80897
26722269,304,Active,17,19,2015-01-26 03:00:07.77796,80897
26722270,305,Active,9,30,2015-01-26 03:00:07.783161,80897
26722271,306,Active,10,32,2015-01-26 03:00:07.788372,80897
26722272,307,Active,5,44,2015-01-26 03:00:07.794271,80897
26722273,308,Active,13,18,2015-01-26 03:00:07.799426,80897
26722274,309,Active,7,22,2015-01-26 03:00:07.804976,80897
26722275,310,Active,12,25,2015-01-26 03:00:07.811594,80897
26722276,311,Active,14,25,2015-01-26 03:00:07.8171,80897
26722277,312,Active,9,22,2015-01-26 03:00:07.822265,80897
26722278,313,Inactive,0,39,2015-01-26 03:00:07.827272,80897
26722279,314,Active,3,22,2015-01-26 03:00:07.83229,80897
26722280,315,Active,4,33,2015-01-26 03:00:07.837419,80897
26722281,316,Active,15,15,2015-01-26 03:00:07.842242,80897
26722282,317,Active,9,6,2015-01-26 03:00:07.847124,80897
26722283,318,Active,11,16,2015-01-26 03:00:07.852155,80897
26722284,319,Inactive,0,30,2015-01-26 03:00:07.857645,80897
26722285,320,Active,1,34,2015-01-26 03:00:07.863021,80897
26722286,321,Active,6,4,2015-01-26 03:00:07.868911,80897
26722287,322,Active,16,32,2015-01-26 03:00:07.874804,80897
26722288,332,Active,17,7,2015-01-26 03:00:07.880449,80897
26722289,327,Active,12,22,2015-01-26 03:00:07.886022,80897
26722290,328,Active,4,35,2015-01-26 03:00:07.89237,80897
26722291,331,Active,3,33,2015-01-26 03:00:07.898035,80897
26722292,323,Active,9,28,2015-01-26 03:00:07.903441,80897
26722293,324,Active,10,32,2015-01-26 03:00:07.908951,80897
26722294,329,Active,19,14,2015-01-26 03:00:07.915089,80897
26722295,325,Active,4,32,2015-01-26 03:00:07.920132,80897
26722296,326,Active,7,18,2015-01-26 03:00:07.92516,80897
26722297,1,Active,9,30,2015-01-26 03:10:05.515429,80898
26722298,2,Active,3,29,2015-01-26 03:10:05.526058,80898
26722299,3,Active,4,21,2015-01-26 03:10:05.530481,80898
26722300,4,Active,4,57,2015-01-26 03:10:05.537381,80898
26722301,5,Active,8,29,2015-01-26 03:10:05.541591,80898
26722302,6,Active,11,8,2015-01-26 03:10:05.545768,80898
26722303,7,Active,13,6,2015-01-26 03:10:05.54997,80898
26722304,8,Active,18,13,2015-01-26 03:10:05.55421,80898
26722305,9,Active,15,15,2015-01-26 03:10:05.558464,80898
26722306,10,Active,4,42,2015-01-26 03:10:05.562743,80898
26722307,11,Active,7,17,2015-01-26 03:10:05.567084,80898
26722308,12,Active,1,18,2015-01-26 03:10:05.571397,80898
26722309,13,Active,4,34,2015-01-26 03:10:05.5754,80898
26722310,14,Active,16,16,2015-01-26 03:10:05.579517,80898
26722311,15,Active,7,23,2015-01-26 03:10:05.584713,80898
26722312,16,Active,1,32,2015-01-26 03:10:05.589083,80898
26722313,17,Active,4,25,2015-01-26 03:10:05.593204,80898
26722314,18,Active,4,45,2015-01-26 03:10:05.597713,80898
26722315,19,Active,16,7,2015-01-26 03:10:05.60196,80898
26722316,20,Active,7,17,2015-01-26 03:10:05.60648,80898
26722317,21,Active,9,26,2015-01-26 03:10:05.610636,80898
26722318,22,Active,10,36,2015-01-26 03:10:05.615393,80898
26722319,23,Active,3,42,2015-01-26 03:10:05.619585,80898
26722320,24,Active,6,40,2015-01-26 03:10:05.625237,80898
26722321,25,Active,30,20,2015-01-26 03:10:05.629801,80898
26722322,26,Active,5,25,2015-01-26 03:10:05.634051,80898
26722323,27,Active,3,42,2015-01-26 03:10:05.640694,80898
26722324,28,Active,7,20,2015-01-26 03:10:05.644715,80898
26722325,29,Active,1,22,2015-01-26 03:10:05.648785,80898
26722326,30,Active,13,25,2015-01-26 03:10:05.652882,80898
26722327,31,Active,3,35,2015-01-26 03:10:05.657557,80898
26722328,32,Active,3,30,2015-01-26 03:10:05.661638,80898
26722329,33,Active,7,23,2015-01-26 03:10:05.66581,80898
26722330,34,Active,16,20,2015-01-26 03:10:05.670034,80898
26722331,35,Active,9,46,2015-01-26 03:10:05.674753,80898
26722332,36,Active,3,21,2015-01-26 03:10:05.679108,80898
26722333,37,Active,3,20,2015-01-26 03:10:05.683262,80898
26722334,38,Active,4,34,2015-01-26 03:10:05.687505,80898
26722335,39,Active,0,39,2015-01-26 03:10:05.691616,80898
26722336,40,Active,10,29,2015-01-26 03:10:05.695663,80898
26722337,41,Active,14,16,2015-01-26 03:10:05.699735,80898
26722338,42,Active,3,28,2015-01-26 03:10:05.704231,80898
26722339,43,Active,1,22,2015-01-26 03:10:05.708466,80898
26722340,44,Active,9,14,2015-01-26 03:10:05.712891,80898
26722341,45,Active,18,12,2015-01-26 03:10:05.717182,80898
26722342,46,Active,4,27,2015-01-26 03:10:05.723026,80898
26722343,47,Active,2,21,2015-01-26 03:10:05.727722,80898
26722344,48,Active,5,14,2015-01-26 03:10:05.731818,80898
26722345,49,Active,0,23,2015-01-26 03:10:05.736608,80898
26722346,50,Active,4,23,2015-01-26 03:10:05.740583,80898
26722347,51,Active,0,39,2015-01-26 03:10:05.744702,80898
26722348,52,Active,13,14,2015-01-26 03:10:05.749278,80898
26722349,53,Active,5,27,2015-01-26 03:10:05.753675,80898
26722350,54,Inactive,0,3,2015-01-26 03:10:05.757981,80898
26722351,55,Active,5,26,2015-01-26 03:10:05.764832,80898
26722352,56,Active,11,28,2015-01-26 03:10:05.769372,80898
26722353,57,Active,0,22,2015-01-26 03:10:05.799151,80898
26722354,58,Active,7,31,2015-01-26 03:10:05.804488,80898
26722355,59,Active,3,32,2015-01-26 03:10:05.809945,80898
26722356,60,Active,8,19,2015-01-26 03:10:05.815027,80898
26722357,61,Active,2,20,2015-01-26 03:10:05.820119,80898
26722358,62,Active,1,29,2015-01-26 03:10:05.825077,80898
26722359,63,Active,5,22,2015-01-26 03:10:05.829949,80898
26722360,64,Active,3,32,2015-01-26 03:10:05.834989,80898
26722361,65,Active,3,21,2015-01-26 03:10:05.839992,80898
26722362,66,Active,32,25,2015-01-26 03:10:05.844959,80898
26722363,67,Active,10,16,2015-01-26 03:10:05.849818,80898
26722364,68,Active,3,20,2015-01-26 03:10:05.854677,80898
26722365,69,Active,17,12,2015-01-26 03:10:05.859746,80898
26722366,70,Active,12,19,2015-01-26 03:10:05.864749,80898
26722367,71,Active,0,18,2015-01-26 03:10:05.869821,80898
26722368,72,Active,0,22,2015-01-26 03:10:05.875649,80898
26722369,73,Active,0,18,2015-01-26 03:10:05.880731,80898
26722370,74,Active,11,25,2015-01-26 03:10:05.885775,80898
26722371,75,Active,4,26,2015-01-26 03:10:05.890999,80898
26722372,76,Active,13,46,2015-01-26 03:10:05.897369,80898
26722373,77,Active,3,24,2015-01-26 03:10:05.902268,80898
26722374,78,Active,10,31,2015-01-26 03:10:05.907113,80898
26722375,79,Active,10,36,2015-01-26 03:10:05.912316,80898
26722376,80,Active,4,14,2015-01-26 03:10:05.917968,80898
26722377,81,Active,3,26,2015-01-26 03:10:05.923135,80898
26722378,82,Active,1,19,2015-01-26 03:10:05.929506,80898
26722379,83,Active,15,38,2015-01-26 03:10:05.935189,80898
26722380,84,Active,0,30,2015-01-26 03:10:05.940268,80898
