id,station_id,status,available_bike_count,available_dock_count,created_at,station_summary_id
9508939,69,Active,23,14,2014-01-30 00:30:05.888491,28989
9508940,70,Active,10,20,2014-01-30 00:30:05.893556,28989
9508941,71,Active,3,16,2014-01-30 00:30:05.898781,28989
9508942,72,Active,7,17,2014-01-30 00:30:05.906388,28989
9508943,73,Active,4,15,2014-01-30 00:30:05.911428,28989
9508944,74,Active,8,11,2014-01-30 00:30:05.917578,28989
9508945,75,Active,21,10,2014-01-30 00:30:05.922308,28989
9508946,76,Active,20,39,2014-01-30 00:30:05.927385,28989
9508947,77,Active,22,4,2014-01-30 00:30:05.933476,28989
9508948,78,Active,36,7,2014-01-30 00:30:05.938287,28989
9508949,79,Active,37,7,2014-01-30 00:30:05.943078,28989
9508950,80,Active,4,15,2014-01-30 00:30:05.949456,28989
9508951,81,Active,7,21,2014-01-30 00:30:05.954321,28989
9508952,82,Active,0,20,2014-01-30 00:30:05.959316,28989
9508953,83,Active,24,27,2014-01-30 00:30:05.963894,28989
9508954,84,Active,24,7,2014-01-30 00:30:05.96868,28989
9508955,85,Active,3,21,2014-01-30 00:30:05.973645,28989
9508956,86,Active,33,1,2014-01-30 00:30:05.978757,28989
9508957,87,Active,17,10,2014-01-30 00:30:05.985179,28989
9508958,88,Active,14,20,2014-01-30 00:30:05.990149,28989
9508959,89,Active,10,43,2014-01-30 00:30:05.994938,28989
9508960,90,Active,9,28,2014-01-30 00:30:05.999634,28989
9508961,91,Active,10,13,2014-01-30 00:30:06.012383,28989
9508962,92,Active,24,7,2014-01-30 00:30:06.022448,28989
9508963,93,Active,15,19,2014-01-30 00:30:06.027879,28989
9508964,94,Active,10,23,2014-01-30 00:30:06.040846,28989
9508965,95,Active,8,29,2014-01-30 00:30:06.04609,28989
9508966,96,Active,6,25,2014-01-30 00:30:06.051296,28989
9508967,97,Active,23,3,2014-01-30 00:30:06.056309,28989
9508968,98,Active,9,31,2014-01-30 00:30:06.061352,28989
9508969,99,Active,17,19,2014-01-30 00:30:06.066703,28989
9508970,100,Active,1,28,2014-01-30 00:30:06.071907,28989
9508971,101,Active,14,17,2014-01-30 00:30:06.077035,28989
9508972,102,Active,5,18,2014-01-30 00:30:06.082069,28989
9508973,103,Active,0,38,2014-01-30 00:30:06.087171,28989
9508974,104,Active,22,7,2014-01-30 00:30:06.092041,28989
9508975,105,Active,8,34,2014-01-30 00:30:06.097059,28989
9508976,106,Active,21,6,2014-01-30 00:30:06.102201,28989
9508977,107,Active,21,10,2014-01-30 00:30:06.106949,28989
9508978,108,Active,10,25,2014-01-30 00:30:06.112587,28989
9508979,109,Active,9,30,2014-01-30 00:30:06.119456,28989
9508980,110,Inactive,0,3,2014-01-30 00:30:06.123631,28989
9508981,111,Active,3,28,2014-01-30 00:30:06.1284,28989
9508982,112,Active,9,30,2014-01-30 00:30:06.156066,28989
9508983,113,Active,36,15,2014-01-30 00:30:06.160954,28989
9508984,114,Active,14,21,2014-01-30 00:30:06.166436,28989
9508985,115,Active,12,15,2014-01-30 00:30:06.171324,28989
9508986,116,Active,21,18,2014-01-30 00:30:06.176498,28989
9508987,117,Active,1,22,2014-01-30 00:30:06.182056,28989
9508988,118,Active,1,30,2014-01-30 00:30:06.187317,28989
9508989,119,Active,17,21,2014-01-30 00:30:06.192677,28989
9508990,120,Active,0,27,2014-01-30 00:30:06.197634,28989
9508991,121,Active,3,21,2014-01-30 00:30:06.202407,28989
9508992,122,Active,21,9,2014-01-30 00:30:06.207172,28989
9508993,123,Active,14,13,2014-01-30 00:30:06.211964,28989
9508994,124,Active,29,6,2014-01-30 00:30:06.216755,28989
9508995,125,Active,16,21,2014-01-30 00:30:06.222324,28989
9508996,126,Active,0,24,2014-01-30 00:30:06.227264,28989
9508997,127,Active,8,18,2014-01-30 00:30:06.232131,28989
9508998,128,Active,6,12,2014-01-30 00:30:06.237089,28989
9508999,129,Active,9,20,2014-01-30 00:30:06.241672,28989
9509000,130,Active,1,22,2014-01-30 00:30:06.246917,28989
9509001,131,Active,1,22,2014-01-30 00:30:06.252244,28989
9509002,132,Active,33,1,2014-01-30 00:30:06.259895,28989
9509003,133,Active,23,4,2014-01-30 00:30:06.264878,28989
9509004,134,Active,16,17,2014-01-30 00:30:06.27019,28989
9509005,135,Active,31,11,2014-01-30 00:30:06.275843,28989
9509006,136,Active,0,23,2014-01-30 00:30:06.280835,28989
9509007,137,Active,10,18,2014-01-30 00:30:06.286264,28989
9509008,138,Active,23,16,2014-01-30 00:30:06.291916,28989
9509009,139,Active,3,33,2014-01-30 00:30:06.297778,28989
9509010,140,Active,1,26,2014-01-30 00:30:06.30393,28989
9509011,141,Active,13,18,2014-01-30 00:30:06.309412,28989
9509012,142,Active,36,6,2014-01-30 00:30:06.315088,28989
9509013,143,Active,12,11,2014-01-30 00:30:06.320749,28989
9509014,144,Active,8,19,2014-01-30 00:30:06.325964,28989
9509015,145,Active,30,6,2014-01-30 00:30:06.331538,28989
9509016,146,Active,1,54,2014-01-30 00:30:06.33969,28989
9509017,147,Active,4,35,2014-01-30 00:30:06.344675,28989
9509018,148,Active,8,34,2014-01-30 00:30:06.34953,28989
9509019,149,Inactive,0,57,2014-01-30 00:30:06.354501,28989
9509020,150,Active,17,32,2014-01-30 00:30:06.359486,28989
9509021,151,Active,4,22,2014-01-30 00:30:06.364408,28989
9509022,152,Active,15,15,2014-01-30 00:30:06.369259,28989
9509023,153,Active,11,22,2014-01-30 00:30:06.374232,28989
9509024,154,Active,5,29,2014-01-30 00:30:06.379397,28989
9509025,155,Active,38,1,2014-01-30 00:30:06.384758,28989
9509026,156,Active,11,24,2014-01-30 00:30:06.390938,28989
9509027,157,Active,6,21,2014-01-30 00:30:06.396204,28989
9509028,158,Active,11,8,2014-01-30 00:30:06.401027,28989
9509029,159,Active,25,3,2014-01-30 00:30:06.406115,28989
9509030,160,Active,4,39,2014-01-30 00:30:06.411539,28989
9509031,161,Active,33,13,2014-01-30 00:30:06.416608,28989
9509032,162,Active,38,3,2014-01-30 00:30:06.421434,28989
9509033,163,Active,10,28,2014-01-30 00:30:06.426327,28989
9509034,164,Active,31,5,2014-01-30 00:30:06.431223,28989
9509035,165,Active,27,10,2014-01-30 00:30:06.436474,28989
9509036,166,Active,2,29,2014-01-30 00:30:06.443742,28989
9509037,167,Active,3,26,2014-01-30 00:30:06.449502,28989
9509038,168,Active,17,25,2014-01-30 00:30:06.476589,28989
9509039,169,Active,0,39,2014-01-30 00:30:06.482915,28989
9509040,170,Active,1,34,2014-01-30 00:30:06.487676,28989
9509041,171,Active,10,17,2014-01-30 00:30:06.492308,28989
9509042,172,Active,9,22,2014-01-30 00:30:06.49737,28989
9509043,173,Active,7,24,2014-01-30 00:30:06.502198,28989
9509044,174,Active,27,5,2014-01-30 00:30:06.507155,28989
9509045,175,Active,10,21,2014-01-30 00:30:06.511946,28989
9509046,176,Active,7,25,2014-01-30 00:30:06.51668,28989
9509047,177,Active,14,16,2014-01-30 00:30:06.521549,28989
9509048,178,Active,3,22,2014-01-30 00:30:06.526329,28989
9509049,179,Active,5,22,2014-01-30 00:30:06.531538,28989
9509050,180,Active,20,11,2014-01-30 00:30:06.536521,28989
9509051,181,Active,4,22,2014-01-30 00:30:06.541359,28989
9509052,182,Active,1,14,2014-01-30 00:30:06.546442,28989
9509053,183,Active,9,31,2014-01-30 00:30:06.551764,28989
9509054,184,Active,1,37,2014-01-30 00:30:06.556724,28989
9509055,185,Active,25,6,2014-01-30 00:30:06.561802,28989
9509056,186,Active,22,16,2014-01-30 00:30:06.566816,28989
9509057,187,Active,5,35,2014-01-30 00:30:06.571547,28989
9509058,188,Active,5,29,2014-01-30 00:30:06.579807,28989
9509059,189,Active,4,39,2014-01-30 00:30:06.584841,28989
9509060,190,Active,13,10,2014-01-30 00:30:06.590177,28989
9509061,191,Active,4,15,2014-01-30 00:30:06.595153,28989
9509062,192,Active,29,6,2014-01-30 00:30:06.599889,28989
9509063,193,Active,5,18,2014-01-30 00:30:06.605075,28989
9509064,194,Active,5,24,2014-01-30 00:30:06.609905,28989
9509065,195,Active,12,12,2014-01-30 00:30:06.614799,28989
9509066,196,Active,11,31,2014-01-30 00:30:06.619338,28989
9509067,197,Active,3,28,2014-01-30 00:30:06.624046,28989
9509068,198,Active,24,21,2014-01-30 00:30:06.629097,28989
9509069,199,Active,6,17,2014-01-30 00:30:06.633872,28989
9509070,200,Active,1,22,2014-01-30 00:30:06.638521,28989
9509071,201,Active,1,22,2014-01-30 00:30:06.643281,28989
9509072,202,Active,3,16,2014-01-30 00:30:06.64841,28989
9509073,203,Active,8,47,2014-01-30 00:30:06.65343,28989
9509074,204,Active,1,38,2014-01-30 00:30:06.658611,28989
9509075,205,Active,11,18,2014-01-30 00:30:06.663692,28989
9509076,206,Active,9,50,2014-01-30 00:30:06.668684,28989
9509077,207,Active,4,26,2014-01-30 00:30:06.67351,28989
9509078,208,Active,10,16,2014-01-30 00:30:06.678275,28989
9509079,209,Active,11,19,2014-01-30 00:30:06.683266,28989
9509080,210,Active,11,18,2014-01-30 00:30:06.691158,28989
9509081,211,Active,4,35,2014-01-30 00:30:06.696571,28989
9509082,212,Active,24,1,2014-01-30 00:30:06.701676,28989
9509083,213,Active,2,45,2014-01-30 00:30:06.706468,28989
9509084,214,Active,0,27,2014-01-30 00:30:06.711635,28989
9509085,215,Active,1,26,2014-01-30 00:30:06.716686,28989
9509086,216,Active,13,13,2014-01-30 00:30:06.721649,28989
9509087,217,Active,8,30,2014-01-30 00:30:06.726877,28989
9509088,218,Active,4,28,2014-01-30 00:30:06.731702,28989
9509089,219,Active,33,2,2014-01-30 00:30:06.739905,28989
9509090,220,Active,3,47,2014-01-30 00:30:06.744857,28989
9509091,221,Active,12,11,2014-01-30 00:30:06.750005,28989
9509092,222,Active,21,31,2014-01-30 00:30:06.755212,28989
9509093,223,Active,22,20,2014-01-30 00:30:06.782575,28989
9509094,224,Active,23,15,2014-01-30 00:30:06.789313,28989
9509095,225,Active,10,21,2014-01-30 00:30:06.79455,28989
9509096,226,Active,19,12,2014-01-30 00:30:06.799511,28989
9509097,227,Active,9,21,2014-01-30 00:30:06.804138,28989
9509098,228,Active,5,53,2014-01-30 00:30:06.809442,28989
9509099,229,Active,27,12,2014-01-30 00:30:06.814465,28989
9509100,230,Active,12,22,2014-01-30 00:30:06.819483,28989
9509101,231,Active,0,38,2014-01-30 00:30:06.824359,28989
9509102,232,Active,0,35,2014-01-30 00:30:06.829385,28989
9509103,233,Active,1,58,2014-01-30 00:30:06.835088,28989
9509104,234,Active,1,30,2014-01-30 00:30:06.840776,28989
9509105,235,Active,31,17,2014-01-30 00:30:06.845749,28989
9509106,236,Active,4,19,2014-01-30 00:30:06.851449,28989
9509107,237,Active,22,17,2014-01-30 00:30:06.856539,28989
9509108,238,Active,3,44,2014-01-30 00:30:06.861824,28989
9509109,239,Active,6,17,2014-01-30 00:30:06.867,28989
9509110,240,Active,20,38,2014-01-30 00:30:06.872149,28989
9509111,241,Inactive,0,39,2014-01-30 00:30:06.877162,28989
9509112,242,Active,16,18,2014-01-30 00:30:06.882009,28989
9509113,243,Active,15,19,2014-01-30 00:30:06.887137,28989
9509114,244,Active,14,45,2014-01-30 00:30:06.893262,28989
9509115,245,Active,1,51,2014-01-30 00:30:06.898343,28989
9509116,246,Active,5,32,2014-01-30 00:30:06.90337,28989
9509117,247,Active,17,10,2014-01-30 00:30:06.908459,28989
9509118,248,Active,6,35,2014-01-30 00:30:06.913271,28989
9509119,249,Active,4,38,2014-01-30 00:30:06.918345,28989
9509120,250,Active,5,40,2014-01-30 00:30:06.923119,28989
9509121,251,Active,10,26,2014-01-30 00:30:06.928239,28989
9509122,252,Active,26,20,2014-01-30 00:30:06.933744,28989
9509123,253,Active,58,1,2014-01-30 00:30:06.938908,28989
9509124,254,Active,6,25,2014-01-30 00:30:06.944331,28989
9509125,255,Active,28,3,2014-01-30 00:30:06.949808,28989
9509126,256,Active,15,12,2014-01-30 00:30:06.955067,28989
9509127,257,Active,16,9,2014-01-30 00:30:06.960902,28989
9509128,258,Active,38,1,2014-01-30 00:30:06.965934,28989
9509129,259,Active,25,9,2014-01-30 00:30:06.971192,28989
9509130,260,Active,3,40,2014-01-30 00:30:06.976091,28989
9509131,261,Active,1,38,2014-01-30 00:30:06.981058,28989
9509132,262,Active,9,30,2014-01-30 00:30:06.98607,28989
9509133,263,Active,25,10,2014-01-30 00:30:06.99102,28989
9509134,264,Active,39,0,2014-01-30 00:30:06.995976,28989
9509135,265,Active,23,14,2014-01-30 00:30:07.001136,28989
9509136,266,Active,58,1,2014-01-30 00:30:07.007914,28989
9509137,267,Active,5,47,2014-01-30 00:30:07.012887,28989
9509138,268,Active,48,0,2014-01-30 00:30:07.018062,28989
9509139,269,Active,8,26,2014-01-30 00:30:07.02296,28989
9509140,270,Active,20,15,2014-01-30 00:30:07.027998,28989
9509141,271,Active,12,13,2014-01-30 00:30:07.032788,28989
9509142,272,Active,28,17,2014-01-30 00:30:07.03778,28989
9509143,273,Active,32,27,2014-01-30 00:30:07.042778,28989
9509144,274,Active,11,19,2014-01-30 00:30:07.047951,28989
9509145,275,Active,18,17,2014-01-30 00:30:07.053095,28989
9509146,276,Active,1,42,2014-01-30 00:30:07.058607,28989
9509147,277,Active,41,2,2014-01-30 00:30:07.063569,28989
9509148,330,Active,3,27,2014-01-30 00:30:07.068631,28989
9509149,278,Active,10,18,2014-01-30 00:30:07.095736,28989
9509150,279,Active,3,40,2014-01-30 00:30:07.101382,28989
9509151,280,Active,20,16,2014-01-30 00:30:07.106626,28989
9509152,281,Active,13,33,2014-01-30 00:30:07.111933,28989
9509153,282,Active,5,19,2014-01-30 00:30:07.116722,28989
9509154,283,Active,14,22,2014-01-30 00:30:07.121906,28989
9509155,284,Active,1,50,2014-01-30 00:30:07.126764,28989
9509156,285,Active,8,23,2014-01-30 00:30:07.132728,28989
9509157,286,Active,0,26,2014-01-30 00:30:07.137846,28989
9509158,287,Active,1,26,2014-01-30 00:30:07.143832,28989
9509159,288,Active,43,10,2014-01-30 00:30:07.152145,28989
9509160,289,Active,31,3,2014-01-30 00:30:07.157214,28989
9509161,290,Active,1,37,2014-01-30 00:30:07.162312,28989
9509162,291,Active,2,53,2014-01-30 00:30:07.167044,28989
9509163,292,Active,0,38,2014-01-30 00:30:07.172385,28989
9509164,293,Active,27,31,2014-01-30 00:30:07.177245,28989
9509165,294,Active,1,38,2014-01-30 00:30:07.182002,28989
9509166,295,Active,60,4,2014-01-30 00:30:07.186785,28989
9509167,296,Active,18,33,2014-01-30 00:30:07.191469,28989
9509168,297,Active,49,1,2014-01-30 00:30:07.196527,28989
9509169,298,Active,25,31,2014-01-30 00:30:07.201552,28989
9509170,299,Active,24,15,2014-01-30 00:30:07.206752,28989
9509171,300,Active,20,20,2014-01-30 00:30:07.211655,28989
9509172,301,Active,3,56,2014-01-30 00:30:07.216742,28989
9509173,302,Active,36,3,2014-01-30 00:30:07.221905,28989
9509174,303,Active,39,1,2014-01-30 00:30:07.22711,28989
9509175,305,Active,21,17,2014-01-30 00:30:07.2322,28989
9509176,306,Active,35,8,2014-01-30 00:30:07.237197,28989
9509177,307,Inactive,0,50,2014-01-30 00:30:07.24231,28989
9509178,308,Active,2,28,2014-01-30 00:30:07.247833,28989
9509179,309,Active,3,25,2014-01-30 00:30:07.253009,28989
9509180,310,Active,18,21,2014-01-30 00:30:07.257825,28989
9509181,311,Active,0,37,2014-01-30 00:30:07.264207,28989
9509182,312,Active,25,6,2014-01-30 00:30:07.269526,28989
9509183,313,Active,4,33,2014-01-30 00:30:07.275324,28989
9509184,314,Active,13,13,2014-01-30 00:30:07.280917,28989
9509185,315,Active,1,36,2014-01-30 00:30:07.286163,28989
9509186,316,Active,23,7,2014-01-30 00:30:07.291706,28989
9509187,317,Active,10,5,2014-01-30 00:30:07.297053,28989
9509188,318,Active,17,10,2014-01-30 00:30:07.302285,28989
9509189,319,Active,10,20,2014-01-30 00:30:07.30778,28989
9509190,320,Active,4,32,2014-01-30 00:30:07.313206,28989
9509191,321,Active,11,1,2014-01-30 00:30:07.318322,28989
9509192,322,Active,17,32,2014-01-30 00:30:07.323353,28989
9509193,332,Active,12,11,2014-01-30 00:30:07.328192,28989
9509194,327,Active,12,23,2014-01-30 00:30:07.332964,28989
9509195,328,Active,14,25,2014-01-30 00:30:07.338026,28989
9509196,331,Active,2,34,2014-01-30 00:30:07.342769,28989
9509197,323,Active,0,39,2014-01-30 00:30:07.347475,28989
9509198,324,Active,41,2,2014-01-30 00:30:07.352253,28989
9509199,329,Active,26,6,2014-01-30 00:30:07.356975,28989
9509200,325,Active,2,32,2014-01-30 00:30:07.361799,28989
9509201,326,Active,8,16,2014-01-30 00:30:07.36668,28989
9509202,1,Active,9,30,2014-01-30 00:40:05.472295,28990
9509203,2,Active,10,23,2014-01-30 00:40:05.481474,28990
9509204,3,Active,16,9,2014-01-30 00:40:05.485913,28990
9509205,4,Active,33,28,2014-01-30 00:40:05.489936,28990
9509206,5,Active,18,20,2014-01-30 00:40:05.494018,28990
9509207,6,Active,5,13,2014-01-30 00:40:05.498781,28990
9509208,7,Active,3,16,2014-01-30 00:40:05.504564,28990
9509209,8,Active,17,14,2014-01-30 00:40:05.508978,28990
9509210,9,Active,21,9,2014-01-30 00:40:05.513072,28990
9509211,10,Active,7,39,2014-01-30 00:40:05.517175,28990
9509212,11,Active,7,17,2014-01-30 00:40:05.521656,28990
9509213,12,Active,1,18,2014-01-30 00:40:05.526156,28990
9509214,13,Active,11,28,2014-01-30 00:40:05.530637,28990
9509215,14,Active,19,13,2014-01-30 00:40:05.534818,28990
9509216,15,Active,1,30,2014-01-30 00:40:05.539506,28990
9509217,16,Active,16,16,2014-01-30 00:40:05.543633,28990
9509218,17,Active,15,12,2014-01-30 00:40:05.547868,28990
9509219,18,Active,0,54,2014-01-30 00:40:05.552047,28990
9509220,19,Active,9,14,2014-01-30 00:40:05.556245,28990
9509221,20,Active,12,13,2014-01-30 00:40:05.560426,28990
9509222,21,Active,23,11,2014-01-30 00:40:05.564693,28990
9509223,22,Active,7,40,2014-01-30 00:40:05.568932,28990
9509224,23,Active,25,19,2014-01-30 00:40:05.573106,28990
9509225,24,Active,4,40,2014-01-30 00:40:05.577652,28990
9509226,25,Active,1,48,2014-01-30 00:40:05.58204,28990
9509227,26,Active,7,23,2014-01-30 00:40:05.586494,28990
9509228,27,Active,4,41,2014-01-30 00:40:05.590702,28990
9509229,28,Active,2,24,2014-01-30 00:40:05.594694,28990
9509230,29,Active,4,19,2014-01-30 00:40:05.600476,28990
9509231,30,Active,28,11,2014-01-30 00:40:05.604651,28990
9509232,31,Active,12,26,2014-01-30 00:40:05.60887,28990
9509233,32,Active,32,1,2014-01-30 00:40:05.613123,28990
9509234,33,Active,5,26,2014-01-30 00:40:05.617435,28990
9509235,34,Active,6,30,2014-01-30 00:40:05.621646,28990
9509236,35,Active,3,51,2014-01-30 00:40:05.625676,28990
9509237,36,Active,19,7,2014-01-30 00:40:05.629844,28990
9509238,37,Active,10,12,2014-01-30 00:40:05.63397,28990
9509239,38,Active,2,37,2014-01-30 00:40:05.638189,28990
9509240,39,Active,3,35,2014-01-30 00:40:05.64242,28990
9509241,40,Active,23,16,2014-01-30 00:40:05.646566,28990
9509242,41,Active,19,11,2014-01-30 00:40:05.650549,28990
9509243,42,Active,14,17,2014-01-30 00:40:05.654559,28990
9509244,43,Active,7,15,2014-01-30 00:40:05.660361,28990
9509245,44,Active,10,11,2014-01-30 00:40:05.664417,28990
9509246,45,Inactive,0,3,2014-01-30 00:40:05.668423,28990
9509247,46,Active,3,28,2014-01-30 00:40:05.67703,28990
9509248,47,Active,1,22,2014-01-30 00:40:05.682036,28990
9509249,48,Active,19,0,2014-01-30 00:40:05.686063,28990
9509250,49,Active,7,16,2014-01-30 00:40:05.690163,28990
9509251,50,Active,5,22,2014-01-30 00:40:05.694386,28990
9509252,51,Active,13,27,2014-01-30 00:40:05.698765,28990
9509253,52,Active,18,8,2014-01-30 00:40:05.702967,28990
9509254,53,Active,21,12,2014-01-30 00:40:05.706933,28990
9509255,54,Inactive,0,47,2014-01-30 00:40:05.711225,28990
9509256,55,Active,27,1,2014-01-30 00:40:05.715241,28990
9509257,56,Active,23,16,2014-01-30 00:40:05.743071,28990
9509258,57,Active,5,18,2014-01-30 00:40:05.748703,28990
9509259,58,Active,15,24,2014-01-30 00:40:05.753459,28990
9509260,59,Active,8,27,2014-01-30 00:40:05.758297,28990
9509261,60,Active,1,26,2014-01-30 00:40:05.762959,28990
9509262,61,Active,4,20,2014-01-30 00:40:05.767597,28990
9509263,62,Active,18,13,2014-01-30 00:40:05.772291,28990
9509264,63,Active,14,11,2014-01-30 00:40:05.777238,28990
9509265,64,Active,21,12,2014-01-30 00:40:05.782249,28990
9509266,65,Active,4,20,2014-01-30 00:40:05.787069,28990
9509267,66,Inactive,0,33,2014-01-30 00:40:05.791929,28990
9509268,67,Active,16,11,2014-01-30 00:40:05.796778,28990
9509269,68,Active,6,17,2014-01-30 00:40:05.802378,28990
9509270,69,Active,23,14,2014-01-30 00:40:05.807213,28990
9509271,70,Active,8,22,2014-01-30 00:40:05.812168,28990
9509272,71,Active,3,16,2014-01-30 00:40:05.816934,28990
9509273,72,Active,7,17,2014-01-30 00:40:05.821411,28990
9509274,73,Active,4,15,2014-01-30 00:40:05.826403,28990
9509275,74,Active,8,11,2014-01-30 00:40:05.831368,28990
9509276,75,Active,21,10,2014-01-30 00:40:05.836271,28990
9509277,76,Active,20,39,2014-01-30 00:40:05.841003,28990
9509278,77,Active,23,3,2014-01-30 00:40:05.845985,28990
9509279,78,Active,35,8,2014-01-30 00:40:05.850956,28990
9509280,79,Active,38,7,2014-01-30 00:40:05.855713,28990
9509281,80,Active,4,15,2014-01-30 00:40:05.861009,28990
9509282,81,Active,9,19,2014-01-30 00:40:05.865692,28990
9509283,82,Active,0,20,2014-01-30 00:40:05.870433,28990
9509284,83,Active,23,28,2014-01-30 00:40:05.875629,28990
9509285,84,Active,23,8,2014-01-30 00:40:05.880299,28990
9509286,85,Active,5,19,2014-01-30 00:40:05.885075,28990
9509287,86,Active,33,1,2014-01-30 00:40:05.89045,28990
9509288,87,Active,17,10,2014-01-30 00:40:05.895425,28990
9509289,88,Active,14,20,2014-01-30 00:40:05.90046,28990
9509290,89,Active,9,44,2014-01-30 00:40:05.905114,28990
9509291,90,Active,9,28,2014-01-30 00:40:05.910091,28990
9509292,91,Active,12,11,2014-01-30 00:40:05.917045,28990
9509293,92,Active,25,6,2014-01-30 00:40:05.922039,28990
9509294,93,Active,15,20,2014-01-30 00:40:05.927058,28990
9509295,94,Active,10,23,2014-01-30 00:40:05.932035,28990
9509296,95,Active,8,29,2014-01-30 00:40:05.936982,28990
9509297,96,Active,9,22,2014-01-30 00:40:05.941927,28990
9509298,97,Active,23,3,2014-01-30 00:40:05.947275,28990
9509299,98,Active,9,31,2014-01-30 00:40:05.952339,28990
9509300,99,Active,18,18,2014-01-30 00:40:05.957339,28990
9509301,100,Active,0,29,2014-01-30 00:40:05.962366,28990
9509302,101,Active,15,16,2014-01-30 00:40:05.967337,28990
9509303,102,Active,6,17,2014-01-30 00:40:05.972187,28990
9509304,103,Active,0,38,2014-01-30 00:40:05.97736,28990
9509305,104,Active,22,7,2014-01-30 00:40:05.982526,28990
9509306,105,Active,8,34,2014-01-30 00:40:05.987585,28990
9509307,106,Active,22,4,2014-01-30 00:40:05.992473,28990
9509308,107,Active,18,13,2014-01-30 00:40:05.99762,28990
9509309,108,Active,10,25,2014-01-30 00:40:06.013646,28990
9509310,109,Active,10,29,2014-01-30 00:40:06.019948,28990
9509311,110,Inactive,0,3,2014-01-30 00:40:06.03982,28990
9509312,111,Active,3,28,2014-01-30 00:40:06.045312,28990
9509313,112,Active,10,29,2014-01-30 00:40:06.074136,28990
9509314,113,Active,34,17,2014-01-30 00:40:06.083367,28990
9509315,114,Active,14,21,2014-01-30 00:40:06.08897,28990
9509316,115,Active,12,15,2014-01-30 00:40:06.09529,28990
9509317,116,Active,21,18,2014-01-30 00:40:06.100512,28990
9509318,117,Active,1,22,2014-01-30 00:40:06.105809,28990
9509319,118,Active,0,31,2014-01-30 00:40:06.111128,28990
9509320,119,Active,19,19,2014-01-30 00:40:06.1167,28990
9509321,120,Active,0,27,2014-01-30 00:40:06.122197,28990
9509322,121,Active,3,21,2014-01-30 00:40:06.128195,28990
9509323,122,Active,21,9,2014-01-30 00:40:06.133567,28990
9509324,123,Active,15,12,2014-01-30 00:40:06.138401,28990
9509325,124,Active,29,6,2014-01-30 00:40:06.143252,28990
9509326,125,Active,16,21,2014-01-30 00:40:06.148083,28990
9509327,126,Active,0,24,2014-01-30 00:40:06.152816,28990
9509328,127,Active,8,18,2014-01-30 00:40:06.157903,28990
9509329,128,Active,6,12,2014-01-30 00:40:06.162815,28990
9509330,129,Active,9,20,2014-01-30 00:40:06.167546,28990
9509331,130,Active,1,22,2014-01-30 00:40:06.17245,28990
9509332,131,Active,1,22,2014-01-30 00:40:06.177409,28990
9509333,132,Active,33,1,2014-01-30 00:40:06.182045,28990
9509334,133,Active,23,4,2014-01-30 00:40:06.187089,28990
9509335,134,Active,19,14,2014-01-30 00:40:06.192073,28990
9509336,135,Active,29,13,2014-01-30 00:40:06.198287,28990
9509337,136,Active,0,23,2014-01-30 00:40:06.20306,28990
9509338,137,Active,10,18,2014-01-30 00:40:06.208034,28990
9509339,138,Active,22,17,2014-01-30 00:40:06.212971,28990
9509340,139,Active,3,33,2014-01-30 00:40:06.217626,28990
9509341,140,Active,1,26,2014-01-30 00:40:06.222601,28990
9509342,141,Active,13,18,2014-01-30 00:40:06.22744,28990
9509343,142,Active,35,7,2014-01-30 00:40:06.232337,28990
9509344,143,Active,12,11,2014-01-30 00:40:06.237293,28990
9509345,144,Active,8,19,2014-01-30 00:40:06.241951,28990
9509346,145,Active,32,4,2014-01-30 00:40:06.24709,28990
9509347,146,Active,1,54,2014-01-30 00:40:06.251924,28990
9509348,147,Active,4,35,2014-01-30 00:40:06.256983,28990
9509349,148,Active,9,33,2014-01-30 00:40:06.261919,28990
9509350,149,Inactive,0,57,2014-01-30 00:40:06.266664,28990
9509351,150,Active,17,32,2014-01-30 00:40:06.271563,28990
9509352,151,Active,5,21,2014-01-30 00:40:06.276409,28990
9509353,152,Active,15,15,2014-01-30 00:40:06.281302,28990
9509354,153,Active,13,20,2014-01-30 00:40:06.286373,28990
9509355,154,Active,5,29,2014-01-30 00:40:06.291324,28990
9509356,155,Active,39,0,2014-01-30 00:40:06.297027,28990
9509357,156,Active,14,21,2014-01-30 00:40:06.301976,28990
9509358,157,Active,6,21,2014-01-30 00:40:06.306866,28990
9509359,158,Active,12,7,2014-01-30 00:40:06.313177,28990
9509360,159,Active,25,3,2014-01-30 00:40:06.318201,28990
9509361,160,Active,5,38,2014-01-30 00:40:06.323593,28990
9509362,161,Active,32,14,2014-01-30 00:40:06.328837,28990
9509363,162,Active,40,1,2014-01-30 00:40:06.349544,28990
9509364,163,Active,14,24,2014-01-30 00:40:06.355973,28990
9509365,164,Active,31,5,2014-01-30 00:40:06.361044,28990
9509366,165,Active,28,9,2014-01-30 00:40:06.367075,28990
9509367,166,Active,2,29,2014-01-30 00:40:06.372543,28990
9509368,167,Active,5,24,2014-01-30 00:40:06.37829,28990
9509369,168,Active,18,24,2014-01-30 00:40:06.425831,28990
9509370,169,Active,1,38,2014-01-30 00:40:06.432605,28990
9509371,170,Active,1,34,2014-01-30 00:40:06.439594,28990
9509372,171,Active,10,17,2014-01-30 00:40:06.447641,28990
9509373,172,Active,9,22,2014-01-30 00:40:06.455932,28990
9509374,173,Active,7,24,2014-01-30 00:40:06.464738,28990
9509375,174,Active,27,5,2014-01-30 00:40:06.472909,28990
9509376,175,Active,11,20,2014-01-30 00:40:06.480185,28990
9509377,176,Active,6,26,2014-01-30 00:40:06.485374,28990
9509378,177,Active,14,16,2014-01-30 00:40:06.490455,28990
9509379,178,Active,3,22,2014-01-30 00:40:06.495179,28990
9509380,179,Active,5,22,2014-01-30 00:40:06.501138,28990
9509381,180,Active,20,11,2014-01-30 00:40:06.508699,28990
9509382,181,Active,4,22,2014-01-30 00:40:06.51432,28990
9509383,182,Active,1,14,2014-01-30 00:40:06.520703,28990
9509384,183,Active,8,32,2014-01-30 00:40:06.545221,28990
9509385,184,Active,1,37,2014-01-30 00:40:06.550788,28990
9509386,185,Active,26,5,2014-01-30 00:40:06.556476,28990
9509387,186,Active,22,16,2014-01-30 00:40:06.562244,28990
9509388,187,Active,5,35,2014-01-30 00:40:06.567313,28990
9509389,188,Active,5,29,2014-01-30 00:40:06.57293,28990
9509390,189,Active,4,39,2014-01-30 00:40:06.59415,28990
9509391,190,Active,13,10,2014-01-30 00:40:06.599784,28990
9509392,191,Active,4,15,2014-01-30 00:40:06.60611,28990
9509393,192,Active,31,4,2014-01-30 00:40:06.611441,28990
9509394,193,Active,5,18,2014-01-30 00:40:06.616097,28990
9509395,194,Active,5,24,2014-01-30 00:40:06.621239,28990
9509396,195,Active,14,10,2014-01-30 00:40:06.641486,28990
9509397,196,Active,11,31,2014-01-30 00:40:06.646279,28990
9509398,197,Active,3,28,2014-01-30 00:40:06.651818,28990
9509399,198,Active,23,21,2014-01-30 00:40:06.657838,28990
9509400,199,Active,6,17,2014-01-30 00:40:06.663778,28990
9509401,200,Active,1,22,2014-01-30 00:40:06.669692,28990
9509402,201,Active,0,23,2014-01-30 00:40:06.692319,28990
9509403,202,Active,3,16,2014-01-30 00:40:06.705321,28990
9509404,203,Active,8,47,2014-01-30 00:40:06.711361,28990
9509405,204,Active,1,38,2014-01-30 00:40:06.717284,28990
9509406,205,Active,11,18,2014-01-30 00:40:06.74153,28990
9509407,206,Active,9,50,2014-01-30 00:40:06.747988,28990
9509408,207,Active,4,26,2014-01-30 00:40:06.753796,28990
9509409,208,Active,10,16,2014-01-30 00:40:06.760808,28990
9509410,209,Active,11,19,2014-01-30 00:40:06.766926,28990
9509411,210,Active,12,17,2014-01-30 00:40:06.772588,28990
9509412,211,Active,4,35,2014-01-30 00:40:06.791681,28990
9509413,212,Active,25,0,2014-01-30 00:40:06.797145,28990
9509414,213,Active,1,46,2014-01-30 00:40:06.802575,28990
9509415,214,Active,0,27,2014-01-30 00:40:06.807633,28990
9509416,215,Active,1,26,2014-01-30 00:40:06.813113,28990
9509417,216,Active,14,12,2014-01-30 00:40:06.819152,28990
9509418,217,Active,8,30,2014-01-30 00:40:06.842056,28990
9509419,218,Active,3,29,2014-01-30 00:40:06.848188,28990
9509420,219,Active,33,2,2014-01-30 00:40:06.853393,28990
9509421,220,Active,3,47,2014-01-30 00:40:06.859081,28990
9509422,221,Active,13,10,2014-01-30 00:40:06.864539,28990
9509423,222,Active,21,31,2014-01-30 00:40:06.869719,28990
9509424,223,Active,21,21,2014-01-30 00:40:06.890894,28990
9509425,224,Active,21,17,2014-01-30 00:40:06.924164,28990
9509426,225,Active,9,22,2014-01-30 00:40:06.946698,28990
9509427,226,Active,19,12,2014-01-30 00:40:06.952617,28990
9509428,227,Active,9,21,2014-01-30 00:40:06.958324,28990
9509429,228,Active,4,54,2014-01-30 00:40:06.963483,28990
9509430,229,Active,26,13,2014-01-30 00:40:06.969351,28990
9509431,230,Active,12,22,2014-01-30 00:40:06.975553,28990
9509432,231,Active,0,38,2014-01-30 00:40:06.997712,28990
9509433,232,Active,0,35,2014-01-30 00:40:07.004453,28990
9509434,233,Active,1,58,2014-01-30 00:40:07.010467,28990
9509435,234,Active,0,31,2014-01-30 00:40:07.017098,28990
9509436,235,Active,30,18,2014-01-30 00:40:07.023729,28990
9509437,236,Active,4,19,2014-01-30 00:40:07.047899,28990
9509438,237,Active,20,19,2014-01-30 00:40:07.053935,28990
9509439,238,Active,5,42,2014-01-30 00:40:07.061076,28990
9509440,239,Active,6,17,2014-01-30 00:40:07.066354,28990
9509441,240,Active,20,38,2014-01-30 00:40:07.071909,28990
9509442,241,Inactive,0,39,2014-01-30 00:40:07.076838,28990
9509443,242,Active,19,15,2014-01-30 00:40:07.083006,28990
9509444,243,Active,16,18,2014-01-30 00:40:07.104238,28990
9509445,244,Active,14,45,2014-01-30 00:40:07.11048,28990
9509446,245,Active,1,51,2014-01-30 00:40:07.116447,28990
9509447,246,Active,6,31,2014-01-30 00:40:07.122236,28990
9509448,247,Active,17,10,2014-01-30 00:40:07.128111,28990
9509449,248,Active,7,34,2014-01-30 00:40:07.151431,28990
9509450,249,Active,4,38,2014-01-30 00:40:07.156967,28990
9509451,250,Active,6,39,2014-01-30 00:40:07.162239,28990
9509452,251,Active,12,24,2014-01-30 00:40:07.168143,28990
9509453,252,Active,27,19,2014-01-30 00:40:07.178074,28990
9509454,253,Active,58,1,2014-01-30 00:40:07.201084,28990
9509455,254,Active,8,23,2014-01-30 00:40:07.209991,28990
9509456,255,Active,29,2,2014-01-30 00:40:07.215951,28990
9509457,256,Active,15,12,2014-01-30 00:40:07.221091,28990
9509458,257,Active,15,10,2014-01-30 00:40:07.22613,28990
9509459,258,Active,37,2,2014-01-30 00:40:07.23124,28990
9509460,259,Active,23,11,2014-01-30 00:40:07.237176,28990
9509461,260,Active,2,41,2014-01-30 00:40:07.243723,28990
9509462,261,Active,1,38,2014-01-30 00:40:07.249361,28990
9509463,262,Active,9,30,2014-01-30 00:40:07.254684,28990
9509464,263,Active,25,10,2014-01-30 00:40:07.259893,28990
9509465,264,Active,39,0,2014-01-30 00:40:07.264645,28990
9509466,265,Active,23,14,2014-01-30 00:40:07.269613,28990
9509467,266,Active,58,1,2014-01-30 00:40:07.274465,28990
9509468,267,Active,5,47,2014-01-30 00:40:07.279325,28990
9509469,268,Active,46,2,2014-01-30 00:40:07.284577,28990
9509470,269,Active,8,26,2014-01-30 00:40:07.290667,28990
9509471,270,Active,21,14,2014-01-30 00:40:07.295781,28990
9509472,271,Active,14,11,2014-01-30 00:40:07.300841,28990
9509473,272,Active,29,16,2014-01-30 00:40:07.305984,28990
9509474,273,Active,37,22,2014-01-30 00:40:07.310859,28990
9509475,274,Active,13,17,2014-01-30 00:40:07.316259,28990
9509476,275,Active,18,17,2014-01-30 00:40:07.321222,28990
9509477,276,Active,1,42,2014-01-30 00:40:07.345466,28990
9509478,277,Active,41,2,2014-01-30 00:40:07.351409,28990
9509479,330,Active,3,27,2014-01-30 00:40:07.357305,28990
9509480,278,Active,8,20,2014-01-30 00:40:07.362817,28990
9509481,279,Active,2,41,2014-01-30 00:40:07.394596,28990
9509482,280,Active,21,15,2014-01-30 00:40:07.401805,28990
9509483,281,Active,12,34,2014-01-30 00:40:07.410202,28990
9509484,282,Active,5,19,2014-01-30 00:40:07.41651,28990
9509485,283,Active,15,21,2014-01-30 00:40:07.422279,28990
9509486,284,Active,1,50,2014-01-30 00:40:07.427407,28990
9509487,285,Active,8,23,2014-01-30 00:40:07.432669,28990
9509488,286,Active,1,25,2014-01-30 00:40:07.437758,28990
9509489,287,Active,1,26,2014-01-30 00:40:07.442605,28990
9509490,288,Active,42,11,2014-01-30 00:40:07.4486,28990
9509491,289,Active,32,2,2014-01-30 00:40:07.453772,28990
9509492,290,Active,2,36,2014-01-30 00:40:07.45872,28990
9509493,291,Active,1,54,2014-01-30 00:40:07.46341,28990
9509494,292,Active,0,38,2014-01-30 00:40:07.468592,28990
9509495,293,Active,20,38,2014-01-30 00:40:07.473561,28990
9509496,294,Active,1,38,2014-01-30 00:40:07.478458,28990
9509497,295,Active,60,4,2014-01-30 00:40:07.483087,28990
9509498,296,Active,17,34,2014-01-30 00:40:07.48811,28990
9509499,297,Active,50,0,2014-01-30 00:40:07.492994,28990
9509500,298,Active,24,32,2014-01-30 00:40:07.498242,28990
9509501,299,Active,24,15,2014-01-30 00:40:07.503647,28990
9509502,300,Active,18,22,2014-01-30 00:40:07.509007,28990
9509503,301,Active,3,56,2014-01-30 00:40:07.514483,28990
9509504,302,Active,37,2,2014-01-30 00:40:07.51972,28990
9509505,303,Active,39,1,2014-01-30 00:40:07.524468,28990
9509506,305,Active,19,19,2014-01-30 00:40:07.52958,28990
9509507,306,Active,37,6,2014-01-30 00:40:07.534415,28990
9509508,307,Inactive,0,50,2014-01-30 00:40:07.540105,28990
9509509,308,Active,2,28,2014-01-30 00:40:07.563227,28990
9509510,309,Active,3,25,2014-01-30 00:40:07.568695,28990
9509511,310,Active,18,21,2014-01-30 00:40:07.573964,28990
9509512,311,Active,0,37,2014-01-30 00:40:07.579078,28990
9509513,312,Active,26,5,2014-01-30 00:40:07.584081,28990
9509514,313,Active,5,32,2014-01-30 00:40:07.590341,28990
9509515,314,Active,12,14,2014-01-30 00:40:07.612652,28990
9509516,315,Active,1,36,2014-01-30 00:40:07.62126,28990
9509517,316,Active,23,7,2014-01-30 00:40:07.626318,28990
9509518,317,Active,10,5,2014-01-30 00:40:07.631109,28990
9509519,318,Active,17,10,2014-01-30 00:40:07.636212,28990
9509520,319,Active,12,18,2014-01-30 00:40:07.641224,28990
9509521,320,Active,5,31,2014-01-30 00:40:07.646698,28990
9509522,321,Active,11,1,2014-01-30 00:40:07.651435,28990
9509523,322,Active,16,33,2014-01-30 00:40:07.656268,28990
9509524,332,Active,11,12,2014-01-30 00:40:07.661088,28990
9509525,327,Active,12,23,2014-01-30 00:40:07.6659,28990
9509526,328,Active,15,24,2014-01-30 00:40:07.670666,28990
9509527,331,Active,1,35,2014-01-30 00:40:07.675402,28990
9509528,323,Active,0,39,2014-01-30 00:40:07.680052,28990
9509529,324,Active,41,2,2014-01-30 00:40:07.684871,28990
9509530,329,Active,26,6,2014-01-30 00:40:07.689972,28990
9509531,325,Active,2,32,2014-01-30 00:40:07.694773,28990
9509532,326,Active,10,14,2014-01-30 00:40:07.699572,28990
9509533,1,Active,9,30,2014-01-30 00:50:05.718099,28991
9509534,2,Active,11,22,2014-01-30 00:50:05.728065,28991
9509535,3,Active,16,9,2014-01-30 00:50:05.733495,28991
9509536,4,Active,33,28,2014-01-30 00:50:05.739045,28991
9509537,5,Active,18,20,2014-01-30 00:50:05.743539,28991
9509538,6,Active,5,13,2014-01-30 00:50:05.747852,28991
9509539,7,Active,3,16,2014-01-30 00:50:05.752262,28991
9509540,8,Active,18,13,2014-01-30 00:50:05.756495,28991
9509541,9,Active,20,10,2014-01-30 00:50:05.760923,28991
9509542,10,Active,7,39,2014-01-30 00:50:05.765886,28991
9509543,11,Active,6,18,2014-01-30 00:50:05.769921,28991
9509544,12,Active,1,18,2014-01-30 00:50:05.774913,28991
9509545,13,Active,11,28,2014-01-30 00:50:05.779089,28991
9509546,14,Active,19,13,2014-01-30 00:50:05.783496,28991
9509547,15,Active,2,29,2014-01-30 00:50:05.787719,28991
9509548,16,Active,16,16,2014-01-30 00:50:05.791942,28991
9509549,17,Active,14,13,2014-01-30 00:50:05.796876,28991
9509550,18,Active,0,54,2014-01-30 00:50:05.801226,28991
9509551,19,Active,10,13,2014-01-30 00:50:05.80597,28991
9509552,20,Active,13,12,2014-01-30 00:50:05.810371,28991
9509553,21,Active,24,10,2014-01-30 00:50:05.815031,28991
9509554,22,Active,7,40,2014-01-30 00:50:05.81967,28991
9509555,23,Active,25,19,2014-01-30 00:50:05.823953,28991
9509556,24,Active,3,41,2014-01-30 00:50:05.828249,28991
9509557,25,Active,1,48,2014-01-30 00:50:05.833775,28991
9509558,26,Active,6,24,2014-01-30 00:50:05.838216,28991
9509559,27,Active,4,41,2014-01-30 00:50:05.842615,28991
9509560,28,Active,2,24,2014-01-30 00:50:05.846746,28991
9509561,29,Active,4,19,2014-01-30 00:50:05.851022,28991
9509562,30,Active,28,11,2014-01-30 00:50:05.855163,28991
9509563,31,Active,13,25,2014-01-30 00:50:05.859066,28991
9509564,32,Active,32,1,2014-01-30 00:50:05.863111,28991
9509565,33,Active,4,27,2014-01-30 00:50:05.867224,28991
9509566,34,Active,6,30,2014-01-30 00:50:05.871865,28991
9509567,35,Active,3,51,2014-01-30 00:50:05.876229,28991
9509568,36,Active,17,9,2014-01-30 00:50:05.880366,28991
9509569,37,Active,10,12,2014-01-30 00:50:05.884858,28991
9509570,38,Active,1,38,2014-01-30 00:50:05.889968,28991
9509571,39,Active,2,36,2014-01-30 00:50:05.894226,28991
9509572,40,Active,25,14,2014-01-30 00:50:05.899203,28991
9509573,41,Active,22,8,2014-01-30 00:50:05.903616,28991
9509574,42,Active,14,17,2014-01-30 00:50:05.907802,28991
9509575,43,Active,7,15,2014-01-30 00:50:05.912247,28991
9509576,44,Active,10,11,2014-01-30 00:50:05.916553,28991
9509577,45,Inactive,0,3,2014-01-30 00:50:05.920532,28991
9509578,46,Active,3,28,2014-01-30 00:50:05.925642,28991
9509579,47,Active,1,22,2014-01-30 00:50:05.929707,28991
9509580,48,Active,18,1,2014-01-30 00:50:05.933729,28991
9509581,49,Active,7,15,2014-01-30 00:50:05.938378,28991
9509582,50,Active,4,23,2014-01-30 00:50:05.942314,28991
9509583,51,Active,12,28,2014-01-30 00:50:05.946771,28991
9509584,52,Active,18,8,2014-01-30 00:50:05.950879,28991
9509585,53,Active,21,12,2014-01-30 00:50:05.957564,28991
9509586,54,Inactive,0,47,2014-01-30 00:50:05.961623,28991
9509587,55,Active,27,1,2014-01-30 00:50:05.966892,28991
9509588,56,Active,24,15,2014-01-30 00:50:05.994452,28991
9509589,57,Active,5,18,2014-01-30 00:50:05.999763,28991
9509590,58,Active,15,24,2014-01-30 00:50:06.010131,28991
9509591,59,Active,8,27,2014-01-30 00:50:06.018855,28991
9509592,60,Active,1,26,2014-01-30 00:50:06.029513,28991
9509593,61,Active,4,20,2014-01-30 00:50:06.035534,28991
9509594,62,Active,18,13,2014-01-30 00:50:06.044718,28991
9509595,63,Active,14,11,2014-01-30 00:50:06.049774,28991
9509596,64,Active,24,9,2014-01-30 00:50:06.055129,28991
9509597,65,Active,4,20,2014-01-30 00:50:06.060089,28991
9509598,66,Inactive,0,33,2014-01-30 00:50:06.065804,28991
9509599,67,Active,15,12,2014-01-30 00:50:06.070971,28991
9509600,68,Active,7,16,2014-01-30 00:50:06.07631,28991
9509601,69,Active,24,13,2014-01-30 00:50:06.081213,28991
9509602,70,Active,8,22,2014-01-30 00:50:06.086843,28991
9509603,71,Active,2,17,2014-01-30 00:50:06.092247,28991
9509604,72,Active,7,17,2014-01-30 00:50:06.097454,28991
9509605,73,Active,5,14,2014-01-30 00:50:06.102157,28991
9509606,74,Active,8,11,2014-01-30 00:50:06.106809,28991
9509607,75,Active,22,9,2014-01-30 00:50:06.11387,28991
9509608,76,Active,20,39,2014-01-30 00:50:06.118494,28991
9509609,77,Active,23,3,2014-01-30 00:50:06.123217,28991
9509610,78,Active,39,4,2014-01-30 00:50:06.127814,28991
9509611,79,Active,37,8,2014-01-30 00:50:06.132785,28991
9509612,80,Active,4,15,2014-01-30 00:50:06.138023,28991
9509613,81,Active,10,18,2014-01-30 00:50:06.142916,28991
9509614,82,Active,0,20,2014-01-30 00:50:06.14791,28991
9509615,83,Active,23,28,2014-01-30 00:50:06.152547,28991
9509616,84,Active,23,8,2014-01-30 00:50:06.157678,28991
9509617,85,Active,5,19,2014-01-30 00:50:06.163123,28991
9509618,86,Active,33,1,2014-01-30 00:50:06.168363,28991
9509619,87,Active,18,9,2014-01-30 00:50:06.173432,28991
9509620,88,Active,14,20,2014-01-30 00:50:06.178061,28991
9509621,89,Active,8,45,2014-01-30 00:50:06.182848,28991
9509622,90,Active,10,27,2014-01-30 00:50:06.187594,28991
9509623,91,Active,13,10,2014-01-30 00:50:06.192563,28991
9509624,92,Active,25,6,2014-01-30 00:50:06.197306,28991
9509625,93,Active,14,21,2014-01-30 00:50:06.20201,28991
9509626,94,Active,10,23,2014-01-30 00:50:06.206785,28991
9509627,95,Active,7,30,2014-01-30 00:50:06.211417,28991
9509628,96,Active,9,22,2014-01-30 00:50:06.216336,28991
9509629,97,Active,23,3,2014-01-30 00:50:06.221073,28991
9509630,98,Active,8,32,2014-01-30 00:50:06.22818,28991
9509631,99,Active,19,17,2014-01-30 00:50:06.232962,28991
9509632,100,Active,0,29,2014-01-30 00:50:06.237729,28991
9509633,101,Active,14,17,2014-01-30 00:50:06.243689,28991
9509634,102,Active,6,17,2014-01-30 00:50:06.248779,28991
9509635,103,Active,0,38,2014-01-30 00:50:06.254109,28991
9509636,104,Active,21,8,2014-01-30 00:50:06.258936,28991
9509637,105,Active,9,33,2014-01-30 00:50:06.26398,28991
9509638,106,Active,22,4,2014-01-30 00:50:06.269163,28991
9509639,107,Active,18,13,2014-01-30 00:50:06.275152,28991
9509640,108,Active,10,25,2014-01-30 00:50:06.280121,28991
9509641,109,Active,9,30,2014-01-30 00:50:06.284731,28991
9509642,110,Inactive,0,3,2014-01-30 00:50:06.289434,28991
9509643,111,Active,3,28,2014-01-30 00:50:06.293773,28991
9509644,112,Active,11,28,2014-01-30 00:50:06.320845,28991
9509645,113,Active,34,17,2014-01-30 00:50:06.326639,28991
9509646,114,Active,14,21,2014-01-30 00:50:06.331427,28991
9509647,115,Active,13,14,2014-01-30 00:50:06.336171,28991
9509648,116,Active,20,19,2014-01-30 00:50:06.34088,28991
9509649,117,Active,2,21,2014-01-30 00:50:06.345636,28991
9509650,118,Active,3,28,2014-01-30 00:50:06.350286,28991
9509651,119,Active,19,19,2014-01-30 00:50:06.355033,28991
9509652,120,Active,1,26,2014-01-30 00:50:06.359724,28991
9509653,121,Active,3,21,2014-01-30 00:50:06.364681,28991
9509654,122,Active,21,9,2014-01-30 00:50:06.369464,28991
9509655,123,Active,15,12,2014-01-30 00:50:06.374446,28991
9509656,124,Active,29,6,2014-01-30 00:50:06.379464,28991
9509657,125,Active,16,21,2014-01-30 00:50:06.384433,28991
9509658,126,Active,0,24,2014-01-30 00:50:06.390445,28991
9509659,127,Active,9,17,2014-01-30 00:50:06.395737,28991
9509660,128,Active,6,12,2014-01-30 00:50:06.400274,28991
9509661,129,Active,9,20,2014-01-30 00:50:06.405145,28991
9509662,130,Active,1,22,2014-01-30 00:50:06.41034,28991
9509663,131,Active,1,22,2014-01-30 00:50:06.415296,28991
9509664,132,Active,33,1,2014-01-30 00:50:06.420111,28991
9509665,133,Active,23,4,2014-01-30 00:50:06.425986,28991
9509666,134,Active,18,15,2014-01-30 00:50:06.430956,28991
9509667,135,Active,30,12,2014-01-30 00:50:06.435986,28991
9509668,136,Active,0,23,2014-01-30 00:50:06.440657,28991
9509669,137,Active,10,18,2014-01-30 00:50:06.445698,28991
9509670,138,Active,22,17,2014-01-30 00:50:06.450688,28991
9509671,139,Active,4,32,2014-01-30 00:50:06.455399,28991
9509672,140,Active,1,26,2014-01-30 00:50:06.460166,28991
9509673,141,Active,14,17,2014-01-30 00:50:06.464874,28991
9509674,142,Active,34,8,2014-01-30 00:50:06.469434,28991
9509675,143,Active,11,12,2014-01-30 00:50:06.474273,28991
9509676,144,Active,9,18,2014-01-30 00:50:06.478927,28991
9509677,145,Active,31,5,2014-01-30 00:50:06.483611,28991
9509678,146,Active,1,54,2014-01-30 00:50:06.488378,28991
9509679,147,Active,3,36,2014-01-30 00:50:06.493626,28991
9509680,148,Active,7,35,2014-01-30 00:50:06.498421,28991
9509681,149,Inactive,0,57,2014-01-30 00:50:06.504071,28991
9509682,150,Active,17,32,2014-01-30 00:50:06.509261,28991
9509683,151,Active,4,22,2014-01-30 00:50:06.514416,28991
9509684,152,Active,15,15,2014-01-30 00:50:06.519343,28991
9509685,153,Active,13,20,2014-01-30 00:50:06.524401,28991
9509686,154,Active,4,30,2014-01-30 00:50:06.530105,28991
9509687,155,Active,36,3,2014-01-30 00:50:06.538116,28991
9509688,156,Active,15,20,2014-01-30 00:50:06.543027,28991
9509689,157,Active,6,21,2014-01-30 00:50:06.547868,28991
9509690,158,Active,12,7,2014-01-30 00:50:06.553229,28991
9509691,159,Active,24,4,2014-01-30 00:50:06.55814,28991
9509692,160,Active,5,38,2014-01-30 00:50:06.563039,28991
9509693,161,Active,30,16,2014-01-30 00:50:06.568393,28991
9509694,162,Active,38,3,2014-01-30 00:50:06.573213,28991
9509695,163,Active,12,26,2014-01-30 00:50:06.57832,28991
9509696,164,Active,35,1,2014-01-30 00:50:06.583417,28991
9509697,165,Active,28,9,2014-01-30 00:50:06.588267,28991
9509698,166,Active,2,29,2014-01-30 00:50:06.593256,28991
9509699,167,Active,5,24,2014-01-30 00:50:06.59857,28991
9509700,168,Active,18,24,2014-01-30 00:50:06.625311,28991
9509701,169,Active,0,39,2014-01-30 00:50:06.63092,28991
9509702,170,Active,3,32,2014-01-30 00:50:06.636038,28991
9509703,171,Active,10,17,2014-01-30 00:50:06.640801,28991
9509704,172,Active,9,22,2014-01-30 00:50:06.645538,28991
9509705,173,Active,5,26,2014-01-30 00:50:06.650408,28991
9509706,174,Active,27,5,2014-01-30 00:50:06.655285,28991
9509707,175,Active,10,21,2014-01-30 00:50:06.660293,28991
9509708,176,Active,6,26,2014-01-30 00:50:06.665033,28991
9509709,177,Active,14,16,2014-01-30 00:50:06.673823,28991
9509710,178,Active,3,22,2014-01-30 00:50:06.67915,28991
9509711,179,Active,5,22,2014-01-30 00:50:06.684023,28991
9509712,180,Active,20,11,2014-01-30 00:50:06.688818,28991
9509713,181,Active,4,22,2014-01-30 00:50:06.694944,28991
9509714,182,Active,2,13,2014-01-30 00:50:06.699918,28991
9509715,183,Active,7,33,2014-01-30 00:50:06.704762,28991
9509716,184,Active,1,37,2014-01-30 00:50:06.709585,28991
9509717,185,Active,27,4,2014-01-30 00:50:06.715052,28991
9509718,186,Active,21,17,2014-01-30 00:50:06.719808,28991
9509719,187,Active,5,35,2014-01-30 00:50:06.72464,28991
9509720,188,Active,5,29,2014-01-30 00:50:06.729434,28991
9509721,189,Active,4,39,2014-01-30 00:50:06.734262,28991
9509722,190,Active,12,11,2014-01-30 00:50:06.739274,28991
9509723,191,Active,4,15,2014-01-30 00:50:06.743853,28991
9509724,192,Active,30,5,2014-01-30 00:50:06.74863,28991
9509725,193,Active,5,18,2014-01-30 00:50:06.753362,28991
9509726,194,Active,5,24,2014-01-30 00:50:06.757994,28991
9509727,195,Active,14,10,2014-01-30 00:50:06.763058,28991
9509728,196,Active,11,31,2014-01-30 00:50:06.768064,28991
9509729,197,Active,4,27,2014-01-30 00:50:06.772931,28991
9509730,198,Active,23,21,2014-01-30 00:50:06.777944,28991
9509731,199,Active,6,17,2014-01-30 00:50:06.78273,28991
9509732,200,Active,1,22,2014-01-30 00:50:06.789979,28991
9509733,201,Active,0,23,2014-01-30 00:50:06.79478,28991
9509734,202,Active,3,16,2014-01-30 00:50:06.799752,28991
9509735,203,Active,7,48,2014-01-30 00:50:06.805208,28991
9509736,204,Active,1,38,2014-01-30 00:50:06.811058,28991
9509737,205,Active,10,19,2014-01-30 00:50:06.816042,28991
9509738,206,Active,10,49,2014-01-30 00:50:06.820977,28991
9509739,207,Active,5,25,2014-01-30 00:50:06.826072,28991
9509740,208,Active,10,16,2014-01-30 00:50:06.831137,28991
9509741,209,Active,10,20,2014-01-30 00:50:06.836443,28991
9509742,210,Active,12,17,2014-01-30 00:50:06.841668,28991
9509743,211,Active,5,34,2014-01-30 00:50:06.846735,28991
9509744,212,Active,25,0,2014-01-30 00:50:06.851685,28991
9509745,213,Active,2,45,2014-01-30 00:50:06.856652,28991
9509746,214,Active,0,27,2014-01-30 00:50:06.861778,28991
9509747,215,Active,0,27,2014-01-30 00:50:06.866745,28991
9509748,216,Active,14,12,2014-01-30 00:50:06.871716,28991
9509749,217,Active,9,29,2014-01-30 00:50:06.876749,28991
9509750,218,Active,1,31,2014-01-30 00:50:06.88253,28991
9509751,219,Active,33,2,2014-01-30 00:50:06.887269,28991
9509752,220,Active,1,49,2014-01-30 00:50:06.892186,28991
9509753,221,Active,13,10,2014-01-30 00:50:06.897341,28991
9509754,222,Active,17,35,2014-01-30 00:50:06.90587,28991
9509755,223,Active,21,21,2014-01-30 00:50:06.910566,28991
9509756,224,Active,21,17,2014-01-30 00:50:06.938665,28991
9509757,225,Active,8,23,2014-01-30 00:50:06.944105,28991
9509758,226,Active,18,13,2014-01-30 00:50:06.94878,28991
9509759,227,Active,8,22,2014-01-30 00:50:06.953961,28991
9509760,228,Active,5,53,2014-01-30 00:50:06.958776,28991
9509761,229,Active,27,12,2014-01-30 00:50:06.963712,28991
9509762,230,Active,13,21,2014-01-30 00:50:06.968555,28991
9509763,231,Active,0,38,2014-01-30 00:50:06.973455,28991
9509764,232,Active,0,35,2014-01-30 00:50:06.978386,28991
9509765,233,Active,3,56,2014-01-30 00:50:06.983849,28991
9509766,234,Active,0,31,2014-01-30 00:50:06.988769,28991
9509767,235,Active,30,18,2014-01-30 00:50:06.993653,28991
9509768,236,Active,4,19,2014-01-30 00:50:06.998512,28991
9509769,237,Active,20,19,2014-01-30 00:50:07.003391,28991
9509770,238,Active,5,42,2014-01-30 00:50:07.007916,28991
9509771,239,Active,5,18,2014-01-30 00:50:07.01286,28991
9509772,240,Active,21,37,2014-01-30 00:50:07.018079,28991
9509892,29,Active,4,19,2014-01-30 01:00:05.565935,28992
9509773,241,Inactive,0,39,2014-01-30 00:50:07.022866,28991
9509774,242,Active,18,16,2014-01-30 00:50:07.028621,28991
9509775,243,Active,16,18,2014-01-30 00:50:07.033762,28991
9509776,244,Active,15,44,2014-01-30 00:50:07.041932,28991
9509777,245,Active,1,51,2014-01-30 00:50:07.047511,28991
9509778,246,Active,5,32,2014-01-30 00:50:07.052288,28991
9509779,247,Active,17,10,2014-01-30 00:50:07.057014,28991
9509780,248,Active,4,37,2014-01-30 00:50:07.061926,28991
9509781,249,Active,3,39,2014-01-30 00:50:07.066912,28991
9509782,250,Active,5,40,2014-01-30 00:50:07.071611,28991
9509783,251,Active,12,24,2014-01-30 00:50:07.076457,28991
9509784,252,Active,26,20,2014-01-30 00:50:07.081283,28991
9509785,253,Active,59,0,2014-01-30 00:50:07.086176,28991
9509786,254,Active,9,22,2014-01-30 00:50:07.091174,28991
9509787,255,Active,29,2,2014-01-30 00:50:07.096294,28991
9509788,256,Active,16,11,2014-01-30 00:50:07.101522,28991
9509789,257,Active,16,9,2014-01-30 00:50:07.106314,28991
9509790,258,Active,35,4,2014-01-30 00:50:07.111324,28991
9509791,259,Active,24,10,2014-01-30 00:50:07.116144,28991
9509792,260,Active,3,40,2014-01-30 00:50:07.121194,28991
9509793,261,Active,1,38,2014-01-30 00:50:07.126124,28991
9509794,262,Active,8,31,2014-01-30 00:50:07.13139,28991
9509795,263,Active,28,7,2014-01-30 00:50:07.136566,28991
9509796,264,Active,38,1,2014-01-30 00:50:07.141824,28991
9509797,265,Active,22,15,2014-01-30 00:50:07.146602,28991
9509798,266,Active,58,1,2014-01-30 00:50:07.151352,28991
9509799,267,Active,4,48,2014-01-30 00:50:07.157803,28991
9509800,268,Active,44,4,2014-01-30 00:50:07.162906,28991
9509801,269,Active,9,25,2014-01-30 00:50:07.168428,28991
9509802,270,Active,22,13,2014-01-30 00:50:07.173603,28991
9509803,271,Active,13,12,2014-01-30 00:50:07.179426,28991
9509804,272,Active,30,15,2014-01-30 00:50:07.184854,28991
9509805,273,Active,35,24,2014-01-30 00:50:07.19047,28991
9509806,274,Active,14,16,2014-01-30 00:50:07.195805,28991
9509807,275,Active,18,17,2014-01-30 00:50:07.201165,28991
9509808,276,Active,1,42,2014-01-30 00:50:07.206708,28991
9509809,277,Active,42,1,2014-01-30 00:50:07.212384,28991
9509810,330,Active,6,24,2014-01-30 00:50:07.217736,28991
9509811,278,Active,8,20,2014-01-30 00:50:07.223023,28991
9509812,279,Active,5,38,2014-01-30 00:50:07.251141,28991
9509813,280,Active,21,15,2014-01-30 00:50:07.25623,28991
9509814,281,Active,12,34,2014-01-30 00:50:07.261254,28991
9509815,282,Active,6,18,2014-01-30 00:50:07.265914,28991
9509816,283,Active,15,21,2014-01-30 00:50:07.270599,28991
9509817,284,Active,2,49,2014-01-30 00:50:07.275461,28991
9509818,285,Active,7,24,2014-01-30 00:50:07.280154,28991
9509819,286,Active,2,24,2014-01-30 00:50:07.28481,28991
9509820,287,Active,2,25,2014-01-30 00:50:07.289833,28991
9509821,288,Active,42,11,2014-01-30 00:50:07.298164,28991
9509822,289,Active,32,2,2014-01-30 00:50:07.303143,28991
9509823,290,Active,3,35,2014-01-30 00:50:07.310069,28991
9509824,291,Active,1,54,2014-01-30 00:50:07.315123,28991
9509825,292,Active,1,37,2014-01-30 00:50:07.319885,28991
9509826,293,Active,18,40,2014-01-30 00:50:07.324577,28991
9509827,294,Active,1,38,2014-01-30 00:50:07.329186,28991
9509828,295,Active,62,2,2014-01-30 00:50:07.334168,28991
9509829,296,Active,16,35,2014-01-30 00:50:07.338837,28991
9509830,297,Active,51,0,2014-01-30 00:50:07.343795,28991
9509831,298,Active,25,31,2014-01-30 00:50:07.348808,28991
9509832,299,Active,24,15,2014-01-30 00:50:07.35376,28991
9509833,300,Active,18,22,2014-01-30 00:50:07.358462,28991
9509834,301,Active,3,56,2014-01-30 00:50:07.36319,28991
9509835,302,Active,35,4,2014-01-30 00:50:07.367819,28991
9509836,303,Active,38,2,2014-01-30 00:50:07.372573,28991
9509837,305,Active,20,18,2014-01-30 00:50:07.377302,28991
9509838,306,Active,38,5,2014-01-30 00:50:07.382069,28991
9509839,307,Inactive,0,50,2014-01-30 00:50:07.387162,28991
9509840,308,Active,2,28,2014-01-30 00:50:07.391836,28991
9509841,309,Active,1,27,2014-01-30 00:50:07.396699,28991
9509842,310,Active,18,21,2014-01-30 00:50:07.401911,28991
9509843,311,Active,0,37,2014-01-30 00:50:07.406657,28991
9509844,312,Active,25,6,2014-01-30 00:50:07.411282,28991
9509845,313,Active,5,32,2014-01-30 00:50:07.418143,28991
9509846,314,Active,11,15,2014-01-30 00:50:07.422813,28991
9509847,315,Active,1,36,2014-01-30 00:50:07.427809,28991
9509848,316,Active,22,8,2014-01-30 00:50:07.432843,28991
9509849,317,Active,10,5,2014-01-30 00:50:07.438248,28991
9509850,318,Active,17,10,2014-01-30 00:50:07.443198,28991
9509851,319,Active,11,19,2014-01-30 00:50:07.447937,28991
9509852,320,Active,5,31,2014-01-30 00:50:07.452637,28991
9509853,321,Active,12,0,2014-01-30 00:50:07.457359,28991
9509854,322,Active,16,33,2014-01-30 00:50:07.462329,28991
9509855,332,Active,11,13,2014-01-30 00:50:07.46702,28991
9509856,327,Active,12,23,2014-01-30 00:50:07.471696,28991
9509857,328,Active,15,24,2014-01-30 00:50:07.476605,28991
9509858,331,Active,1,35,2014-01-30 00:50:07.481572,28991
9509859,323,Active,0,39,2014-01-30 00:50:07.486239,28991
9509860,324,Active,41,2,2014-01-30 00:50:07.490959,28991
9509861,329,Active,27,5,2014-01-30 00:50:07.496044,28991
9509862,325,Active,2,32,2014-01-30 00:50:07.500922,28991
9509863,326,Active,10,14,2014-01-30 00:50:07.506047,28991
9509864,1,Active,9,30,2014-01-30 01:00:05.443636,28992
9509865,2,Active,10,23,2014-01-30 01:00:05.45204,28992
9509866,3,Active,16,9,2014-01-30 01:00:05.456332,28992
9509867,4,Active,33,28,2014-01-30 01:00:05.460843,28992
9509868,5,Active,17,21,2014-01-30 01:00:05.465155,28992
9509869,6,Active,5,13,2014-01-30 01:00:05.469278,28992
9509870,7,Active,3,16,2014-01-30 01:00:05.473525,28992
9509871,8,Active,20,11,2014-01-30 01:00:05.477759,28992
9509872,9,Active,20,10,2014-01-30 01:00:05.482229,28992
9509873,10,Active,6,40,2014-01-30 01:00:05.486444,28992
9509874,11,Active,6,18,2014-01-30 01:00:05.490818,28992
9509875,12,Active,1,18,2014-01-30 01:00:05.494711,28992
9509876,13,Active,10,29,2014-01-30 01:00:05.498874,28992
9509877,14,Active,18,14,2014-01-30 01:00:05.50304,28992
9509878,15,Active,2,29,2014-01-30 01:00:05.507482,28992
9509879,16,Active,17,15,2014-01-30 01:00:05.511802,28992
9509880,17,Active,14,13,2014-01-30 01:00:05.516083,28992
9509881,18,Active,0,54,2014-01-30 01:00:05.520046,28992
9509882,19,Active,10,13,2014-01-30 01:00:05.524474,28992
9509883,20,Active,11,14,2014-01-30 01:00:05.528698,28992
9509884,21,Active,23,11,2014-01-30 01:00:05.533223,28992
9509885,22,Active,7,40,2014-01-30 01:00:05.537198,28992
9509886,23,Active,24,20,2014-01-30 01:00:05.541277,28992
9509887,24,Active,3,41,2014-01-30 01:00:05.54553,28992
9509888,25,Active,1,48,2014-01-30 01:00:05.54952,28992
9509889,26,Active,6,24,2014-01-30 01:00:05.55388,28992
9509890,27,Active,4,41,2014-01-30 01:00:05.557918,28992
9509891,28,Active,2,24,2014-01-30 01:00:05.561984,28992
9509893,30,Active,29,10,2014-01-30 01:00:05.574309,28992
9509894,31,Active,13,25,2014-01-30 01:00:05.578583,28992
9509895,32,Active,30,3,2014-01-30 01:00:05.582479,28992
9509896,33,Active,4,27,2014-01-30 01:00:05.586389,28992
9509897,34,Active,6,30,2014-01-30 01:00:05.590495,28992
9509898,35,Active,3,51,2014-01-30 01:00:05.594473,28992
9509899,36,Active,17,9,2014-01-30 01:00:05.602464,28992
9509900,37,Active,10,12,2014-01-30 01:00:05.606427,28992
9509901,38,Active,1,38,2014-01-30 01:00:05.610526,28992
9509902,39,Active,2,36,2014-01-30 01:00:05.614644,28992
9509903,40,Active,26,13,2014-01-30 01:00:05.619084,28992
9509904,41,Active,23,7,2014-01-30 01:00:05.622882,28992
9509905,42,Active,14,17,2014-01-30 01:00:05.62688,28992
9509906,43,Active,7,15,2014-01-30 01:00:05.631386,28992
9509907,44,Active,10,11,2014-01-30 01:00:05.659474,28992
9509908,45,Inactive,0,3,2014-01-30 01:00:05.66425,28992
9509909,46,Active,3,28,2014-01-30 01:00:05.670778,28992
9509910,47,Active,2,21,2014-01-30 01:00:05.675341,28992
9509911,48,Active,18,1,2014-01-30 01:00:05.679558,28992
9509912,49,Active,7,15,2014-01-30 01:00:05.683837,28992
9509913,50,Active,5,22,2014-01-30 01:00:05.687853,28992
9509914,51,Active,12,28,2014-01-30 01:00:05.692204,28992
9509915,52,Active,17,9,2014-01-30 01:00:05.698267,28992
9509916,53,Active,20,13,2014-01-30 01:00:05.702191,28992
9509917,54,Inactive,0,47,2014-01-30 01:00:05.70655,28992
9509918,55,Active,28,0,2014-01-30 01:00:05.710703,28992
9509919,56,Active,25,14,2014-01-30 01:00:05.739325,28992
9509920,57,Active,5,18,2014-01-30 01:00:05.744817,28992
9509921,58,Active,16,23,2014-01-30 01:00:05.749627,28992
9509922,59,Active,8,27,2014-01-30 01:00:05.754255,28992
9509923,60,Active,1,26,2014-01-30 01:00:05.759357,28992
9509924,61,Active,4,20,2014-01-30 01:00:05.764554,28992
9509925,62,Active,17,14,2014-01-30 01:00:05.769797,28992
9509926,63,Active,14,11,2014-01-30 01:00:05.774739,28992
9509927,64,Active,25,8,2014-01-30 01:00:05.779495,28992
9509928,65,Active,4,20,2014-01-30 01:00:05.784423,28992
9509929,66,Inactive,0,33,2014-01-30 01:00:05.790025,28992
9509930,67,Active,16,11,2014-01-30 01:00:05.795048,28992
9509931,68,Active,7,16,2014-01-30 01:00:05.799896,28992
9509932,69,Active,24,13,2014-01-30 01:00:05.805412,28992
9509933,70,Active,8,22,2014-01-30 01:00:05.810458,28992
9509934,71,Active,2,17,2014-01-30 01:00:05.815934,28992
9509935,72,Active,7,17,2014-01-30 01:00:05.821292,28992
9509936,73,Active,5,14,2014-01-30 01:00:05.826526,28992
9509937,74,Active,8,11,2014-01-30 01:00:05.83528,28992
9509938,75,Active,22,9,2014-01-30 01:00:05.840276,28992
9509939,76,Active,20,39,2014-01-30 01:00:05.845357,28992
9509940,77,Active,23,3,2014-01-30 01:00:05.850093,28992
9509941,78,Active,37,6,2014-01-30 01:00:05.854815,28992
9509942,79,Active,36,8,2014-01-30 01:00:05.860027,28992
9509943,80,Active,5,14,2014-01-30 01:00:05.864773,28992
9509944,81,Active,10,18,2014-01-30 01:00:05.869784,28992
9509945,82,Active,0,20,2014-01-30 01:00:05.874766,28992
9509946,83,Active,26,26,2014-01-30 01:00:05.879872,28992
9509947,84,Active,25,6,2014-01-30 01:00:05.885081,28992
9509948,85,Active,5,19,2014-01-30 01:00:05.889975,28992
9509949,86,Active,33,1,2014-01-30 01:00:05.895054,28992
9509950,87,Active,19,8,2014-01-30 01:00:05.899951,28992
9509951,88,Active,15,19,2014-01-30 01:00:05.905035,28992
9509952,89,Active,8,45,2014-01-30 01:00:05.90962,28992
9509953,90,Active,11,26,2014-01-30 01:00:05.914647,28992
9509954,91,Active,13,10,2014-01-30 01:00:05.919614,28992
9509955,92,Active,24,7,2014-01-30 01:00:05.924398,28992
9509956,93,Active,13,21,2014-01-30 01:00:05.929475,28992
9509957,94,Active,11,22,2014-01-30 01:00:05.934424,28992
9509958,95,Active,8,29,2014-01-30 01:00:05.940295,28992
9509959,96,Active,7,24,2014-01-30 01:00:05.945617,28992
9509960,97,Active,22,4,2014-01-30 01:00:05.952222,28992
9509961,98,Active,7,33,2014-01-30 01:00:05.957291,28992
9509962,99,Active,21,15,2014-01-30 01:00:05.962275,28992
9509963,100,Active,0,29,2014-01-30 01:00:05.967162,28992
9509964,101,Active,17,14,2014-01-30 01:00:05.972057,28992
9509965,102,Active,6,17,2014-01-30 01:00:05.977189,28992
9509966,103,Active,0,38,2014-01-30 01:00:05.982005,28992
9509967,104,Active,22,7,2014-01-30 01:00:05.988583,28992
9509968,105,Active,9,33,2014-01-30 01:00:05.993993,28992
9509969,106,Active,21,5,2014-01-30 01:00:05.999397,28992
9509970,107,Active,16,15,2014-01-30 01:00:06.012321,28992
9509971,108,Active,10,25,2014-01-30 01:00:06.024171,28992
9509972,109,Active,9,30,2014-01-30 01:00:06.029627,28992
9509973,110,Inactive,0,3,2014-01-30 01:00:06.042641,28992
9509974,111,Active,3,28,2014-01-30 01:00:06.047551,28992
9509975,112,Active,12,27,2014-01-30 01:00:06.076432,28992
9509976,113,Active,34,17,2014-01-30 01:00:06.08288,28992
9509977,114,Active,14,21,2014-01-30 01:00:06.091902,28992
9509978,115,Active,13,14,2014-01-30 01:00:06.097362,28992
9509979,116,Active,19,20,2014-01-30 01:00:06.102008,28992
9509980,117,Active,2,21,2014-01-30 01:00:06.107072,28992
9509981,118,Active,4,27,2014-01-30 01:00:06.112516,28992
9509982,119,Active,17,21,2014-01-30 01:00:06.117621,28992
9509983,120,Active,1,26,2014-01-30 01:00:06.122601,28992
9509984,121,Active,3,21,2014-01-30 01:00:06.127907,28992
9509985,122,Active,19,11,2014-01-30 01:00:06.132882,28992
9509986,123,Active,10,17,2014-01-30 01:00:06.137711,28992
9509987,124,Active,30,5,2014-01-30 01:00:06.142355,28992
9509988,125,Active,15,22,2014-01-30 01:00:06.147105,28992
9509989,126,Active,0,24,2014-01-30 01:00:06.151881,28992
9509990,127,Active,9,17,2014-01-30 01:00:06.156806,28992
9509991,128,Active,6,12,2014-01-30 01:00:06.161662,28992
9509992,129,Active,9,20,2014-01-30 01:00:06.16637,28992
9509993,130,Active,1,22,2014-01-30 01:00:06.171117,28992
9509994,131,Active,2,21,2014-01-30 01:00:06.176644,28992
9509995,132,Active,34,0,2014-01-30 01:00:06.182885,28992
9509996,133,Active,24,3,2014-01-30 01:00:06.1878,28992
9509997,134,Active,19,14,2014-01-30 01:00:06.19273,28992
9509998,135,Active,29,13,2014-01-30 01:00:06.19751,28992
9509999,136,Active,1,22,2014-01-30 01:00:06.202772,28992
9510000,137,Active,10,18,2014-01-30 01:00:06.207568,28992
9510001,138,Active,21,18,2014-01-30 01:00:06.212345,28992
9510002,139,Active,3,33,2014-01-30 01:00:06.21813,28992
9510003,140,Active,1,26,2014-01-30 01:00:06.223165,28992
9510004,141,Active,14,17,2014-01-30 01:00:06.227824,28992
9510005,142,Active,36,6,2014-01-30 01:00:06.232696,28992
9510006,143,Active,13,10,2014-01-30 01:00:06.237577,28992
9510007,144,Active,10,17,2014-01-30 01:00:06.242469,28992
9510008,145,Active,33,3,2014-01-30 01:00:06.247325,28992
9510009,146,Active,1,54,2014-01-30 01:00:06.252165,28992
9510010,147,Active,3,36,2014-01-30 01:00:06.257727,28992
9510011,148,Active,7,35,2014-01-30 01:00:06.263084,28992
9510012,149,Inactive,0,57,2014-01-30 01:00:06.268344,28992
9510013,150,Active,17,32,2014-01-30 01:00:06.273666,28992
9510014,151,Active,5,21,2014-01-30 01:00:06.278666,28992
9510015,152,Active,14,16,2014-01-30 01:00:06.283849,28992
9510016,153,Active,13,20,2014-01-30 01:00:06.288777,28992
9510017,154,Active,4,30,2014-01-30 01:00:06.295048,28992
9510018,155,Active,37,2,2014-01-30 01:00:06.300332,28992
9510019,156,Active,16,19,2014-01-30 01:00:06.305147,28992
9510020,157,Active,6,21,2014-01-30 01:00:06.310757,28992
9510021,158,Active,12,7,2014-01-30 01:00:06.315518,28992
9510022,159,Active,23,5,2014-01-30 01:00:06.320417,28992
9510023,160,Active,6,37,2014-01-30 01:00:06.325245,28992
9510024,161,Active,31,15,2014-01-30 01:00:06.330061,28992
9510025,162,Active,39,2,2014-01-30 01:00:06.335066,28992
9510026,163,Active,15,23,2014-01-30 01:00:06.339925,28992
9510027,164,Active,36,0,2014-01-30 01:00:06.344597,28992
9510028,165,Active,28,9,2014-01-30 01:00:06.349464,28992
9510029,166,Active,2,29,2014-01-30 01:00:06.354466,28992
9510030,167,Active,5,24,2014-01-30 01:00:06.359419,28992
9510031,168,Active,16,26,2014-01-30 01:00:06.388665,28992
9510032,169,Active,0,39,2014-01-30 01:00:06.39456,28992
9510033,170,Active,3,32,2014-01-30 01:00:06.399776,28992
9510034,171,Active,11,16,2014-01-30 01:00:06.404642,28992
9510035,172,Active,8,23,2014-01-30 01:00:06.409528,28992
9510036,173,Active,5,26,2014-01-30 01:00:06.414817,28992
9510037,174,Active,26,6,2014-01-30 01:00:06.420083,28992
9510038,175,Active,11,20,2014-01-30 01:00:06.425374,28992
9510039,176,Active,6,26,2014-01-30 01:00:06.431957,28992
9510040,177,Active,14,16,2014-01-30 01:00:06.436794,28992
9510041,178,Active,3,22,2014-01-30 01:00:06.441873,28992
9510042,179,Active,5,22,2014-01-30 01:00:06.446865,28992
9510043,180,Active,20,11,2014-01-30 01:00:06.451711,28992
9510044,181,Active,4,22,2014-01-30 01:00:06.456699,28992
9510045,182,Active,1,14,2014-01-30 01:00:06.461388,28992
9510046,183,Active,7,33,2014-01-30 01:00:06.466512,28992
9510047,184,Active,1,37,2014-01-30 01:00:06.471391,28992
9510048,185,Active,27,4,2014-01-30 01:00:06.475978,28992
9510049,186,Active,22,16,2014-01-30 01:00:06.480996,28992
9510050,187,Active,6,34,2014-01-30 01:00:06.485835,28992
9510051,188,Active,5,29,2014-01-30 01:00:06.490607,28992
9510052,189,Active,4,39,2014-01-30 01:00:06.495112,28992
9510053,190,Active,12,11,2014-01-30 01:00:06.500355,28992
9510054,191,Active,4,15,2014-01-30 01:00:06.505547,28992
9510055,192,Active,30,5,2014-01-30 01:00:06.510166,28992
9510056,193,Active,5,18,2014-01-30 01:00:06.515205,28992
9510057,194,Active,6,23,2014-01-30 01:00:06.520054,28992
9510058,195,Active,14,10,2014-01-30 01:00:06.524629,28992
9510059,196,Active,10,32,2014-01-30 01:00:06.529427,28992
9510060,197,Active,4,27,2014-01-30 01:00:06.534574,28992
9510061,198,Active,25,19,2014-01-30 01:00:06.539264,28992
9510062,199,Active,6,17,2014-01-30 01:00:06.547649,28992
9510063,200,Active,1,22,2014-01-30 01:00:06.552887,28992
9510064,201,Active,0,23,2014-01-30 01:00:06.558096,28992
9510065,202,Active,3,16,2014-01-30 01:00:06.563301,28992
9510066,203,Active,8,47,2014-01-30 01:00:06.568004,28992
9510067,204,Active,1,38,2014-01-30 01:00:06.573245,28992
9510068,205,Active,9,20,2014-01-30 01:00:06.578137,28992
9510069,206,Active,10,49,2014-01-30 01:00:06.583072,28992
9510070,207,Active,4,26,2014-01-30 01:00:06.588124,28992
9510071,208,Active,9,17,2014-01-30 01:00:06.593137,28992
9510072,209,Active,10,20,2014-01-30 01:00:06.597938,28992
9510073,210,Active,13,16,2014-01-30 01:00:06.602819,28992
9510074,211,Active,5,34,2014-01-30 01:00:06.608117,28992
9510075,212,Active,24,1,2014-01-30 01:00:06.612955,28992
9510076,213,Active,3,44,2014-01-30 01:00:06.617748,28992
9510077,214,Active,0,27,2014-01-30 01:00:06.622808,28992
9510078,215,Active,0,27,2014-01-30 01:00:06.628057,28992
9510079,216,Active,15,10,2014-01-30 01:00:06.633283,28992
9510080,217,Active,9,29,2014-01-30 01:00:06.638426,28992
9510081,218,Active,0,32,2014-01-30 01:00:06.643479,28992
9510082,219,Active,33,2,2014-01-30 01:00:06.648185,28992
9510083,220,Active,1,49,2014-01-30 01:00:06.653348,28992
9510084,221,Active,13,10,2014-01-30 01:00:06.658851,28992
9510085,222,Active,16,36,2014-01-30 01:00:06.664387,28992
9510086,223,Active,21,21,2014-01-30 01:00:06.670235,28992
9510087,224,Active,21,17,2014-01-30 01:00:06.699133,28992
9510088,225,Active,7,24,2014-01-30 01:00:06.705396,28992
9510089,226,Active,19,12,2014-01-30 01:00:06.710326,28992
9510090,227,Active,7,23,2014-01-30 01:00:06.715184,28992
9510091,228,Active,4,54,2014-01-30 01:00:06.720335,28992
9510092,229,Active,27,12,2014-01-30 01:00:06.725491,28992
9510093,230,Active,14,20,2014-01-30 01:00:06.730537,28992
9510094,231,Active,1,37,2014-01-30 01:00:06.735337,28992
9510095,232,Active,0,35,2014-01-30 01:00:06.740097,28992
9510096,233,Active,3,56,2014-01-30 01:00:06.745138,28992
9510097,234,Active,0,31,2014-01-30 01:00:06.750303,28992
9510098,235,Active,31,17,2014-01-30 01:00:06.755168,28992
9510099,236,Active,4,19,2014-01-30 01:00:06.760075,28992
9510100,237,Active,21,18,2014-01-30 01:00:06.765212,28992
9510101,238,Active,5,42,2014-01-30 01:00:06.770006,28992
9510102,239,Active,5,18,2014-01-30 01:00:06.775156,28992
9510103,240,Active,21,37,2014-01-30 01:00:06.780081,28992
9510104,241,Inactive,0,39,2014-01-30 01:00:06.785382,28992
9510105,242,Active,19,15,2014-01-30 01:00:06.790486,28992
9510106,243,Active,16,18,2014-01-30 01:00:06.799067,28992
9510107,244,Active,15,44,2014-01-30 01:00:06.804245,28992
9510108,245,Active,0,52,2014-01-30 01:00:06.809113,28992
9510109,246,Active,6,31,2014-01-30 01:00:06.814311,28992
9510110,247,Active,17,10,2014-01-30 01:00:06.819515,28992
9510111,248,Active,4,37,2014-01-30 01:00:06.824614,28992
9510112,249,Active,4,38,2014-01-30 01:00:06.829806,28992
9510113,250,Active,6,39,2014-01-30 01:00:06.83521,28992
9510114,251,Active,13,23,2014-01-30 01:00:06.839872,28992
9510115,252,Active,27,19,2014-01-30 01:00:06.844736,28992
9510116,253,Active,58,1,2014-01-30 01:00:06.849681,28992
9510117,254,Active,9,22,2014-01-30 01:00:06.854716,28992
9510118,255,Active,29,2,2014-01-30 01:00:06.85952,28992
9510119,256,Active,17,10,2014-01-30 01:00:06.86451,28992
9510120,257,Active,16,9,2014-01-30 01:00:06.870425,28992
9510121,258,Active,37,2,2014-01-30 01:00:06.875676,28992
9510122,259,Active,22,12,2014-01-30 01:00:06.880751,28992
9510123,260,Active,2,41,2014-01-30 01:00:06.885846,28992
9510124,261,Active,2,37,2014-01-30 01:00:06.890941,28992
9510125,262,Active,9,30,2014-01-30 01:00:06.895869,28992
9510126,263,Active,28,7,2014-01-30 01:00:06.900831,28992
9510127,264,Active,38,1,2014-01-30 01:00:06.906926,28992
9510128,265,Active,22,15,2014-01-30 01:00:06.912353,28992
9510129,266,Active,58,1,2014-01-30 01:00:06.918664,28992
9510130,267,Active,4,48,2014-01-30 01:00:06.923583,28992
9510131,268,Active,46,2,2014-01-30 01:00:06.928824,28992
9510132,269,Active,10,24,2014-01-30 01:00:06.933943,28992
9510133,270,Active,23,12,2014-01-30 01:00:06.938599,28992
9510134,271,Active,14,11,2014-01-30 01:00:06.943421,28992
9510135,272,Active,30,15,2014-01-30 01:00:06.948284,28992
9510136,273,Active,33,26,2014-01-30 01:00:06.953197,28992
9510137,274,Active,14,16,2014-01-30 01:00:06.958394,28992
9510138,275,Active,20,15,2014-01-30 01:00:06.963239,28992
9510139,276,Active,0,43,2014-01-30 01:00:06.96825,28992
9510140,277,Active,43,0,2014-01-30 01:00:06.973197,28992
9510141,330,Active,6,24,2014-01-30 01:00:06.978184,28992
9510142,278,Active,9,19,2014-01-30 01:00:06.983313,28992
9510143,279,Active,6,37,2014-01-30 01:00:07.014286,28992
9510144,280,Active,21,15,2014-01-30 01:00:07.020042,28992
9510145,281,Active,11,35,2014-01-30 01:00:07.024936,28992
9510146,282,Active,6,18,2014-01-30 01:00:07.029798,28992
9510147,283,Active,17,19,2014-01-30 01:00:07.034484,28992
9510148,284,Active,2,49,2014-01-30 01:00:07.0393,28992
9510149,285,Active,7,24,2014-01-30 01:00:07.044632,28992
9510150,286,Active,3,23,2014-01-30 01:00:07.050218,28992
9510151,287,Active,2,25,2014-01-30 01:00:07.058854,28992
9510152,288,Active,44,9,2014-01-30 01:00:07.064993,28992
9510153,289,Active,30,4,2014-01-30 01:00:07.06987,28992
9510154,290,Active,2,36,2014-01-30 01:00:07.074796,28992
9510155,291,Active,1,54,2014-01-30 01:00:07.079632,28992
9510156,292,Active,5,33,2014-01-30 01:00:07.084352,28992
9510157,293,Active,14,44,2014-01-30 01:00:07.089185,28992
9510158,294,Active,1,38,2014-01-30 01:00:07.093958,28992
9510159,295,Active,63,1,2014-01-30 01:00:07.098786,28992
9510160,296,Active,15,36,2014-01-30 01:00:07.103596,28992
9510161,297,Active,51,0,2014-01-30 01:00:07.108658,28992
9510162,298,Active,24,32,2014-01-30 01:00:07.113725,28992
9510163,299,Active,23,16,2014-01-30 01:00:07.118416,28992
9510164,300,Active,18,22,2014-01-30 01:00:07.123407,28992
9510165,301,Active,5,54,2014-01-30 01:00:07.128851,28992
9510166,302,Active,33,6,2014-01-30 01:00:07.133955,28992
9510167,303,Active,39,1,2014-01-30 01:00:07.139345,28992
9510168,305,Active,20,18,2014-01-30 01:00:07.144911,28992
9510169,306,Active,36,7,2014-01-30 01:00:07.149904,28992
9510170,307,Inactive,0,50,2014-01-30 01:00:07.154638,28992
9510171,308,Active,2,28,2014-01-30 01:00:07.159595,28992
9510172,309,Active,1,27,2014-01-30 01:00:07.164253,28992
9510173,310,Active,18,21,2014-01-30 01:00:07.171167,28992
9510174,311,Active,0,37,2014-01-30 01:00:07.17599,28992
9510175,312,Active,24,7,2014-01-30 01:00:07.180681,28992
9510176,313,Active,5,32,2014-01-30 01:00:07.185426,28992
9510177,314,Active,11,14,2014-01-30 01:00:07.190411,28992
9510178,315,Active,1,36,2014-01-30 01:00:07.195072,28992
9510179,316,Active,18,12,2014-01-30 01:00:07.200135,28992
9510180,317,Active,10,5,2014-01-30 01:00:07.205397,28992
9510181,318,Active,19,8,2014-01-30 01:00:07.210334,28992
9510182,319,Active,11,19,2014-01-30 01:00:07.215182,28992
9510183,320,Active,5,31,2014-01-30 01:00:07.219909,28992
9510184,321,Active,12,0,2014-01-30 01:00:07.225034,28992
9510185,322,Active,16,33,2014-01-30 01:00:07.230154,28992
9510186,332,Active,11,12,2014-01-30 01:00:07.234986,28992
9510187,327,Active,11,24,2014-01-30 01:00:07.241712,28992
9510188,328,Active,14,25,2014-01-30 01:00:07.246924,28992
9510189,331,Active,2,34,2014-01-30 01:00:07.251727,28992
9510190,323,Active,0,39,2014-01-30 01:00:07.256965,28992
9510191,324,Active,42,1,2014-01-30 01:00:07.261852,28992
9510192,329,Active,26,6,2014-01-30 01:00:07.266636,28992
9510193,325,Active,2,32,2014-01-30 01:00:07.2714,28992
9510194,326,Active,10,14,2014-01-30 01:00:07.276201,28992
9510195,1,Active,9,30,2014-01-30 01:10:05.39933,28993
9510196,2,Active,9,24,2014-01-30 01:10:05.428538,28993
9510197,3,Active,16,9,2014-01-30 01:10:05.433187,28993
9510198,4,Active,34,27,2014-01-30 01:10:05.437428,28993
9510199,5,Active,17,21,2014-01-30 01:10:05.443549,28993
9510200,6,Active,5,13,2014-01-30 01:10:05.466254,28993
9510201,7,Active,3,16,2014-01-30 01:10:05.47121,28993
9510202,8,Active,18,13,2014-01-30 01:10:05.475449,28993
9510203,9,Active,20,10,2014-01-30 01:10:05.479502,28993
9510204,10,Active,7,39,2014-01-30 01:10:05.483942,28993
9510205,11,Active,4,20,2014-01-30 01:10:05.488047,28993
9510206,12,Active,0,19,2014-01-30 01:10:05.492157,28993
9510207,13,Active,11,28,2014-01-30 01:10:05.499299,28993
9510208,14,Active,18,14,2014-01-30 01:10:05.503498,28993
9510209,15,Active,1,30,2014-01-30 01:10:05.507907,28993
9510210,16,Active,16,16,2014-01-30 01:10:05.512879,28993
9510211,17,Active,13,14,2014-01-30 01:10:05.518176,28993
9510212,18,Active,0,54,2014-01-30 01:10:05.52487,28993
9510213,19,Active,12,11,2014-01-30 01:10:05.53036,28993
9510214,20,Active,11,14,2014-01-30 01:10:05.534973,28993
9510215,21,Active,24,10,2014-01-30 01:10:05.539561,28993
9510216,22,Active,5,42,2014-01-30 01:10:05.544779,28993
9510217,23,Active,25,19,2014-01-30 01:10:05.549101,28993
9510218,24,Active,4,40,2014-01-30 01:10:05.553106,28993
9510219,25,Active,2,47,2014-01-30 01:10:05.557126,28993
9510220,26,Active,5,25,2014-01-30 01:10:05.561184,28993
9510221,27,Active,3,42,2014-01-30 01:10:05.565186,28993
9510222,28,Active,0,26,2014-01-30 01:10:05.570876,28993
9510223,29,Active,4,19,2014-01-30 01:10:05.575678,28993
9510224,30,Active,29,10,2014-01-30 01:10:05.580962,28993
9510225,31,Active,12,26,2014-01-30 01:10:05.58503,28993
9510226,32,Active,28,5,2014-01-30 01:10:05.589267,28993
9510227,33,Active,4,27,2014-01-30 01:10:05.594022,28993
9510228,34,Active,6,30,2014-01-30 01:10:05.598047,28993
9510229,35,Active,3,51,2014-01-30 01:10:05.603232,28993
9510230,36,Active,17,8,2014-01-30 01:10:05.607174,28993
9510231,37,Active,10,12,2014-01-30 01:10:05.611103,28993
9510232,38,Active,1,38,2014-01-30 01:10:05.61533,28993
9510233,39,Active,1,37,2014-01-30 01:10:05.619778,28993
9510234,40,Active,25,14,2014-01-30 01:10:05.624449,28993
9510235,41,Active,21,9,2014-01-30 01:10:05.628435,28993
9510236,42,Active,14,17,2014-01-30 01:10:05.632698,28993
9510237,43,Active,6,16,2014-01-30 01:10:05.636838,28993
9510238,44,Active,10,11,2014-01-30 01:10:05.641012,28993
9510239,45,Inactive,0,3,2014-01-30 01:10:05.645541,28993
9510240,46,Active,3,28,2014-01-30 01:10:05.651145,28993
9510241,47,Active,2,21,2014-01-30 01:10:05.655127,28993
9510242,48,Active,18,1,2014-01-30 01:10:05.65922,28993
9510243,49,Active,7,16,2014-01-30 01:10:05.663562,28993
9510244,50,Active,6,21,2014-01-30 01:10:05.667891,28993
9510245,51,Active,11,29,2014-01-30 01:10:05.671931,28993
9510246,52,Active,18,8,2014-01-30 01:10:05.676208,28993
9510247,53,Active,20,13,2014-01-30 01:10:05.680161,28993
9510248,54,Inactive,0,47,2014-01-30 01:10:05.684565,28993
9510249,55,Active,28,0,2014-01-30 01:10:05.688525,28993
9510250,56,Active,23,16,2014-01-30 01:10:05.715605,28993
9510251,57,Active,5,18,2014-01-30 01:10:05.720476,28993
9510252,58,Active,16,23,2014-01-30 01:10:05.725458,28993
9510253,59,Active,8,27,2014-01-30 01:10:05.730429,28993
9510254,60,Active,1,26,2014-01-30 01:10:05.735071,28993
9510255,61,Active,3,21,2014-01-30 01:10:05.740322,28993
9510256,62,Active,17,14,2014-01-30 01:10:05.745142,28993
9510257,63,Active,14,11,2014-01-30 01:10:05.751019,28993
9510258,64,Active,25,8,2014-01-30 01:10:05.755751,28993
9510259,65,Active,4,20,2014-01-30 01:10:05.760662,28993
9510260,66,Inactive,0,33,2014-01-30 01:10:05.765667,28993
9510261,67,Active,16,11,2014-01-30 01:10:05.770321,28993
9510262,68,Active,7,16,2014-01-30 01:10:05.775033,28993
9510263,69,Active,23,14,2014-01-30 01:10:05.779822,28993
9510264,70,Active,8,22,2014-01-30 01:10:05.784533,28993
9510265,71,Active,2,17,2014-01-30 01:10:05.789656,28993
9510266,72,Active,7,17,2014-01-30 01:10:05.79556,28993
9510267,73,Active,5,14,2014-01-30 01:10:05.80071,28993
9510268,74,Active,8,11,2014-01-30 01:10:05.80605,28993
9510269,75,Active,23,8,2014-01-30 01:10:05.811207,28993
9510270,76,Active,20,39,2014-01-30 01:10:05.816196,28993
9510271,77,Active,23,3,2014-01-30 01:10:05.821019,28993
9510272,78,Active,37,6,2014-01-30 01:10:05.8266,28993
9510273,79,Active,36,9,2014-01-30 01:10:05.831326,28993
9510274,80,Active,4,15,2014-01-30 01:10:05.836148,28993
9510275,81,Active,11,17,2014-01-30 01:10:05.841461,28993
9510276,82,Active,1,19,2014-01-30 01:10:05.846299,28993
9510277,83,Active,23,28,2014-01-30 01:10:05.85092,28993
9510278,84,Active,24,7,2014-01-30 01:10:05.85574,28993
9510279,85,Active,6,18,2014-01-30 01:10:05.860929,28993
9510280,86,Active,33,1,2014-01-30 01:10:05.866022,28993
9510281,87,Active,21,6,2014-01-30 01:10:05.871019,28993
9510282,88,Active,15,19,2014-01-30 01:10:05.875547,28993
9510283,89,Active,8,45,2014-01-30 01:10:05.880225,28993
9510284,90,Active,11,26,2014-01-30 01:10:05.88502,28993
9510285,91,Active,13,10,2014-01-30 01:10:05.890107,28993
9510286,92,Active,27,4,2014-01-30 01:10:05.89484,28993
9510287,93,Active,14,20,2014-01-30 01:10:05.899512,28993
9510288,94,Active,11,22,2014-01-30 01:10:05.904215,28993
9510289,95,Active,9,28,2014-01-30 01:10:05.910325,28993
9510290,96,Active,6,25,2014-01-30 01:10:05.915255,28993
9510291,97,Active,22,4,2014-01-30 01:10:05.919931,28993
9510292,98,Active,7,33,2014-01-30 01:10:05.924776,28993
9510293,99,Active,21,15,2014-01-30 01:10:05.929579,28993
9510294,100,Active,1,28,2014-01-30 01:10:05.934297,28993
9510295,101,Active,17,14,2014-01-30 01:10:05.939162,28993
9510296,102,Active,7,16,2014-01-30 01:10:05.943865,28993
9510297,103,Active,0,38,2014-01-30 01:10:05.948599,28993
9510298,104,Active,22,7,2014-01-30 01:10:05.953426,28993
9510299,105,Active,9,33,2014-01-30 01:10:05.958174,28993
9510300,106,Active,21,5,2014-01-30 01:10:05.962924,28993
9510301,107,Active,16,15,2014-01-30 01:10:05.967647,28993
9510302,108,Active,10,25,2014-01-30 01:10:05.972473,28993
9510303,109,Active,8,31,2014-01-30 01:10:05.97713,28993
9510304,110,Inactive,0,3,2014-01-30 01:10:05.98157,28993
9510305,111,Active,3,28,2014-01-30 01:10:05.985768,28993
9510306,112,Active,13,26,2014-01-30 01:10:06.027687,28993
9510307,113,Active,34,17,2014-01-30 01:10:06.039219,28993
9510308,114,Active,14,21,2014-01-30 01:10:06.044862,28993
9510309,115,Active,12,15,2014-01-30 01:10:06.050202,28993
9510310,116,Active,19,20,2014-01-30 01:10:06.055394,28993
9510311,117,Active,2,21,2014-01-30 01:10:06.067738,28993
9510312,118,Active,3,28,2014-01-30 01:10:06.072853,28993
9510313,119,Active,18,20,2014-01-30 01:10:06.077902,28993
9510314,120,Active,1,26,2014-01-30 01:10:06.082685,28993
9510315,121,Active,3,21,2014-01-30 01:10:06.087355,28993
9510316,122,Active,21,9,2014-01-30 01:10:06.092126,28993
9510317,123,Active,8,19,2014-01-30 01:10:06.096737,28993
9510318,124,Active,31,4,2014-01-30 01:10:06.101327,28993
9510319,125,Active,15,22,2014-01-30 01:10:06.106179,28993
9510320,126,Active,0,24,2014-01-30 01:10:06.110963,28993
9510321,127,Active,9,17,2014-01-30 01:10:06.115765,28993
9510322,128,Active,5,13,2014-01-30 01:10:06.120892,28993
9510323,129,Active,9,20,2014-01-30 01:10:06.126012,28993
9510324,130,Active,2,21,2014-01-30 01:10:06.13107,28993
9510325,131,Active,2,21,2014-01-30 01:10:06.136237,28993
9510326,132,Active,34,0,2014-01-30 01:10:06.141378,28993
9510327,133,Active,23,4,2014-01-30 01:10:06.146311,28993
9510328,134,Active,18,15,2014-01-30 01:10:06.151184,28993
9510329,135,Active,30,12,2014-01-30 01:10:06.156338,28993
9510330,136,Active,0,23,2014-01-30 01:10:06.161224,28993
9510331,137,Active,9,19,2014-01-30 01:10:06.166157,28993
9510332,138,Active,21,18,2014-01-30 01:10:06.171001,28993
9510333,139,Active,3,33,2014-01-30 01:10:06.177219,28993
9510334,140,Active,1,26,2014-01-30 01:10:06.18258,28993
9510335,141,Active,14,17,2014-01-30 01:10:06.187278,28993
9510336,142,Active,34,8,2014-01-30 01:10:06.192274,28993
9510337,143,Active,14,9,2014-01-30 01:10:06.197396,28993
9510338,144,Active,10,17,2014-01-30 01:10:06.20232,28993
9510339,145,Active,34,2,2014-01-30 01:10:06.207492,28993
9510340,146,Active,1,54,2014-01-30 01:10:06.212409,28993
9510341,147,Active,4,35,2014-01-30 01:10:06.217464,28993
9510342,148,Active,8,34,2014-01-30 01:10:06.222495,28993
9510343,149,Inactive,0,57,2014-01-30 01:10:06.227258,28993
9510344,150,Active,17,32,2014-01-30 01:10:06.232111,28993
9510345,151,Active,5,21,2014-01-30 01:10:06.237242,28993
9510346,152,Active,15,15,2014-01-30 01:10:06.242186,28993
9510347,153,Active,13,20,2014-01-30 01:10:06.247272,28993
9510348,154,Active,4,30,2014-01-30 01:10:06.252211,28993
9510349,155,Active,37,2,2014-01-30 01:10:06.257136,28993
9510350,156,Active,15,20,2014-01-30 01:10:06.262209,28993
9510351,157,Active,6,21,2014-01-30 01:10:06.267199,28993
9510352,158,Active,12,7,2014-01-30 01:10:06.272356,28993
9510353,159,Active,23,5,2014-01-30 01:10:06.277089,28993
9510354,160,Active,6,37,2014-01-30 01:10:06.281776,28993
9510355,161,Active,30,16,2014-01-30 01:10:06.287393,28993
9510356,162,Active,38,3,2014-01-30 01:10:06.296926,28993
9510357,163,Active,16,22,2014-01-30 01:10:06.301814,28993
9510358,164,Active,35,1,2014-01-30 01:10:06.307029,28993
9510359,165,Active,30,7,2014-01-30 01:10:06.315324,28993
9510360,166,Active,2,29,2014-01-30 01:10:06.320648,28993
9510361,167,Active,7,22,2014-01-30 01:10:06.325783,28993
9510362,168,Active,16,26,2014-01-30 01:10:06.353082,28993
9510363,169,Active,0,39,2014-01-30 01:10:06.3586,28993
9510364,170,Active,2,33,2014-01-30 01:10:06.363507,28993
9510365,171,Active,11,16,2014-01-30 01:10:06.368638,28993
9510366,172,Active,8,23,2014-01-30 01:10:06.373792,28993
9510367,173,Active,4,27,2014-01-30 01:10:06.379136,28993
9510368,174,Active,26,6,2014-01-30 01:10:06.384439,28993
9510369,175,Active,11,20,2014-01-30 01:10:06.389264,28993
9510370,176,Active,8,24,2014-01-30 01:10:06.394242,28993
9510371,177,Active,14,16,2014-01-30 01:10:06.399134,28993
9510372,178,Active,2,23,2014-01-30 01:10:06.404126,28993
9510373,179,Active,4,23,2014-01-30 01:10:06.408912,28993
9510374,180,Active,20,11,2014-01-30 01:10:06.414026,28993
9510375,181,Active,4,22,2014-01-30 01:10:06.418755,28993
9510376,182,Active,2,13,2014-01-30 01:10:06.423565,28993
9510377,183,Active,7,33,2014-01-30 01:10:06.428432,28993
9510378,184,Active,0,38,2014-01-30 01:10:06.436672,28993
9510379,185,Active,28,3,2014-01-30 01:10:06.442697,28993
9510380,186,Active,21,17,2014-01-30 01:10:06.463729,28993
9510381,187,Active,7,33,2014-01-30 01:10:06.469462,28993
9510382,188,Active,5,29,2014-01-30 01:10:06.474349,28993
9510383,189,Active,4,39,2014-01-30 01:10:06.479753,28993
9510384,190,Active,12,11,2014-01-30 01:10:06.484541,28993
9510385,191,Active,4,15,2014-01-30 01:10:06.489224,28993
9510386,192,Active,30,5,2014-01-30 01:10:06.494119,28993
9510387,193,Active,5,18,2014-01-30 01:10:06.515417,28993
9510388,194,Active,6,23,2014-01-30 01:10:06.52093,28993
9510389,195,Active,13,11,2014-01-30 01:10:06.525855,28993
9510390,196,Active,9,33,2014-01-30 01:10:06.530536,28993
9510391,197,Active,5,26,2014-01-30 01:10:06.535251,28993
9510392,198,Active,24,21,2014-01-30 01:10:06.539963,28993
9510393,199,Active,6,17,2014-01-30 01:10:06.563873,28993
9510394,200,Active,2,21,2014-01-30 01:10:06.569049,28993
9510395,201,Active,0,23,2014-01-30 01:10:06.574197,28993
9510396,202,Active,3,16,2014-01-30 01:10:06.579191,28993
9510397,203,Active,8,47,2014-01-30 01:10:06.583967,28993
9510398,204,Active,1,38,2014-01-30 01:10:06.589233,28993
9510399,205,Active,8,21,2014-01-30 01:10:06.613867,28993
9510400,206,Active,10,49,2014-01-30 01:10:06.62047,28993
9510401,207,Active,4,26,2014-01-30 01:10:06.625583,28993
9510402,208,Active,9,17,2014-01-30 01:10:06.630626,28993
9510403,209,Active,10,20,2014-01-30 01:10:06.63545,28993
9510404,210,Active,15,14,2014-01-30 01:10:06.64028,28993
9510405,211,Active,7,32,2014-01-30 01:10:06.64509,28993
9510406,212,Active,24,1,2014-01-30 01:10:06.649919,28993
9510407,213,Active,1,46,2014-01-30 01:10:06.65517,28993
9510408,214,Active,0,27,2014-01-30 01:10:06.661769,28993
9510409,215,Active,0,27,2014-01-30 01:10:06.667867,28993
9510410,216,Active,15,10,2014-01-30 01:10:06.674187,28993
9510411,217,Active,9,29,2014-01-30 01:10:06.680064,28993
9510412,218,Active,0,32,2014-01-30 01:10:06.685714,28993
9510413,219,Active,33,2,2014-01-30 01:10:06.691275,28993
9510414,220,Active,1,49,2014-01-30 01:10:06.696073,28993
9510415,221,Active,12,11,2014-01-30 01:10:06.701053,28993
9510416,222,Active,13,39,2014-01-30 01:10:06.705799,28993
9510417,223,Active,21,21,2014-01-30 01:10:06.710673,28993
9510418,224,Active,24,14,2014-01-30 01:10:06.739353,28993
9510419,225,Active,8,23,2014-01-30 01:10:06.75822,28993
9510420,226,Active,21,10,2014-01-30 01:10:06.763371,28993
9510421,227,Active,7,23,2014-01-30 01:10:06.768402,28993
9510422,228,Active,4,54,2014-01-30 01:10:06.773325,28993
9510423,229,Active,28,11,2014-01-30 01:10:06.780106,28993
9510424,230,Active,12,22,2014-01-30 01:10:06.78481,28993
9510425,231,Active,1,37,2014-01-30 01:10:06.807197,28993
9510426,232,Active,0,35,2014-01-30 01:10:06.812698,28993
9510427,233,Active,3,56,2014-01-30 01:10:06.817935,28993
9510428,234,Active,0,31,2014-01-30 01:10:06.823209,28993
9510429,235,Active,31,17,2014-01-30 01:10:06.828057,28993
9510430,236,Active,5,18,2014-01-30 01:10:06.833065,28993
9510431,237,Active,22,17,2014-01-30 01:10:06.85546,28993
9510432,238,Active,6,41,2014-01-30 01:10:06.86117,28993
9510433,239,Active,5,18,2014-01-30 01:10:06.866064,28993
9510434,240,Active,21,37,2014-01-30 01:10:06.870682,28993
9510435,241,Inactive,0,39,2014-01-30 01:10:06.875838,28993
9510436,242,Active,17,17,2014-01-30 01:10:06.881106,28993
9510437,243,Active,16,18,2014-01-30 01:10:06.903909,28993
9510438,244,Active,15,44,2014-01-30 01:10:06.909224,28993
9510439,245,Active,0,52,2014-01-30 01:10:06.913915,28993
9510440,246,Active,6,31,2014-01-30 01:10:06.919105,28993
9510441,247,Active,16,11,2014-01-30 01:10:06.923925,28993
9510442,248,Active,4,37,2014-01-30 01:10:06.929532,28993
9510443,249,Active,5,37,2014-01-30 01:10:06.953329,28993
9510444,250,Active,6,39,2014-01-30 01:10:06.958557,28993
9510445,251,Active,13,23,2014-01-30 01:10:06.968511,28993
9510446,252,Active,26,20,2014-01-30 01:10:06.974087,28993
9510447,253,Active,59,0,2014-01-30 01:10:06.979776,28993
9510448,254,Active,9,22,2014-01-30 01:10:07.001533,28993
9510449,255,Active,29,2,2014-01-30 01:10:07.007439,28993
9510450,256,Active,19,8,2014-01-30 01:10:07.012378,28993
9510451,257,Active,15,10,2014-01-30 01:10:07.017376,28993
9510452,258,Active,36,3,2014-01-30 01:10:07.022175,28993
9510453,259,Active,20,14,2014-01-30 01:10:07.027479,28993
9510454,260,Active,2,41,2014-01-30 01:10:07.050272,28993
9510455,261,Active,0,39,2014-01-30 01:10:07.05598,28993
9510456,262,Active,9,30,2014-01-30 01:10:07.060932,28993
9510457,263,Active,28,7,2014-01-30 01:10:07.065837,28993
9510458,264,Active,39,0,2014-01-30 01:10:07.071713,28993
9510459,265,Active,22,15,2014-01-30 01:10:07.076693,28993
9510460,266,Active,58,1,2014-01-30 01:10:07.098834,28993
9510461,267,Active,3,49,2014-01-30 01:10:07.104318,28993
9510462,268,Active,46,2,2014-01-30 01:10:07.109656,28993
9510463,269,Active,10,24,2014-01-30 01:10:07.115063,28993
9510464,270,Active,23,12,2014-01-30 01:10:07.119772,28993
9510465,271,Active,16,9,2014-01-30 01:10:07.124454,28993
9510466,272,Active,30,15,2014-01-30 01:10:07.146382,28993
9510467,273,Active,31,28,2014-01-30 01:10:07.151773,28993
9510468,274,Active,14,16,2014-01-30 01:10:07.157227,28993
9510469,275,Active,20,15,2014-01-30 01:10:07.162259,28993
9510470,276,Active,1,42,2014-01-30 01:10:07.168038,28993
9510471,277,Active,43,0,2014-01-30 01:10:07.17293,28993
9510472,330,Active,6,24,2014-01-30 01:10:07.194732,28993
9510473,278,Active,8,20,2014-01-30 01:10:07.200339,28993
9510474,279,Active,6,37,2014-01-30 01:10:07.243972,28993
9510475,280,Active,22,14,2014-01-30 01:10:07.249334,28993
9510476,281,Active,12,34,2014-01-30 01:10:07.254461,28993
9510477,282,Active,6,18,2014-01-30 01:10:07.25945,28993
9510478,283,Active,18,18,2014-01-30 01:10:07.264966,28993
9510479,284,Active,2,49,2014-01-30 01:10:07.270053,28993
9510480,285,Active,7,24,2014-01-30 01:10:07.274899,28993
9510481,286,Active,3,23,2014-01-30 01:10:07.280195,28993
9510482,287,Active,1,26,2014-01-30 01:10:07.285729,28993
9510483,288,Active,45,8,2014-01-30 01:10:07.291829,28993
9510484,289,Active,31,3,2014-01-30 01:10:07.298075,28993
9510485,290,Active,2,36,2014-01-30 01:10:07.303852,28993
9510486,291,Active,1,54,2014-01-30 01:10:07.309693,28993
9510487,292,Active,5,33,2014-01-30 01:10:07.315263,28993
9510488,293,Active,15,43,2014-01-30 01:10:07.320669,28993
9510489,294,Active,0,39,2014-01-30 01:10:07.325821,28993
9510490,295,Active,62,2,2014-01-30 01:10:07.33068,28993
9510491,296,Active,15,36,2014-01-30 01:10:07.335901,28993
9510492,297,Active,51,0,2014-01-30 01:10:07.340619,28993
9510493,298,Active,25,31,2014-01-30 01:10:07.348189,28993
9510494,299,Active,23,16,2014-01-30 01:10:07.35326,28993
9510495,300,Active,16,24,2014-01-30 01:10:07.358041,28993
9510496,301,Active,4,55,2014-01-30 01:10:07.362862,28993
9510497,302,Active,32,7,2014-01-30 01:10:07.384091,28993
9510498,303,Active,37,3,2014-01-30 01:10:07.389213,28993
9510499,305,Active,20,18,2014-01-30 01:10:07.393837,28993
9510500,306,Active,36,7,2014-01-30 01:10:07.399005,28993
9510501,307,Inactive,0,50,2014-01-30 01:10:07.403761,28993
9510502,308,Active,1,29,2014-01-30 01:10:07.408636,28993
9510503,309,Active,1,27,2014-01-30 01:10:07.429724,28993
9510504,310,Active,18,21,2014-01-30 01:10:07.435589,28993
9510505,311,Active,0,37,2014-01-30 01:10:07.440984,28993
9510506,312,Active,23,8,2014-01-30 01:10:07.446768,28993
9510507,313,Active,5,32,2014-01-30 01:10:07.452227,28993
9510508,314,Active,11,14,2014-01-30 01:10:07.476035,28993
9510509,315,Active,3,34,2014-01-30 01:10:07.482043,28993
9510510,316,Active,18,12,2014-01-30 01:10:07.486895,28993
9510511,317,Active,10,5,2014-01-30 01:10:07.491701,28993
9510512,318,Active,18,9,2014-01-30 01:10:07.49683,28993
9510513,319,Active,12,18,2014-01-30 01:10:07.501802,28993
9510514,320,Active,5,31,2014-01-30 01:10:07.52519,28993
9510515,321,Active,11,1,2014-01-30 01:10:07.532099,28993
9510516,322,Active,17,32,2014-01-30 01:10:07.537551,28993
9510517,332,Active,11,13,2014-01-30 01:10:07.542613,28993
9510518,327,Active,12,23,2014-01-30 01:10:07.547555,28993
9510519,328,Active,13,26,2014-01-30 01:10:07.552442,28993
9510520,331,Active,2,34,2014-01-30 01:10:07.572989,28993
9510521,323,Active,0,39,2014-01-30 01:10:07.578315,28993
9510522,324,Active,41,2,2014-01-30 01:10:07.583128,28993
9510523,329,Active,26,6,2014-01-30 01:10:07.58794,28993
9510524,325,Active,2,32,2014-01-30 01:10:07.592861,28993
9510525,326,Active,9,15,2014-01-30 01:10:07.598265,28993
9510526,1,Active,9,30,2014-01-30 01:20:05.485745,28994
9510527,2,Active,9,24,2014-01-30 01:20:05.494015,28994
9510528,3,Active,16,9,2014-01-30 01:20:05.498259,28994
9510529,4,Active,34,27,2014-01-30 01:20:05.502366,28994
9510530,5,Active,17,21,2014-01-30 01:20:05.506574,28994
9510531,6,Active,5,13,2014-01-30 01:20:05.511011,28994
9510532,7,Active,3,16,2014-01-30 01:20:05.514937,28994
9510533,8,Active,18,13,2014-01-30 01:20:05.519272,28994
9510534,9,Active,19,11,2014-01-30 01:20:05.523202,28994
9510535,10,Active,5,41,2014-01-30 01:20:05.527704,28994
9510536,11,Active,4,20,2014-01-30 01:20:05.532209,28994
9510537,12,Active,0,19,2014-01-30 01:20:05.537674,28994
9510538,13,Active,11,28,2014-01-30 01:20:05.54296,28994
9510539,14,Active,19,13,2014-01-30 01:20:05.547703,28994
9510540,15,Active,1,30,2014-01-30 01:20:05.552147,28994
9510541,16,Active,17,15,2014-01-30 01:20:05.556612,28994
9510542,17,Active,14,13,2014-01-30 01:20:05.560881,28994
9510543,18,Active,0,54,2014-01-30 01:20:05.565389,28994
9510544,19,Active,13,10,2014-01-30 01:20:05.569679,28994
9510545,20,Active,12,13,2014-01-30 01:20:05.573833,28994
9510546,21,Active,24,10,2014-01-30 01:20:05.577849,28994
9510547,22,Active,6,41,2014-01-30 01:20:05.582668,28994
9510548,23,Active,24,20,2014-01-30 01:20:05.586873,28994
9510549,24,Active,3,41,2014-01-30 01:20:05.59136,28994
9510550,25,Active,2,47,2014-01-30 01:20:05.595536,28994
9510551,26,Active,5,25,2014-01-30 01:20:05.599659,28994
9510552,27,Active,1,44,2014-01-30 01:20:05.60359,28994
9510553,28,Active,0,26,2014-01-30 01:20:05.613124,28994
9510554,29,Active,4,19,2014-01-30 01:20:05.617632,28994
9510555,30,Active,29,10,2014-01-30 01:20:05.621547,28994
9510556,31,Active,12,26,2014-01-30 01:20:05.625637,28994
9510557,32,Active,28,5,2014-01-30 01:20:05.629572,28994
9510558,33,Active,4,27,2014-01-30 01:20:05.633561,28994
9510559,34,Active,6,30,2014-01-30 01:20:05.637511,28994
9510560,35,Active,2,52,2014-01-30 01:20:05.641574,28994
9510561,36,Active,16,10,2014-01-30 01:20:05.645994,28994
9510562,37,Active,10,12,2014-01-30 01:20:05.650293,28994
9510563,38,Active,1,38,2014-01-30 01:20:05.654425,28994
9510564,39,Active,1,37,2014-01-30 01:20:05.659069,28994
9510565,40,Active,23,16,2014-01-30 01:20:05.663131,28994
9510566,41,Active,23,7,2014-01-30 01:20:05.667763,28994
9510567,42,Active,14,17,2014-01-30 01:20:05.672702,28994
9510568,43,Active,6,16,2014-01-30 01:20:05.67725,28994
9510569,44,Active,9,12,2014-01-30 01:20:05.682092,28994
9510570,45,Inactive,0,3,2014-01-30 01:20:05.686291,28994
9510571,46,Active,3,28,2014-01-30 01:20:05.692678,28994
9510572,47,Active,2,21,2014-01-30 01:20:05.697608,28994
9510573,48,Active,19,0,2014-01-30 01:20:05.701643,28994
9510574,49,Active,8,15,2014-01-30 01:20:05.70568,28994
9510575,50,Active,6,21,2014-01-30 01:20:05.710086,28994
9510576,51,Active,12,28,2014-01-30 01:20:05.716346,28994
9510577,52,Active,17,9,2014-01-30 01:20:05.720291,28994
9510578,53,Active,20,13,2014-01-30 01:20:05.724344,28994
9510579,54,Inactive,0,47,2014-01-30 01:20:05.728689,28994
9510580,55,Active,28,0,2014-01-30 01:20:05.732698,28994
9510581,56,Active,23,16,2014-01-30 01:20:05.75999,28994
9510582,57,Active,6,17,2014-01-30 01:20:05.764813,28994
9510583,58,Active,16,23,2014-01-30 01:20:05.769919,28994
9510584,59,Active,8,27,2014-01-30 01:20:05.774648,28994
9510585,60,Active,1,26,2014-01-30 01:20:05.77933,28994
9510586,61,Active,4,20,2014-01-30 01:20:05.783885,28994
9510587,62,Active,18,13,2014-01-30 01:20:05.788792,28994
9510588,63,Active,12,13,2014-01-30 01:20:05.793517,28994
9510589,64,Active,25,8,2014-01-30 01:20:05.798416,28994
9510590,65,Active,5,19,2014-01-30 01:20:05.803423,28994
9510591,66,Inactive,0,33,2014-01-30 01:20:05.808564,28994
9510592,67,Active,17,10,2014-01-30 01:20:05.814259,28994
9510593,68,Active,8,15,2014-01-30 01:20:05.819091,28994
9510594,69,Active,21,16,2014-01-30 01:20:05.824346,28994
9510595,70,Active,8,22,2014-01-30 01:20:05.8293,28994
9510596,71,Active,2,17,2014-01-30 01:20:05.834072,28994
9510597,72,Active,7,17,2014-01-30 01:20:05.83898,28994
9510598,73,Active,5,14,2014-01-30 01:20:05.849837,28994
9510599,74,Active,8,11,2014-01-30 01:20:05.85504,28994
9510600,75,Active,23,8,2014-01-30 01:20:05.861185,28994
9510601,76,Active,20,39,2014-01-30 01:20:05.866339,28994
9510602,77,Active,23,3,2014-01-30 01:20:05.871755,28994
9510603,78,Active,38,5,2014-01-30 01:20:05.87797,28994
9510604,79,Active,38,7,2014-01-30 01:20:05.883078,28994
9510605,80,Active,4,15,2014-01-30 01:20:05.88887,28994
9510606,81,Active,11,17,2014-01-30 01:20:05.894431,28994
9510607,82,Active,2,18,2014-01-30 01:20:05.901656,28994
9510608,83,Active,23,28,2014-01-30 01:20:05.907059,28994
9510609,84,Active,21,10,2014-01-30 01:20:05.912107,28994
9510610,85,Active,6,18,2014-01-30 01:20:05.917351,28994
9510611,86,Active,33,1,2014-01-30 01:20:05.922553,28994
9510612,87,Active,21,6,2014-01-30 01:20:05.927273,28994
9510613,88,Active,15,19,2014-01-30 01:20:05.932225,28994
9510614,89,Active,8,45,2014-01-30 01:20:05.93705,28994
9510615,90,Active,12,25,2014-01-30 01:20:05.942236,28994
9510616,91,Active,12,11,2014-01-30 01:20:05.94715,28994
9510617,92,Active,28,3,2014-01-30 01:20:05.952516,28994
9510618,93,Active,14,21,2014-01-30 01:20:05.957503,28994
9510619,94,Active,11,22,2014-01-30 01:20:05.962504,28994
9510620,95,Active,9,28,2014-01-30 01:20:05.967298,28994
9510621,96,Active,6,25,2014-01-30 01:20:05.972933,28994
9510622,97,Active,22,4,2014-01-30 01:20:05.978108,28994
9510623,98,Active,6,34,2014-01-30 01:20:05.98323,28994
9510624,99,Active,21,15,2014-01-30 01:20:05.988143,28994
9510625,100,Active,1,28,2014-01-30 01:20:05.993425,28994
9510626,101,Active,17,14,2014-01-30 01:20:05.998801,28994
9510627,102,Active,7,16,2014-01-30 01:20:06.008656,28994
9510628,103,Active,0,38,2014-01-30 01:20:06.023971,28994
9510629,104,Active,21,8,2014-01-30 01:20:06.036642,28994
9510630,105,Active,9,33,2014-01-30 01:20:06.042038,28994
9510631,106,Active,22,4,2014-01-30 01:20:06.046897,28994
9510632,107,Active,17,14,2014-01-30 01:20:06.051912,28994
9510633,108,Active,10,25,2014-01-30 01:20:06.057863,28994
9510634,109,Active,7,32,2014-01-30 01:20:06.062853,28994
9510635,110,Inactive,0,3,2014-01-30 01:20:06.067718,28994
9510636,111,Active,2,29,2014-01-30 01:20:06.072077,28994
9510637,112,Active,12,27,2014-01-30 01:20:06.100111,28994
9510638,113,Active,34,17,2014-01-30 01:20:06.106191,28994
9510639,114,Active,14,21,2014-01-30 01:20:06.111284,28994
9510640,115,Active,12,15,2014-01-30 01:20:06.117011,28994
9510641,116,Active,19,20,2014-01-30 01:20:06.122724,28994
9510642,117,Active,1,22,2014-01-30 01:20:06.128587,28994
9510643,118,Active,2,29,2014-01-30 01:20:06.135349,28994
9510644,119,Active,17,21,2014-01-30 01:20:06.140323,28994
9510645,120,Active,1,26,2014-01-30 01:20:06.145526,28994
9510646,121,Active,3,21,2014-01-30 01:20:06.150648,28994
9510647,122,Active,20,10,2014-01-30 01:20:06.155607,28994
9510648,123,Active,7,20,2014-01-30 01:20:06.160505,28994
9510649,124,Active,31,4,2014-01-30 01:20:06.165726,28994
9510650,125,Active,14,23,2014-01-30 01:20:06.170813,28994
9510651,126,Active,0,24,2014-01-30 01:20:06.175966,28994
9510652,127,Active,8,18,2014-01-30 01:20:06.182212,28994
9510653,128,Active,5,13,2014-01-30 01:20:06.187402,28994
9510654,129,Active,8,21,2014-01-30 01:20:06.193049,28994
9510655,130,Active,2,21,2014-01-30 01:20:06.200296,28994
9510656,131,Active,3,20,2014-01-30 01:20:06.20595,28994
9510657,132,Active,33,1,2014-01-30 01:20:06.212101,28994
9510658,133,Active,24,3,2014-01-30 01:20:06.217466,28994
9510659,134,Active,18,15,2014-01-30 01:20:06.224784,28994
9510660,135,Active,29,13,2014-01-30 01:20:06.232396,28994
9510661,136,Active,1,22,2014-01-30 01:20:06.238073,28994
9510662,137,Active,9,19,2014-01-30 01:20:06.243671,28994
9510663,138,Active,21,18,2014-01-30 01:20:06.24953,28994
9510664,139,Active,3,33,2014-01-30 01:20:06.254194,28994
9510665,140,Active,1,26,2014-01-30 01:20:06.260495,28994
9510666,141,Active,14,17,2014-01-30 01:20:06.265534,28994
9510667,142,Active,33,9,2014-01-30 01:20:06.270443,28994
9510668,143,Active,14,9,2014-01-30 01:20:06.275526,28994
9510669,144,Active,8,19,2014-01-30 01:20:06.280932,28994
9510670,145,Active,32,4,2014-01-30 01:20:06.286193,28994
9510671,146,Active,1,54,2014-01-30 01:20:06.290867,28994
9510672,147,Active,4,35,2014-01-30 01:20:06.295654,28994
9510673,148,Active,8,34,2014-01-30 01:20:06.30045,28994
9510674,149,Inactive,0,57,2014-01-30 01:20:06.305361,28994
9510675,150,Active,17,32,2014-01-30 01:20:06.31323,28994
9510676,151,Active,5,21,2014-01-30 01:20:06.318203,28994
9510677,152,Active,15,15,2014-01-30 01:20:06.323737,28994
9510678,153,Active,14,19,2014-01-30 01:20:06.328615,28994
9510679,154,Active,4,30,2014-01-30 01:20:06.33356,28994
9510680,155,Active,35,4,2014-01-30 01:20:06.338394,28994
9510681,156,Active,17,18,2014-01-30 01:20:06.343718,28994
9510682,157,Active,6,21,2014-01-30 01:20:06.348772,28994
9510683,158,Active,12,7,2014-01-30 01:20:06.354181,28994
9510684,159,Active,22,6,2014-01-30 01:20:06.359553,28994
9510685,160,Active,6,37,2014-01-30 01:20:06.364688,28994
9510686,161,Active,30,16,2014-01-30 01:20:06.370152,28994
9510687,162,Active,40,1,2014-01-30 01:20:06.37509,28994
9510688,163,Active,19,19,2014-01-30 01:20:06.3802,28994
9510689,164,Active,32,4,2014-01-30 01:20:06.385424,28994
9510690,165,Active,31,6,2014-01-30 01:20:06.390963,28994
9510691,166,Active,2,29,2014-01-30 01:20:06.396165,28994
9510692,167,Active,7,22,2014-01-30 01:20:06.401418,28994
9510693,168,Active,16,26,2014-01-30 01:20:06.430302,28994
9510694,169,Active,1,38,2014-01-30 01:20:06.435832,28994
9510695,170,Active,1,34,2014-01-30 01:20:06.441062,28994
9510696,171,Active,10,17,2014-01-30 01:20:06.446292,28994
9510697,172,Active,8,23,2014-01-30 01:20:06.451103,28994
9510698,173,Active,4,27,2014-01-30 01:20:06.456144,28994
9510699,174,Active,25,7,2014-01-30 01:20:06.461862,28994
9510700,175,Active,11,20,2014-01-30 01:20:06.467061,28994
9510701,176,Active,10,22,2014-01-30 01:20:06.471965,28994
9510702,177,Active,15,15,2014-01-30 01:20:06.477117,28994
9510703,178,Active,3,22,2014-01-30 01:20:06.48203,28994
9510704,179,Active,3,24,2014-01-30 01:20:06.487056,28994
9510705,180,Active,20,11,2014-01-30 01:20:06.491841,28994
9510706,181,Active,4,22,2014-01-30 01:20:06.496444,28994
9510707,182,Active,2,13,2014-01-30 01:20:06.501471,28994
9510708,183,Active,8,32,2014-01-30 01:20:06.506387,28994
9510709,184,Active,0,38,2014-01-30 01:20:06.511098,28994
9510710,185,Active,27,4,2014-01-30 01:20:06.515745,28994
9510711,186,Active,21,17,2014-01-30 01:20:06.520464,28994
9510712,187,Active,7,33,2014-01-30 01:20:06.525535,28994
9510713,188,Active,5,29,2014-01-30 01:20:06.530316,28994
9510714,189,Active,4,39,2014-01-30 01:20:06.535025,28994
9510715,190,Active,11,12,2014-01-30 01:20:06.53975,28994
9510716,191,Active,4,15,2014-01-30 01:20:06.544377,28994
9510717,192,Active,30,5,2014-01-30 01:20:06.549147,28994
9510718,193,Active,6,17,2014-01-30 01:20:06.554392,28994
9510719,194,Active,6,23,2014-01-30 01:20:06.559375,28994
9510720,195,Active,12,12,2014-01-30 01:20:06.565038,28994
9510721,196,Active,8,34,2014-01-30 01:20:06.569726,28994
9510722,197,Active,5,26,2014-01-30 01:20:06.575133,28994
9510723,198,Active,25,20,2014-01-30 01:20:06.580239,28994
9510724,199,Active,6,17,2014-01-30 01:20:06.585364,28994
9510725,200,Active,2,21,2014-01-30 01:20:06.590534,28994
9510726,201,Active,1,22,2014-01-30 01:20:06.595538,28994
9510727,202,Active,3,16,2014-01-30 01:20:06.60066,28994
9510728,203,Active,9,46,2014-01-30 01:20:06.612031,28994
9510729,204,Active,0,39,2014-01-30 01:20:06.616929,28994
9510730,205,Active,6,23,2014-01-30 01:20:06.62473,28994
9510731,206,Active,10,49,2014-01-30 01:20:06.629975,28994
9510732,207,Active,5,25,2014-01-30 01:20:06.635098,28994
9510733,208,Active,8,18,2014-01-30 01:20:06.640681,28994
9510734,209,Active,10,20,2014-01-30 01:20:06.646475,28994
9510735,210,Active,16,13,2014-01-30 01:20:06.65273,28994
9510736,211,Active,7,32,2014-01-30 01:20:06.658302,28994
9510737,212,Active,24,1,2014-01-30 01:20:06.663811,28994
9510738,213,Active,1,46,2014-01-30 01:20:06.668922,28994
9510739,214,Active,0,27,2014-01-30 01:20:06.67446,28994
9510740,215,Active,0,27,2014-01-30 01:20:06.679408,28994
9510741,216,Active,15,10,2014-01-30 01:20:06.684396,28994
9510742,217,Active,10,28,2014-01-30 01:20:06.689742,28994
9510743,218,Active,0,32,2014-01-30 01:20:06.694896,28994
9510744,219,Active,33,2,2014-01-30 01:20:06.699904,28994
9510745,220,Active,1,49,2014-01-30 01:20:06.705396,28994
9510746,221,Active,12,11,2014-01-30 01:20:06.71034,28994
9510747,222,Active,14,38,2014-01-30 01:20:06.715674,28994
9510748,223,Active,22,20,2014-01-30 01:20:06.720819,28994
9510749,224,Active,23,14,2014-01-30 01:20:06.750163,28994
9510750,225,Active,7,24,2014-01-30 01:20:06.75541,28994
9510751,226,Active,22,9,2014-01-30 01:20:06.761048,28994
9510752,227,Active,7,23,2014-01-30 01:20:06.769308,28994
9510753,228,Active,4,54,2014-01-30 01:20:06.77459,28994
9510754,229,Active,29,10,2014-01-30 01:20:06.779712,28994
9510755,230,Active,12,22,2014-01-30 01:20:06.784765,28994
9510756,231,Active,1,37,2014-01-30 01:20:06.789633,28994
9510757,232,Active,0,35,2014-01-30 01:20:06.794339,28994
9510758,233,Active,3,56,2014-01-30 01:20:06.799476,28994
9510759,234,Active,0,31,2014-01-30 01:20:06.804531,28994
9510760,235,Active,31,17,2014-01-30 01:20:06.809442,28994
9510761,236,Active,5,18,2014-01-30 01:20:06.814347,28994
9510762,237,Active,24,15,2014-01-30 01:20:06.819357,28994
9510763,238,Active,6,41,2014-01-30 01:20:06.824364,28994
9510764,239,Active,4,19,2014-01-30 01:20:06.829274,28994
9510765,240,Active,21,37,2014-01-30 01:20:06.834134,28994
9510766,241,Inactive,0,39,2014-01-30 01:20:06.838758,28994
9510767,242,Active,17,17,2014-01-30 01:20:06.843465,28994
9510768,243,Active,17,17,2014-01-30 01:20:06.848229,28994
9510769,244,Active,15,44,2014-01-30 01:20:06.852892,28994
9510770,245,Active,0,52,2014-01-30 01:20:06.857646,28994
9510771,246,Active,8,29,2014-01-30 01:20:06.862287,28994
9510772,247,Active,17,10,2014-01-30 01:20:06.867,28994
9510773,248,Active,4,37,2014-01-30 01:20:06.872371,28994
9510774,249,Active,5,37,2014-01-30 01:20:06.8808,28994
9510775,250,Active,6,39,2014-01-30 01:20:06.886276,28994
9510776,251,Active,13,23,2014-01-30 01:20:06.891708,28994
9510777,252,Active,27,19,2014-01-30 01:20:06.896662,28994
9510778,253,Active,59,0,2014-01-30 01:20:06.901539,28994
9510779,254,Active,11,20,2014-01-30 01:20:06.906515,28994
9510780,255,Active,29,2,2014-01-30 01:20:06.912318,28994
9510781,256,Active,19,8,2014-01-30 01:20:06.917557,28994
9510782,257,Active,16,9,2014-01-30 01:20:06.922832,28994
9510783,258,Active,36,3,2014-01-30 01:20:06.92827,28994
9510784,259,Active,20,14,2014-01-30 01:20:06.933561,28994
9510785,260,Active,3,40,2014-01-30 01:20:06.938585,28994
9510786,261,Active,0,39,2014-01-30 01:20:06.943414,28994
9510787,262,Active,8,31,2014-01-30 01:20:06.948391,28994
9510788,263,Active,29,7,2014-01-30 01:20:06.953263,28994
9510789,264,Active,36,3,2014-01-30 01:20:06.958795,28994
9510790,265,Active,22,15,2014-01-30 01:20:06.963502,28994
9510791,266,Active,58,1,2014-01-30 01:20:06.968624,28994
9510792,267,Active,2,50,2014-01-30 01:20:06.973559,28994
9510793,268,Active,46,2,2014-01-30 01:20:06.978163,28994
9510794,269,Active,10,24,2014-01-30 01:20:06.982959,28994
9510795,270,Active,26,9,2014-01-30 01:20:06.987864,28994
9510796,271,Active,15,10,2014-01-30 01:20:06.994795,28994
9510797,272,Active,29,16,2014-01-30 01:20:06.999625,28994
9510798,273,Active,30,29,2014-01-30 01:20:07.004342,28994
9510799,274,Active,15,15,2014-01-30 01:20:07.009363,28994
9510800,275,Active,20,15,2014-01-30 01:20:07.014295,28994
9510801,276,Active,1,42,2014-01-30 01:20:07.019097,28994
9510802,277,Active,43,0,2014-01-30 01:20:07.023958,28994
9510803,330,Active,6,24,2014-01-30 01:20:07.029002,28994
9510804,278,Active,8,20,2014-01-30 01:20:07.034002,28994
9510805,279,Active,8,35,2014-01-30 01:20:07.064054,28994
9510806,280,Active,20,16,2014-01-30 01:20:07.06947,28994
9510807,281,Active,12,34,2014-01-30 01:20:07.074375,28994
9510808,282,Active,6,18,2014-01-30 01:20:07.079355,28994
9510809,283,Active,17,19,2014-01-30 01:20:07.084701,28994
9510810,284,Active,2,49,2014-01-30 01:20:07.089547,28994
9510811,285,Active,5,26,2014-01-30 01:20:07.094674,28994
9510812,286,Active,3,23,2014-01-30 01:20:07.099847,28994
9510813,287,Active,2,25,2014-01-30 01:20:07.108714,28994
9510814,288,Active,45,8,2014-01-30 01:20:07.113447,28994
9510815,289,Active,31,3,2014-01-30 01:20:07.118691,28994
9510816,290,Active,2,36,2014-01-30 01:20:07.123793,28994
9510817,291,Active,1,54,2014-01-30 01:20:07.128526,28994
9510818,292,Active,5,33,2014-01-30 01:20:07.133325,28994
9510819,293,Active,13,45,2014-01-30 01:20:07.138423,28994
9510820,294,Active,0,39,2014-01-30 01:20:07.144867,28994
9510821,295,Active,63,1,2014-01-30 01:20:07.150992,28994
9510822,296,Active,15,36,2014-01-30 01:20:07.156041,28994
9510823,297,Active,51,0,2014-01-30 01:20:07.161037,28994
9510824,298,Active,26,30,2014-01-30 01:20:07.166003,28994
9510825,299,Active,24,15,2014-01-30 01:20:07.171188,28994
9510826,300,Active,15,25,2014-01-30 01:20:07.175763,28994
9510827,301,Active,4,55,2014-01-30 01:20:07.181303,28994
9510828,302,Active,32,7,2014-01-30 01:20:07.18663,28994
9510829,303,Active,39,1,2014-01-30 01:20:07.191357,28994
9510830,305,Active,19,19,2014-01-30 01:20:07.196208,28994
9510831,306,Active,37,6,2014-01-30 01:20:07.201032,28994
9510832,307,Inactive,0,50,2014-01-30 01:20:07.205758,28994
9510833,308,Active,1,29,2014-01-30 01:20:07.210565,28994
9510834,309,Active,1,27,2014-01-30 01:20:07.215208,28994
9510835,310,Active,18,21,2014-01-30 01:20:07.219964,28994
9510836,311,Active,0,37,2014-01-30 01:20:07.224764,28994
9510837,312,Active,24,7,2014-01-30 01:20:07.229556,28994
9510838,313,Active,4,33,2014-01-30 01:20:07.234252,28994
9510839,314,Active,11,14,2014-01-30 01:20:07.238945,28994
9510840,315,Active,4,33,2014-01-30 01:20:07.243938,28994
9510841,316,Active,20,10,2014-01-30 01:20:07.249103,28994
9510842,317,Active,10,5,2014-01-30 01:20:07.25892,28994
9510843,318,Active,18,9,2014-01-30 01:20:07.263717,28994
9510844,319,Active,12,18,2014-01-30 01:20:07.268783,28994
9510845,320,Active,5,31,2014-01-30 01:20:07.273888,28994
9510846,321,Active,11,1,2014-01-30 01:20:07.278723,28994
9510847,322,Active,16,33,2014-01-30 01:20:07.283965,28994
9510848,332,Active,11,13,2014-01-30 01:20:07.289869,28994
9510849,327,Active,12,23,2014-01-30 01:20:07.295302,28994
9510850,328,Active,13,26,2014-01-30 01:20:07.300217,28994
9510851,331,Active,2,34,2014-01-30 01:20:07.305029,28994
9510852,323,Active,1,38,2014-01-30 01:20:07.309854,28994
9510853,324,Active,41,2,2014-01-30 01:20:07.315536,28994
9510854,329,Active,27,5,2014-01-30 01:20:07.320359,28994
9510855,325,Active,2,32,2014-01-30 01:20:07.325511,28994
9510856,326,Active,9,15,2014-01-30 01:20:07.330337,28994
9510857,1,Active,9,30,2014-01-30 01:30:05.142745,28995
9510858,2,Active,9,24,2014-01-30 01:30:05.158512,28995
9510859,3,Active,16,9,2014-01-30 01:30:05.162689,28995
9510860,4,Active,34,27,2014-01-30 01:30:05.166661,28995
9510861,5,Active,18,20,2014-01-30 01:30:05.170675,28995
9510862,6,Active,5,13,2014-01-30 01:30:05.174763,28995
9510863,7,Active,3,16,2014-01-30 01:30:05.179037,28995
9510864,8,Active,18,13,2014-01-30 01:30:05.183217,28995
9510865,9,Active,19,11,2014-01-30 01:30:05.194474,28995
9510866,10,Active,4,42,2014-01-30 01:30:05.199234,28995
9510867,11,Active,5,19,2014-01-30 01:30:05.203241,28995
9510868,12,Active,0,19,2014-01-30 01:30:05.207175,28995
9510869,13,Active,11,28,2014-01-30 01:30:05.211143,28995
9510870,14,Active,21,11,2014-01-30 01:30:05.215326,28995
9510871,15,Active,3,28,2014-01-30 01:30:05.219277,28995
9510872,16,Active,16,16,2014-01-30 01:30:05.223422,28995
9510873,17,Active,13,14,2014-01-30 01:30:05.227457,28995
9510874,18,Active,0,54,2014-01-30 01:30:05.231455,28995
9510875,19,Active,14,9,2014-01-30 01:30:05.235421,28995
9510876,20,Active,12,13,2014-01-30 01:30:05.239415,28995
9510877,21,Active,25,9,2014-01-30 01:30:05.243811,28995
9510878,22,Active,5,42,2014-01-30 01:30:05.247826,28995
9510879,23,Active,24,20,2014-01-30 01:30:05.251787,28995
9510880,24,Active,1,43,2014-01-30 01:30:05.255713,28995
9510881,25,Active,5,44,2014-01-30 01:30:05.259616,28995
9510882,26,Active,5,25,2014-01-30 01:30:05.263689,28995
9510883,27,Active,1,44,2014-01-30 01:30:05.267797,28995
9510884,28,Active,0,26,2014-01-30 01:30:05.272078,28995
9510885,29,Active,4,19,2014-01-30 01:30:05.27633,28995
9510886,30,Active,29,10,2014-01-30 01:30:05.280427,28995
9510887,31,Active,12,26,2014-01-30 01:30:05.285703,28995
9510888,32,Active,26,7,2014-01-30 01:30:05.289866,28995
9510889,33,Active,4,27,2014-01-30 01:30:05.293891,28995
9510890,34,Active,5,31,2014-01-30 01:30:05.298053,28995
9510891,35,Active,2,52,2014-01-30 01:30:05.302726,28995
9510892,36,Active,17,9,2014-01-30 01:30:05.306843,28995
9510893,37,Active,10,12,2014-01-30 01:30:05.310773,28995
9510894,38,Active,1,38,2014-01-30 01:30:05.314665,28995
9510895,39,Active,4,34,2014-01-30 01:30:05.318616,28995
9510896,40,Active,24,15,2014-01-30 01:30:05.323117,28995
9510897,41,Active,23,7,2014-01-30 01:30:05.32744,28995
9510898,42,Active,14,17,2014-01-30 01:30:05.331339,28995
9510899,43,Active,6,16,2014-01-30 01:30:05.335737,28995
9510900,44,Active,9,12,2014-01-30 01:30:05.340397,28995
9510901,45,Inactive,0,3,2014-01-30 01:30:05.344669,28995
9510902,46,Active,3,28,2014-01-30 01:30:05.349701,28995
9510903,47,Active,2,21,2014-01-30 01:30:05.353976,28995
9510904,48,Active,19,0,2014-01-30 01:30:05.358131,28995
9510905,49,Active,8,14,2014-01-30 01:30:05.36259,28995
9510906,50,Active,6,21,2014-01-30 01:30:05.367084,28995
9510907,51,Active,11,29,2014-01-30 01:30:05.371583,28995
9510908,52,Active,16,10,2014-01-30 01:30:05.37591,28995
9510909,53,Active,19,14,2014-01-30 01:30:05.380332,28995
9510910,54,Inactive,0,47,2014-01-30 01:30:05.385003,28995
9510911,55,Active,27,1,2014-01-30 01:30:05.389237,28995
9510912,56,Active,22,17,2014-01-30 01:30:05.416875,28995
9510913,57,Active,5,18,2014-01-30 01:30:05.425977,28995
9510914,58,Active,16,23,2014-01-30 01:30:05.431575,28995
9510915,59,Active,8,27,2014-01-30 01:30:05.436445,28995
9510916,60,Active,1,26,2014-01-30 01:30:05.4413,28995
9510917,61,Active,4,20,2014-01-30 01:30:05.446033,28995
9510918,62,Active,18,13,2014-01-30 01:30:05.450638,28995
9510919,63,Active,12,13,2014-01-30 01:30:05.459065,28995
9510920,64,Active,24,9,2014-01-30 01:30:05.464047,28995
9510921,65,Active,5,19,2014-01-30 01:30:05.468975,28995
9510922,66,Inactive,0,33,2014-01-30 01:30:05.474143,28995
9510923,67,Active,17,10,2014-01-30 01:30:05.478822,28995
9510924,68,Active,8,15,2014-01-30 01:30:05.483673,28995
9510925,69,Active,22,15,2014-01-30 01:30:05.48832,28995
9510926,70,Active,8,22,2014-01-30 01:30:05.493472,28995
9510927,71,Active,2,17,2014-01-30 01:30:05.498326,28995
9510928,72,Active,7,17,2014-01-30 01:30:05.503325,28995
9510929,73,Active,5,14,2014-01-30 01:30:05.508064,28995
9510930,74,Active,8,11,2014-01-30 01:30:05.513349,28995
9510931,75,Active,23,8,2014-01-30 01:30:05.518054,28995
9510932,76,Active,20,39,2014-01-30 01:30:05.522789,28995
9510933,77,Active,23,3,2014-01-30 01:30:05.527619,28995
9510934,78,Active,38,5,2014-01-30 01:30:05.532207,28995
9510935,79,Active,37,7,2014-01-30 01:30:05.537172,28995
9510936,80,Active,4,15,2014-01-30 01:30:05.542208,28995
9510937,81,Active,11,17,2014-01-30 01:30:05.55035,28995
9510938,82,Active,3,17,2014-01-30 01:30:05.555347,28995
9510939,83,Active,25,26,2014-01-30 01:30:05.560026,28995
9510940,84,Active,21,10,2014-01-30 01:30:05.565026,28995
9510941,85,Active,5,19,2014-01-30 01:30:05.569988,28995
9510942,86,Active,33,1,2014-01-30 01:30:05.57476,28995
9510943,87,Active,22,5,2014-01-30 01:30:05.579616,28995
9510944,88,Active,15,19,2014-01-30 01:30:05.584523,28995
9510945,89,Active,7,46,2014-01-30 01:30:05.589261,28995
9510946,90,Active,12,25,2014-01-30 01:30:05.594536,28995
9510947,91,Active,12,11,2014-01-30 01:30:05.599161,28995
9510948,92,Active,27,4,2014-01-30 01:30:05.603807,28995
9510949,93,Active,14,20,2014-01-30 01:30:05.608793,28995
9510950,94,Active,12,21,2014-01-30 01:30:05.613793,28995
9510951,95,Active,9,28,2014-01-30 01:30:05.618743,28995
9510952,96,Active,7,24,2014-01-30 01:30:05.623739,28995
9510953,97,Active,22,4,2014-01-30 01:30:05.628392,28995
9510954,98,Active,5,35,2014-01-30 01:30:05.633656,28995
9510955,99,Active,20,16,2014-01-30 01:30:05.638591,28995
9510956,100,Active,1,28,2014-01-30 01:30:05.643693,28995
9510957,101,Active,17,14,2014-01-30 01:30:05.648593,28995
9510958,102,Active,7,16,2014-01-30 01:30:05.653559,28995
9510959,103,Active,0,38,2014-01-30 01:30:05.662057,28995
9510960,104,Active,22,7,2014-01-30 01:30:05.667323,28995
9510961,105,Active,9,33,2014-01-30 01:30:05.672111,28995
9510962,106,Active,22,4,2014-01-30 01:30:05.677031,28995
9510963,107,Active,16,15,2014-01-30 01:30:05.682039,28995
9510964,108,Active,10,25,2014-01-30 01:30:05.687025,28995
9510965,109,Active,8,31,2014-01-30 01:30:05.692069,28995
9510966,110,Inactive,0,3,2014-01-30 01:30:05.696808,28995
9510967,111,Active,2,29,2014-01-30 01:30:05.701203,28995
9510968,112,Active,11,28,2014-01-30 01:30:05.727729,28995
9510969,113,Active,34,17,2014-01-30 01:30:05.734242,28995
9510970,114,Active,14,21,2014-01-30 01:30:05.739655,28995
9510971,115,Active,12,15,2014-01-30 01:30:05.745557,28995
9510972,116,Active,19,20,2014-01-30 01:30:05.750725,28995
9510973,117,Active,1,22,2014-01-30 01:30:05.755927,28995
9510974,118,Active,1,30,2014-01-30 01:30:05.76087,28995
9510975,119,Active,16,22,2014-01-30 01:30:05.765881,28995
9510976,120,Active,2,25,2014-01-30 01:30:05.771201,28995
9510977,121,Active,3,21,2014-01-30 01:30:05.776506,28995
9510978,122,Active,19,11,2014-01-30 01:30:05.781588,28995
9510979,123,Active,8,19,2014-01-30 01:30:05.7863,28995
9510980,124,Active,29,6,2014-01-30 01:30:05.791168,28995
9510981,125,Active,14,23,2014-01-30 01:30:05.796172,28995
9510982,126,Active,0,24,2014-01-30 01:30:05.803157,28995
9510983,127,Active,8,18,2014-01-30 01:30:05.808056,28995
9510984,128,Active,5,13,2014-01-30 01:30:05.812479,28995
9510985,129,Active,9,20,2014-01-30 01:30:05.817144,28995
9510986,130,Active,2,21,2014-01-30 01:30:05.821942,28995
9510987,131,Active,3,20,2014-01-30 01:30:05.826697,28995
9510988,132,Active,33,1,2014-01-30 01:30:05.831809,28995
9510989,133,Active,25,2,2014-01-30 01:30:05.836362,28995
9510990,134,Active,19,14,2014-01-30 01:30:05.841282,28995
9510991,135,Active,29,13,2014-01-30 01:30:05.845987,28995
9510992,136,Active,1,22,2014-01-30 01:30:05.850678,28995
9510993,137,Active,9,19,2014-01-30 01:30:05.855768,28995
9510994,138,Active,20,19,2014-01-30 01:30:05.860709,28995
9510995,139,Active,3,33,2014-01-30 01:30:05.865244,28995
9510996,140,Active,1,26,2014-01-30 01:30:05.870024,28995
9510997,141,Active,14,17,2014-01-30 01:30:05.874897,28995
9510998,142,Active,31,11,2014-01-30 01:30:05.88005,28995
9510999,143,Active,15,8,2014-01-30 01:30:05.884826,28995
9511000,144,Active,8,19,2014-01-30 01:30:05.889434,28995
9511001,145,Active,32,4,2014-01-30 01:30:05.896175,28995
9511002,146,Active,1,54,2014-01-30 01:30:05.901336,28995
9511003,147,Active,5,34,2014-01-30 01:30:05.906876,28995
9511004,148,Active,8,34,2014-01-30 01:30:05.914391,28995
9511005,149,Inactive,0,57,2014-01-30 01:30:05.91918,28995
9511006,150,Active,17,32,2014-01-30 01:30:05.923954,28995
9511007,151,Active,4,22,2014-01-30 01:30:05.928798,28995
9511008,152,Active,15,15,2014-01-30 01:30:05.933608,28995
9511009,153,Active,14,19,2014-01-30 01:30:05.938736,28995
9511010,154,Active,4,30,2014-01-30 01:30:05.943572,28995
9511011,155,Active,33,6,2014-01-30 01:30:05.948342,28995
9511012,156,Active,15,20,2014-01-30 01:30:05.953343,28995
9511013,157,Active,6,21,2014-01-30 01:30:05.958127,28995
9511014,158,Active,12,7,2014-01-30 01:30:05.962768,28995
9511015,159,Active,22,6,2014-01-30 01:30:05.967821,28995
9511016,160,Active,6,37,2014-01-30 01:30:05.972786,28995
9511017,161,Active,30,16,2014-01-30 01:30:05.977619,28995
9511018,162,Active,40,1,2014-01-30 01:30:05.982349,28995
9511019,163,Active,17,21,2014-01-30 01:30:05.987143,28995
9511020,164,Active,30,6,2014-01-30 01:30:05.992254,28995
9511021,165,Active,32,5,2014-01-30 01:30:05.996979,28995
9511022,166,Active,1,30,2014-01-30 01:30:06.005528,28995
9511023,167,Active,7,22,2014-01-30 01:30:06.017575,28995
9511024,168,Active,17,25,2014-01-30 01:30:06.056027,28995
9511025,169,Active,0,39,2014-01-30 01:30:06.061504,28995
9511026,170,Active,2,33,2014-01-30 01:30:06.067736,28995
9511027,171,Active,11,16,2014-01-30 01:30:06.072809,28995
9511028,172,Active,7,24,2014-01-30 01:30:06.077502,28995
9511029,173,Active,3,28,2014-01-30 01:30:06.082332,28995
9511030,174,Active,25,7,2014-01-30 01:30:06.087082,28995
9511031,175,Active,12,19,2014-01-30 01:30:06.091769,28995
9511032,176,Active,11,21,2014-01-30 01:30:06.096512,28995
9511033,177,Active,15,15,2014-01-30 01:30:06.101519,28995
9511034,178,Active,3,22,2014-01-30 01:30:06.106332,28995
9511035,179,Active,4,23,2014-01-30 01:30:06.111078,28995
9511036,180,Active,20,11,2014-01-30 01:30:06.115841,28995
9511037,181,Active,5,21,2014-01-30 01:30:06.122474,28995
9511038,182,Active,2,13,2014-01-30 01:30:06.127346,28995
9511039,183,Active,8,32,2014-01-30 01:30:06.132273,28995
9511040,184,Active,1,37,2014-01-30 01:30:06.137167,28995
9511041,185,Active,26,5,2014-01-30 01:30:06.14223,28995
9511042,186,Active,20,18,2014-01-30 01:30:06.146828,28995
9511043,187,Active,7,33,2014-01-30 01:30:06.151714,28995
9511044,188,Active,5,29,2014-01-30 01:30:06.156788,28995
9511045,189,Active,4,39,2014-01-30 01:30:06.161564,28995
9511046,190,Active,11,12,2014-01-30 01:30:06.166201,28995
9511047,191,Active,4,15,2014-01-30 01:30:06.171277,28995
9511048,192,Active,30,5,2014-01-30 01:30:06.176011,28995
9511049,193,Active,6,17,2014-01-30 01:30:06.180681,28995
9511050,194,Active,8,21,2014-01-30 01:30:06.185586,28995
9511051,195,Active,11,13,2014-01-30 01:30:06.190677,28995
9511052,196,Active,8,34,2014-01-30 01:30:06.196471,28995
9511053,197,Active,5,26,2014-01-30 01:30:06.201596,28995
9511054,198,Active,25,19,2014-01-30 01:30:06.206934,28995
9511055,199,Active,6,17,2014-01-30 01:30:06.212304,28995
9511056,200,Active,2,21,2014-01-30 01:30:06.217407,28995
9511057,201,Active,1,22,2014-01-30 01:30:06.2266,28995
9511058,202,Active,3,16,2014-01-30 01:30:06.231856,28995
9511059,203,Active,8,47,2014-01-30 01:30:06.237331,28995
9511060,204,Active,0,39,2014-01-30 01:30:06.244256,28995
9511061,205,Active,7,22,2014-01-30 01:30:06.249503,28995
9511062,206,Active,10,49,2014-01-30 01:30:06.255487,28995
9511063,207,Active,5,25,2014-01-30 01:30:06.261081,28995
9511064,208,Active,9,17,2014-01-30 01:30:06.266631,28995
9511065,209,Active,10,20,2014-01-30 01:30:06.271649,28995
9511066,210,Active,16,13,2014-01-30 01:30:06.276391,28995
9511067,211,Active,7,32,2014-01-30 01:30:06.281203,28995
9511068,212,Active,24,1,2014-01-30 01:30:06.286543,28995
9511069,213,Active,2,45,2014-01-30 01:30:06.291468,28995
9511070,214,Active,0,27,2014-01-30 01:30:06.296281,28995
9511071,215,Active,0,27,2014-01-30 01:30:06.300994,28995
9511072,216,Active,14,11,2014-01-30 01:30:06.30587,28995
9511073,217,Active,10,28,2014-01-30 01:30:06.310906,28995
9511074,218,Active,0,32,2014-01-30 01:30:06.316041,28995
9511075,219,Active,33,2,2014-01-30 01:30:06.321831,28995
9511076,220,Active,1,49,2014-01-30 01:30:06.326981,28995
9511077,221,Active,12,11,2014-01-30 01:30:06.331873,28995
9511078,222,Active,14,38,2014-01-30 01:30:06.336916,28995
9511079,223,Active,23,19,2014-01-30 01:30:06.342297,28995
9511080,224,Active,23,15,2014-01-30 01:30:06.370627,28995
9511081,225,Active,7,24,2014-01-30 01:30:06.375852,28995
9511082,226,Active,23,8,2014-01-30 01:30:06.380922,28995
9511083,227,Active,7,23,2014-01-30 01:30:06.390721,28995
9511084,228,Active,4,54,2014-01-30 01:30:06.396332,28995
9511085,229,Active,30,9,2014-01-30 01:30:06.401638,28995
9511086,230,Active,12,22,2014-01-30 01:30:06.406765,28995
9511087,231,Active,1,37,2014-01-30 01:30:06.412153,28995
9511088,232,Active,0,35,2014-01-30 01:30:06.417217,28995
9511089,233,Active,3,56,2014-01-30 01:30:06.42201,28995
9511090,234,Active,0,31,2014-01-30 01:30:06.426904,28995
9511091,235,Active,30,18,2014-01-30 01:30:06.431584,28995
9511092,236,Active,5,18,2014-01-30 01:30:06.4371,28995
9511093,237,Active,23,16,2014-01-30 01:30:06.442581,28995
9511094,238,Active,7,40,2014-01-30 01:30:06.447438,28995
9511095,239,Active,4,19,2014-01-30 01:30:06.452287,28995
9511096,240,Active,21,37,2014-01-30 01:30:06.457058,28995
9511097,241,Inactive,0,39,2014-01-30 01:30:06.461714,28995
9511098,242,Active,16,18,2014-01-30 01:30:06.466872,28995
9511099,243,Active,18,16,2014-01-30 01:30:06.47165,28995
9511100,244,Active,14,45,2014-01-30 01:30:06.476557,28995
9511101,245,Active,0,52,2014-01-30 01:30:06.481452,28995
9511102,246,Active,7,30,2014-01-30 01:30:06.486319,28995
9511103,247,Active,16,11,2014-01-30 01:30:06.491312,28995
9511104,248,Active,5,36,2014-01-30 01:30:06.496109,28995
9511105,249,Active,4,38,2014-01-30 01:30:06.502251,28995
9511106,250,Active,6,39,2014-01-30 01:30:06.507228,28995
9511107,251,Active,13,23,2014-01-30 01:30:06.511738,28995
9511108,252,Active,27,19,2014-01-30 01:30:06.516879,28995
9511109,253,Active,59,0,2014-01-30 01:30:06.521859,28995
9511110,254,Active,11,20,2014-01-30 01:30:06.526836,28995
9511111,255,Active,29,2,2014-01-30 01:30:06.53194,28995
9511112,256,Active,19,8,2014-01-30 01:30:06.536816,28995
9511113,257,Active,15,10,2014-01-30 01:30:06.541873,28995
9511114,258,Active,36,3,2014-01-30 01:30:06.546879,28995
9511115,259,Active,17,17,2014-01-30 01:30:06.551756,28995
9511116,260,Active,3,40,2014-01-30 01:30:06.556846,28995
9511117,261,Active,0,39,2014-01-30 01:30:06.561749,28995
9511118,262,Active,7,32,2014-01-30 01:30:06.566677,28995
9511119,263,Active,28,7,2014-01-30 01:30:06.571606,28995
9511120,264,Active,39,0,2014-01-30 01:30:06.576303,28995
9511121,265,Active,22,15,2014-01-30 01:30:06.581196,28995
9511122,266,Active,57,2,2014-01-30 01:30:06.586056,28995
9511123,267,Active,0,52,2014-01-30 01:30:06.590892,28995
9511124,268,Active,47,1,2014-01-30 01:30:06.595808,28995
9511125,269,Active,11,23,2014-01-30 01:30:06.600688,28995
9511126,270,Active,26,9,2014-01-30 01:30:06.60538,28995
9511127,271,Active,15,10,2014-01-30 01:30:06.612581,28995
9511128,272,Active,29,16,2014-01-30 01:30:06.617811,28995
9511129,273,Active,30,29,2014-01-30 01:30:06.622664,28995
9511130,274,Active,15,15,2014-01-30 01:30:06.627621,28995
9511131,275,Active,21,14,2014-01-30 01:30:06.632354,28995
9511132,276,Active,1,42,2014-01-30 01:30:06.637358,28995
9511133,277,Active,43,0,2014-01-30 01:30:06.642186,28995
9511134,330,Active,6,24,2014-01-30 01:30:06.647034,28995
9511135,278,Active,9,19,2014-01-30 01:30:06.652499,28995
9511136,279,Active,10,33,2014-01-30 01:30:06.682982,28995
9511137,280,Active,24,12,2014-01-30 01:30:06.690305,28995
9511138,281,Active,11,35,2014-01-30 01:30:06.695906,28995
9511139,282,Active,5,19,2014-01-30 01:30:06.700999,28995
9511140,283,Active,18,18,2014-01-30 01:30:06.70573,28995
9511141,284,Active,1,50,2014-01-30 01:30:06.710832,28995
9511142,285,Active,6,24,2014-01-30 01:30:06.715672,28995
9511143,286,Active,3,23,2014-01-30 01:30:06.720438,28995
9511144,287,Active,2,25,2014-01-30 01:30:06.725384,28995
9511145,288,Active,45,8,2014-01-30 01:30:06.730286,28995
9511146,289,Active,31,3,2014-01-30 01:30:06.735381,28995
9511147,290,Active,2,36,2014-01-30 01:30:06.740413,28995
9511148,291,Active,1,54,2014-01-30 01:30:06.745301,28995
9511149,292,Active,6,32,2014-01-30 01:30:06.750404,28995
9511150,293,Active,13,45,2014-01-30 01:30:06.755289,28995
9511151,294,Active,0,39,2014-01-30 01:30:06.760165,28995
9511152,295,Active,63,1,2014-01-30 01:30:06.766401,28995
9511153,296,Active,14,37,2014-01-30 01:30:06.771463,28995
9511154,297,Active,51,0,2014-01-30 01:30:06.776224,28995
9511155,298,Active,26,30,2014-01-30 01:30:06.780887,28995
9511156,299,Active,24,15,2014-01-30 01:30:06.785923,28995
9511157,300,Active,13,27,2014-01-30 01:30:06.790854,28995
9511158,301,Active,4,55,2014-01-30 01:30:06.795589,28995
9511159,302,Active,33,6,2014-01-30 01:30:06.802003,28995
9511160,303,Active,40,0,2014-01-30 01:30:06.806674,28995
9511161,305,Active,19,19,2014-01-30 01:30:06.811324,28995
9511162,306,Active,36,7,2014-01-30 01:30:06.8167,28995
9511163,307,Inactive,0,50,2014-01-30 01:30:06.821778,28995
9511164,308,Active,1,29,2014-01-30 01:30:06.826564,28995
9511165,309,Active,1,27,2014-01-30 01:30:06.831563,28995
9511166,310,Active,19,20,2014-01-30 01:30:06.836509,28995
9511167,311,Active,0,37,2014-01-30 01:30:06.841537,28995
9511168,312,Active,23,8,2014-01-30 01:30:06.846634,28995
9511169,313,Active,3,34,2014-01-30 01:30:06.851471,28995
9511170,314,Active,10,15,2014-01-30 01:30:06.856338,28995
9511171,315,Active,6,31,2014-01-30 01:30:06.861053,28995
9511172,316,Active,20,10,2014-01-30 01:30:06.865895,28995
9511173,317,Active,10,5,2014-01-30 01:30:06.870891,28995
9511174,318,Active,18,9,2014-01-30 01:30:06.875804,28995
9511175,319,Active,13,17,2014-01-30 01:30:06.880987,28995
9511176,320,Active,5,31,2014-01-30 01:30:06.886055,28995
9511177,321,Active,11,1,2014-01-30 01:30:06.891364,28995
9511178,322,Active,17,32,2014-01-30 01:30:06.896693,28995
9511179,332,Active,12,12,2014-01-30 01:30:06.901709,28995
9511180,327,Active,13,22,2014-01-30 01:30:06.907334,28995
9511181,328,Active,13,26,2014-01-30 01:30:06.925788,28995
9511182,331,Active,2,34,2014-01-30 01:30:06.931351,28995
9511183,323,Active,1,38,2014-01-30 01:30:06.936524,28995
9511184,324,Active,41,2,2014-01-30 01:30:06.941536,28995
9511185,329,Active,27,5,2014-01-30 01:30:06.946563,28995
9511186,325,Active,2,32,2014-01-30 01:30:06.951331,28995
9511187,326,Active,10,14,2014-01-30 01:30:06.956528,28995
9511188,1,Active,9,30,2014-01-30 01:40:04.900675,28996
9511189,2,Active,10,23,2014-01-30 01:40:04.912181,28996
9511190,3,Active,16,9,2014-01-30 01:40:04.916457,28996
9511191,4,Active,35,26,2014-01-30 01:40:04.920408,28996
9511192,5,Active,20,18,2014-01-30 01:40:04.924251,28996
9511193,6,Active,5,13,2014-01-30 01:40:04.928085,28996
9511194,7,Active,3,16,2014-01-30 01:40:04.931983,28996
9511195,8,Active,18,13,2014-01-30 01:40:04.935877,28996
9511196,9,Active,20,10,2014-01-30 01:40:04.939757,28996
9511197,10,Active,5,41,2014-01-30 01:40:04.943601,28996
9511198,11,Active,5,19,2014-01-30 01:40:04.947379,28996
9511199,12,Active,0,19,2014-01-30 01:40:04.9512,28996
9511200,13,Active,11,28,2014-01-30 01:40:04.955116,28996
9511201,14,Active,21,11,2014-01-30 01:40:04.959028,28996
9511202,15,Active,3,28,2014-01-30 01:40:04.962901,28996
9511203,16,Active,16,16,2014-01-30 01:40:04.966813,28996
9511204,17,Active,14,13,2014-01-30 01:40:04.971021,28996
9511205,18,Active,0,54,2014-01-30 01:40:04.975158,28996
9511206,19,Active,15,8,2014-01-30 01:40:04.979104,28996
9511207,20,Active,12,13,2014-01-30 01:40:04.983285,28996
9511208,21,Active,25,9,2014-01-30 01:40:04.987263,28996
9511209,22,Active,5,42,2014-01-30 01:40:04.991177,28996
9511210,23,Active,24,20,2014-01-30 01:40:04.999045,28996
9511211,24,Active,0,44,2014-01-30 01:40:05.003092,28996
9511212,25,Active,4,45,2014-01-30 01:40:05.007255,28996
9511213,26,Active,2,28,2014-01-30 01:40:05.011807,28996
9511214,27,Active,2,43,2014-01-30 01:40:05.016036,28996
9511215,28,Active,0,26,2014-01-30 01:40:05.020454,28996
9511216,29,Active,4,19,2014-01-30 01:40:05.024765,28996
9511217,30,Active,29,10,2014-01-30 01:40:05.029088,28996
9511218,31,Active,12,26,2014-01-30 01:40:05.03333,28996
9511219,32,Active,27,6,2014-01-30 01:40:05.037652,28996
9511220,33,Active,3,28,2014-01-30 01:40:05.041626,28996
9511221,34,Active,5,31,2014-01-30 01:40:05.046218,28996
9511222,35,Active,2,52,2014-01-30 01:40:05.050612,28996
9511223,36,Active,19,7,2014-01-30 01:40:05.054573,28996
9511224,37,Active,10,12,2014-01-30 01:40:05.058688,28996
9511225,38,Active,1,38,2014-01-30 01:40:05.062613,28996
9511226,39,Active,5,33,2014-01-30 01:40:05.06652,28996
9511227,40,Active,24,15,2014-01-30 01:40:05.070444,28996
9511228,41,Active,23,7,2014-01-30 01:40:05.074698,28996
9511229,42,Active,14,17,2014-01-30 01:40:05.07863,28996
9511230,43,Active,6,16,2014-01-30 01:40:05.082529,28996
9511231,44,Active,9,12,2014-01-30 01:40:05.086433,28996
9511232,45,Inactive,0,3,2014-01-30 01:40:05.092391,28996
9511233,46,Active,3,28,2014-01-30 01:40:05.096415,28996
9511234,47,Active,3,20,2014-01-30 01:40:05.100394,28996
9511235,48,Active,18,1,2014-01-30 01:40:05.108789,28996
9511236,49,Active,7,16,2014-01-30 01:40:05.113074,28996
9511237,50,Active,5,22,2014-01-30 01:40:05.11701,28996
9511238,51,Active,11,29,2014-01-30 01:40:05.121032,28996
9511239,52,Active,17,9,2014-01-30 01:40:05.125622,28996
9511240,53,Active,18,15,2014-01-30 01:40:05.129597,28996
9511241,54,Inactive,0,47,2014-01-30 01:40:05.133836,28996
9511242,55,Active,26,2,2014-01-30 01:40:05.138103,28996
9511243,56,Active,22,17,2014-01-30 01:40:05.164554,28996
9511244,57,Active,5,18,2014-01-30 01:40:05.170288,28996
9511245,58,Active,16,23,2014-01-30 01:40:05.175116,28996
9511246,59,Active,8,27,2014-01-30 01:40:05.179852,28996
9511247,60,Active,1,26,2014-01-30 01:40:05.184567,28996
9511248,61,Active,4,20,2014-01-30 01:40:05.189711,28996
9511249,62,Active,18,13,2014-01-30 01:40:05.194456,28996
9511250,63,Active,11,14,2014-01-30 01:40:05.199161,28996
9511251,64,Active,24,9,2014-01-30 01:40:05.204046,28996
9511252,65,Active,5,19,2014-01-30 01:40:05.208892,28996
9511253,66,Inactive,0,33,2014-01-30 01:40:05.213693,28996
9511254,67,Active,17,10,2014-01-30 01:40:05.218569,28996
9511255,68,Active,9,14,2014-01-30 01:40:05.22328,28996
9511256,69,Active,22,15,2014-01-30 01:40:05.227933,28996
9511257,70,Active,8,22,2014-01-30 01:40:05.235517,28996
9511258,71,Active,2,17,2014-01-30 01:40:05.240111,28996
9511259,72,Active,7,17,2014-01-30 01:40:05.244803,28996
9511260,73,Active,5,14,2014-01-30 01:40:05.249891,28996
9511261,74,Active,8,11,2014-01-30 01:40:05.254577,28996
9511262,75,Active,24,7,2014-01-30 01:40:05.259305,28996
9511263,76,Active,19,40,2014-01-30 01:40:05.263984,28996
9511264,77,Active,23,3,2014-01-30 01:40:05.26871,28996
9511265,78,Active,37,6,2014-01-30 01:40:05.273488,28996
9511266,79,Active,37,8,2014-01-30 01:40:05.278143,28996
9511267,80,Active,4,15,2014-01-30 01:40:05.282867,28996
9511268,81,Active,11,17,2014-01-30 01:40:05.287507,28996
9511269,82,Active,2,18,2014-01-30 01:40:05.292692,28996
9511270,83,Active,25,26,2014-01-30 01:40:05.297695,28996
9511271,84,Active,21,10,2014-01-30 01:40:05.302447,28996
9511272,85,Active,4,20,2014-01-30 01:40:05.307069,28996
9511273,86,Active,33,1,2014-01-30 01:40:05.3117,28996
9511274,87,Active,22,5,2014-01-30 01:40:05.316367,28996
9511275,88,Active,15,19,2014-01-30 01:40:05.321211,28996
9511276,89,Active,8,45,2014-01-30 01:40:05.32662,28996
9511277,90,Active,13,24,2014-01-30 01:40:05.331911,28996
9511278,91,Active,13,10,2014-01-30 01:40:05.339221,28996
9511279,92,Active,26,5,2014-01-30 01:40:05.34425,28996
9511280,93,Active,14,20,2014-01-30 01:40:05.349471,28996
9511281,94,Active,12,21,2014-01-30 01:40:05.354214,28996
9511282,95,Active,9,28,2014-01-30 01:40:05.358903,28996
9511283,96,Active,6,25,2014-01-30 01:40:05.36363,28996
9511284,97,Active,22,4,2014-01-30 01:40:05.368518,28996
9511285,98,Active,5,35,2014-01-30 01:40:05.375508,28996
9511286,99,Active,21,15,2014-01-30 01:40:05.380413,28996
9511287,100,Active,1,28,2014-01-30 01:40:05.385436,28996
9511288,101,Active,17,14,2014-01-30 01:40:05.390241,28996
9511289,102,Active,7,16,2014-01-30 01:40:05.394892,28996
9511290,103,Active,0,38,2014-01-30 01:40:05.399876,28996
9511291,104,Active,22,7,2014-01-30 01:40:05.404714,28996
9511292,105,Active,9,32,2014-01-30 01:40:05.41142,28996
9511293,106,Active,22,4,2014-01-30 01:40:05.417184,28996
9511294,107,Active,16,15,2014-01-30 01:40:05.421917,28996
9511295,108,Active,10,25,2014-01-30 01:40:05.426868,28996
9511296,109,Active,7,32,2014-01-30 01:40:05.431621,28996
9511297,110,Inactive,0,3,2014-01-30 01:40:05.436626,28996
9511298,111,Active,2,29,2014-01-30 01:40:05.441076,28996
9511299,112,Active,11,28,2014-01-30 01:40:05.467794,28996
9511300,113,Active,34,17,2014-01-30 01:40:05.473596,28996
9511301,114,Active,13,22,2014-01-30 01:40:05.478594,28996
9511302,115,Active,12,15,2014-01-30 01:40:05.483337,28996
9511303,116,Active,19,20,2014-01-30 01:40:05.487922,28996
9511304,117,Active,1,22,2014-01-30 01:40:05.492926,28996
9511305,118,Active,1,30,2014-01-30 01:40:05.497947,28996
9511306,119,Active,16,22,2014-01-30 01:40:05.503111,28996
9511307,120,Active,2,25,2014-01-30 01:40:05.508006,28996
9511308,121,Active,4,20,2014-01-30 01:40:05.513243,28996
9511309,122,Active,19,11,2014-01-30 01:40:05.518098,28996
9511310,123,Active,8,19,2014-01-30 01:40:05.52294,28996
9511311,124,Active,29,6,2014-01-30 01:40:05.527552,28996
9511312,125,Active,14,23,2014-01-30 01:40:05.532378,28996
9511313,126,Active,0,24,2014-01-30 01:40:05.536976,28996
9511314,127,Active,8,18,2014-01-30 01:40:05.543441,28996
9511315,128,Active,5,13,2014-01-30 01:40:05.548592,28996
9511316,129,Active,9,20,2014-01-30 01:40:05.553794,28996
9511317,130,Active,2,21,2014-01-30 01:40:05.558528,28996
9511318,131,Active,3,20,2014-01-30 01:40:05.563295,28996
9511319,132,Active,32,2,2014-01-30 01:40:05.567805,28996
9511320,133,Active,25,2,2014-01-30 01:40:05.572875,28996
9511321,134,Active,19,14,2014-01-30 01:40:05.577894,28996
9511322,135,Active,29,13,2014-01-30 01:40:05.582715,28996
9511323,136,Active,3,20,2014-01-30 01:40:05.587987,28996
9511324,137,Active,9,19,2014-01-30 01:40:05.593018,28996
9511325,138,Active,20,19,2014-01-30 01:40:05.598084,28996
9511326,139,Active,3,33,2014-01-30 01:40:05.603064,28996
9511327,140,Active,1,26,2014-01-30 01:40:05.608745,28996
9511328,141,Active,14,17,2014-01-30 01:40:05.613629,28996
9511329,142,Active,36,6,2014-01-30 01:40:05.618753,28996
9511330,143,Active,15,8,2014-01-30 01:40:05.624056,28996
9511331,144,Active,8,19,2014-01-30 01:40:05.62885,28996
9511332,145,Active,32,4,2014-01-30 01:40:05.634077,28996
9511333,146,Active,1,54,2014-01-30 01:40:05.63862,28996
9511334,147,Active,5,34,2014-01-30 01:40:05.643622,28996
9511335,148,Active,8,34,2014-01-30 01:40:05.648672,28996
9511336,149,Inactive,0,57,2014-01-30 01:40:05.653302,28996
9511337,150,Active,17,32,2014-01-30 01:40:05.658039,28996
9511338,151,Active,5,21,2014-01-30 01:40:05.662821,28996
9511339,152,Active,15,15,2014-01-30 01:40:05.667665,28996
9511340,153,Active,15,18,2014-01-30 01:40:05.672511,28996
9511341,154,Active,4,30,2014-01-30 01:40:05.677532,28996
9511342,155,Active,33,6,2014-01-30 01:40:05.682482,28996
9511343,156,Active,14,21,2014-01-30 01:40:05.687467,28996
9511344,157,Active,6,21,2014-01-30 01:40:05.692625,28996
9511345,158,Active,12,7,2014-01-30 01:40:05.697943,28996
9511346,159,Active,20,8,2014-01-30 01:40:05.702749,28996
9511347,160,Active,6,37,2014-01-30 01:40:05.707698,28996
9511348,161,Active,31,15,2014-01-30 01:40:05.712587,28996
9511349,162,Active,39,2,2014-01-30 01:40:05.717364,28996
9511350,163,Active,18,20,2014-01-30 01:40:05.722192,28996
9511351,164,Active,29,7,2014-01-30 01:40:05.72696,28996
9511352,165,Active,32,5,2014-01-30 01:40:05.731748,28996
9511353,166,Active,2,29,2014-01-30 01:40:05.736577,28996
9511354,167,Active,7,22,2014-01-30 01:40:05.741532,28996
9511355,168,Active,17,25,2014-01-30 01:40:05.76913,28996
9511356,169,Active,0,39,2014-01-30 01:40:05.77505,28996
9511357,170,Active,2,33,2014-01-30 01:40:05.77976,28996
9511358,171,Active,11,16,2014-01-30 01:40:05.784564,28996
9511359,172,Active,7,24,2014-01-30 01:40:05.790124,28996
9511360,173,Active,1,30,2014-01-30 01:40:05.794787,28996
9511361,174,Active,25,7,2014-01-30 01:40:05.799595,28996
9511362,175,Active,13,18,2014-01-30 01:40:05.804412,28996
9511363,176,Active,11,21,2014-01-30 01:40:05.809149,28996
9511364,177,Active,15,15,2014-01-30 01:40:05.813832,28996
9511365,178,Active,3,22,2014-01-30 01:40:05.818821,28996
9511366,179,Active,4,23,2014-01-30 01:40:05.824106,28996
9511367,180,Active,20,11,2014-01-30 01:40:05.82892,28996
9511368,181,Active,4,22,2014-01-30 01:40:05.833732,28996
9511369,182,Active,2,13,2014-01-30 01:40:05.838301,28996
9511370,183,Active,8,32,2014-01-30 01:40:05.843591,28996
9511371,184,Active,0,38,2014-01-30 01:40:05.84976,28996
9511372,185,Active,27,4,2014-01-30 01:40:05.854296,28996
9511373,186,Active,19,19,2014-01-30 01:40:05.859528,28996
9511374,187,Active,6,34,2014-01-30 01:40:05.864695,28996
9511375,188,Active,6,28,2014-01-30 01:40:05.869709,28996
9511376,189,Active,4,39,2014-01-30 01:40:05.874632,28996
9511377,190,Active,12,11,2014-01-30 01:40:05.879743,28996
9511378,191,Active,4,15,2014-01-30 01:40:05.884602,28996
9511379,192,Active,30,5,2014-01-30 01:40:05.889615,28996
9511380,193,Active,8,15,2014-01-30 01:40:05.89418,28996
9511381,194,Active,7,22,2014-01-30 01:40:05.900056,28996
9511382,195,Active,12,12,2014-01-30 01:40:05.904627,28996
9511383,196,Active,8,34,2014-01-30 01:40:05.909446,28996
9511384,197,Active,6,25,2014-01-30 01:40:05.914557,28996
9511385,198,Active,25,19,2014-01-30 01:40:05.919347,28996
9511386,199,Active,6,17,2014-01-30 01:40:05.924317,28996
9511387,200,Active,2,21,2014-01-30 01:40:05.929737,28996
9511388,201,Active,1,22,2014-01-30 01:40:05.934512,28996
9511389,202,Active,3,16,2014-01-30 01:40:05.939889,28996
9511390,203,Active,10,45,2014-01-30 01:40:05.944623,28996
9511391,204,Active,0,39,2014-01-30 01:40:05.949611,28996
9511392,205,Active,7,22,2014-01-30 01:40:05.954363,28996
9511393,206,Active,10,49,2014-01-30 01:40:05.959272,28996
9511394,207,Active,5,25,2014-01-30 01:40:05.964032,28996
9511395,208,Active,8,18,2014-01-30 01:40:05.968768,28996
9511396,209,Active,10,20,2014-01-30 01:40:05.973857,28996
9511397,210,Active,16,13,2014-01-30 01:40:05.978553,28996
9511398,211,Active,6,33,2014-01-30 01:40:05.987551,28996
9511399,212,Active,24,1,2014-01-30 01:40:05.993007,28996
9511400,213,Active,1,46,2014-01-30 01:40:05.997878,28996
9511401,214,Active,0,27,2014-01-30 01:40:06.008172,28996
9511402,215,Active,0,27,2014-01-30 01:40:06.017087,28996
9511403,216,Active,17,8,2014-01-30 01:40:06.039816,28996
9511404,217,Active,10,28,2014-01-30 01:40:06.044823,28996
9511405,218,Active,0,32,2014-01-30 01:40:06.057157,28996
9511406,219,Active,33,2,2014-01-30 01:40:06.062132,28996
9511407,220,Active,1,49,2014-01-30 01:40:06.066769,28996
9511408,221,Active,12,11,2014-01-30 01:40:06.071548,28996
9511409,222,Active,13,39,2014-01-30 01:40:06.076887,28996
9511410,223,Active,24,18,2014-01-30 01:40:06.081709,28996
9511411,224,Active,26,11,2014-01-30 01:40:06.109437,28996
9511412,225,Active,6,25,2014-01-30 01:40:06.115001,28996
9511413,226,Active,23,8,2014-01-30 01:40:06.119741,28996
9511414,227,Active,7,23,2014-01-30 01:40:06.125166,28996
9511415,228,Active,4,54,2014-01-30 01:40:06.130161,28996
9511416,229,Active,29,10,2014-01-30 01:40:06.134812,28996
9511417,230,Active,12,22,2014-01-30 01:40:06.139569,28996
9511418,231,Active,1,37,2014-01-30 01:40:06.144284,28996
9511419,232,Active,0,35,2014-01-30 01:40:06.14904,28996
9511420,233,Active,4,55,2014-01-30 01:40:06.153841,28996
9511421,234,Active,0,31,2014-01-30 01:40:06.158803,28996
9511422,235,Active,31,17,2014-01-30 01:40:06.163474,28996
9511423,236,Active,6,17,2014-01-30 01:40:06.168237,28996
9511424,237,Active,24,15,2014-01-30 01:40:06.173108,28996
9511425,238,Active,8,39,2014-01-30 01:40:06.177727,28996
9511426,239,Active,4,19,2014-01-30 01:40:06.182435,28996
9511427,240,Active,21,37,2014-01-30 01:40:06.188049,28996
9511428,241,Inactive,0,39,2014-01-30 01:40:06.192821,28996
9511429,242,Active,16,18,2014-01-30 01:40:06.19763,28996
9511430,243,Active,19,15,2014-01-30 01:40:06.202353,28996
9511431,244,Active,14,45,2014-01-30 01:40:06.208279,28996
9511432,245,Active,0,52,2014-01-30 01:40:06.21373,28996
9511433,246,Active,7,30,2014-01-30 01:40:06.218965,28996
9511434,247,Active,16,11,2014-01-30 01:40:06.224648,28996
9511435,248,Active,2,39,2014-01-30 01:40:06.229886,28996
9511436,249,Active,4,38,2014-01-30 01:40:06.235111,28996
9511437,250,Active,7,38,2014-01-30 01:40:06.240284,28996
9511438,251,Active,13,23,2014-01-30 01:40:06.24517,28996
9511439,252,Active,28,18,2014-01-30 01:40:06.250407,28996
9511440,253,Active,57,2,2014-01-30 01:40:06.255239,28996
9511441,254,Active,13,18,2014-01-30 01:40:06.259854,28996
9511442,255,Active,29,2,2014-01-30 01:40:06.265087,28996
9511443,256,Active,19,8,2014-01-30 01:40:06.270309,28996
9511444,257,Active,16,9,2014-01-30 01:40:06.275339,28996
9511445,258,Active,34,5,2014-01-30 01:40:06.280341,28996
9511446,259,Active,21,13,2014-01-30 01:40:06.285584,28996
9511447,260,Active,2,41,2014-01-30 01:40:06.290856,28996
9511448,261,Active,0,39,2014-01-30 01:40:06.29584,28996
9511449,262,Active,7,32,2014-01-30 01:40:06.303439,28996
9511450,263,Active,28,7,2014-01-30 01:40:06.308469,28996
9511451,264,Active,39,0,2014-01-30 01:40:06.313346,28996
9511452,265,Active,22,15,2014-01-30 01:40:06.318338,28996
9511453,266,Active,58,1,2014-01-30 01:40:06.32353,28996
9511454,267,Active,0,52,2014-01-30 01:40:06.328371,28996
9511455,268,Active,48,0,2014-01-30 01:40:06.333164,28996
9511456,269,Active,11,23,2014-01-30 01:40:06.338079,28996
9511457,270,Active,26,9,2014-01-30 01:40:06.34302,28996
9511458,271,Active,17,8,2014-01-30 01:40:06.349276,28996
9511459,272,Active,29,16,2014-01-30 01:40:06.354543,28996
9511460,273,Active,30,29,2014-01-30 01:40:06.359993,28996
9511461,274,Active,14,16,2014-01-30 01:40:06.365253,28996
9511462,275,Active,22,13,2014-01-30 01:40:06.370032,28996
9511463,276,Active,0,43,2014-01-30 01:40:06.375566,28996
9511464,277,Active,43,0,2014-01-30 01:40:06.380356,28996
9511465,330,Active,7,23,2014-01-30 01:40:06.385391,28996
9511466,278,Active,8,20,2014-01-30 01:40:06.390168,28996
9511467,279,Active,12,31,2014-01-30 01:40:06.418059,28996
9511468,280,Active,27,8,2014-01-30 01:40:06.424844,28996
9511469,281,Active,11,35,2014-01-30 01:40:06.430359,28996
9511470,282,Active,5,19,2014-01-30 01:40:06.435286,28996
9511471,283,Active,18,18,2014-01-30 01:40:06.440012,28996
9511472,284,Active,1,50,2014-01-30 01:40:06.445114,28996
9511473,285,Active,6,24,2014-01-30 01:40:06.449917,28996
9511474,286,Active,3,23,2014-01-30 01:40:06.455509,28996
9511475,287,Active,2,25,2014-01-30 01:40:06.460197,28996
9511476,288,Active,45,8,2014-01-30 01:40:06.465559,28996
9511477,289,Active,31,3,2014-01-30 01:40:06.470976,28996
9511478,290,Active,2,36,2014-01-30 01:40:06.476274,28996
9511479,291,Active,1,54,2014-01-30 01:40:06.481805,28996
9511480,292,Active,6,32,2014-01-30 01:40:06.486712,28996
9511481,293,Active,12,46,2014-01-30 01:40:06.491615,28996
9511482,294,Active,0,39,2014-01-30 01:40:06.496441,28996
9511483,295,Active,64,0,2014-01-30 01:40:06.501622,28996
9511484,296,Active,13,38,2014-01-30 01:40:06.506536,28996
9511485,297,Active,51,0,2014-01-30 01:40:06.512014,28996
9511486,298,Active,25,31,2014-01-30 01:40:06.517583,28996
9511487,299,Active,24,15,2014-01-30 01:40:06.522437,28996
9511488,300,Active,13,27,2014-01-30 01:40:06.527414,28996
9511489,301,Active,4,55,2014-01-30 01:40:06.532217,28996
9511490,302,Active,34,5,2014-01-30 01:40:06.537482,28996
9511491,303,Active,39,1,2014-01-30 01:40:06.542339,28996
9511492,305,Active,19,19,2014-01-30 01:40:06.547501,28996
9511493,306,Active,37,6,2014-01-30 01:40:06.552132,28996
9511494,307,Inactive,0,50,2014-01-30 01:40:06.559679,28996
9511495,308,Active,1,29,2014-01-30 01:40:06.564492,28996
9511496,309,Active,1,27,2014-01-30 01:40:06.569424,28996
9511497,310,Active,18,21,2014-01-30 01:40:06.574223,28996
9511498,311,Active,0,37,2014-01-30 01:40:06.578971,28996
9511499,312,Active,22,9,2014-01-30 01:40:06.583833,28996
9511500,313,Active,3,34,2014-01-30 01:40:06.589448,28996
9511501,314,Active,10,15,2014-01-30 01:40:06.594244,28996
9511502,315,Active,6,31,2014-01-30 01:40:06.599784,28996
9511503,316,Active,20,10,2014-01-30 01:40:06.605438,28996
9511504,317,Active,10,5,2014-01-30 01:40:06.610385,28996
9511505,318,Active,17,10,2014-01-30 01:40:06.61533,28996
9511506,319,Active,14,16,2014-01-30 01:40:06.620346,28996
9511507,320,Active,5,31,2014-01-30 01:40:06.625635,28996
9511508,321,Active,11,1,2014-01-30 01:40:06.63074,28996
9511509,322,Active,16,33,2014-01-30 01:40:06.636133,28996
9511510,332,Active,12,12,2014-01-30 01:40:06.641035,28996
9511511,327,Active,12,23,2014-01-30 01:40:06.646234,28996
9511512,328,Active,13,26,2014-01-30 01:40:06.652024,28996
9511513,331,Active,1,35,2014-01-30 01:40:06.657224,28996
9511514,323,Active,1,38,2014-01-30 01:40:06.662055,28996
9511515,324,Active,41,2,2014-01-30 01:40:06.666845,28996
9511516,329,Active,27,5,2014-01-30 01:40:06.673211,28996
9511517,325,Active,2,32,2014-01-30 01:40:06.678506,28996
9511518,326,Active,12,12,2014-01-30 01:40:06.683299,28996
9511519,1,Active,9,30,2014-01-30 01:50:05.43542,28997
9511520,2,Active,9,24,2014-01-30 01:50:05.445916,28997
9511521,3,Active,16,9,2014-01-30 01:50:05.450051,28997
9511522,4,Active,34,27,2014-01-30 01:50:05.45401,28997
9511523,5,Active,21,17,2014-01-30 01:50:05.458012,28997
9511524,6,Active,5,13,2014-01-30 01:50:05.462525,28997
9511525,7,Active,3,16,2014-01-30 01:50:05.467827,28997
9511526,8,Active,19,12,2014-01-30 01:50:05.472077,28997
9511527,9,Active,22,8,2014-01-30 01:50:05.476234,28997
9511528,10,Active,5,41,2014-01-30 01:50:05.480746,28997
9511529,11,Active,6,18,2014-01-30 01:50:05.485479,28997
9511530,12,Active,0,19,2014-01-30 01:50:05.490437,28997
9511531,13,Active,11,28,2014-01-30 01:50:05.495474,28997
9511532,14,Active,21,11,2014-01-30 01:50:05.500717,28997
9511533,15,Active,2,29,2014-01-30 01:50:05.505303,28997
9511534,16,Active,17,15,2014-01-30 01:50:05.51345,28997
9511535,17,Active,14,13,2014-01-30 01:50:05.517618,28997
9511536,18,Active,0,54,2014-01-30 01:50:05.522029,28997
9511537,19,Active,15,8,2014-01-30 01:50:05.52662,28997
9511538,20,Active,12,13,2014-01-30 01:50:05.531336,28997
9511539,21,Active,24,10,2014-01-30 01:50:05.535258,28997
9511540,22,Active,5,42,2014-01-30 01:50:05.53918,28997
9511541,23,Active,22,22,2014-01-30 01:50:05.543117,28997
9511542,24,Active,2,42,2014-01-30 01:50:05.547341,28997
9511543,25,Active,4,45,2014-01-30 01:50:05.552171,28997
9511544,26,Active,2,28,2014-01-30 01:50:05.556099,28997
9511545,27,Active,2,43,2014-01-30 01:50:05.559988,28997
9511546,28,Active,0,26,2014-01-30 01:50:05.564174,28997
9511547,29,Active,4,19,2014-01-30 01:50:05.568084,28997
9511548,30,Active,29,10,2014-01-30 01:50:05.572331,28997
9511549,31,Active,12,26,2014-01-30 01:50:05.576628,28997
9511550,32,Active,27,6,2014-01-30 01:50:05.581153,28997
9511551,33,Active,3,28,2014-01-30 01:50:05.585124,28997
9511552,34,Active,6,30,2014-01-30 01:50:05.589484,28997
9511553,35,Active,2,52,2014-01-30 01:50:05.593427,28997
9511554,36,Active,19,6,2014-01-30 01:50:05.597711,28997
9511555,37,Active,10,12,2014-01-30 01:50:05.601726,28997
9511556,38,Active,1,38,2014-01-30 01:50:05.606016,28997
9511557,39,Active,6,32,2014-01-30 01:50:05.610632,28997
9511558,40,Active,24,15,2014-01-30 01:50:05.615231,28997
9511559,41,Active,24,6,2014-01-30 01:50:05.619048,28997
9511560,42,Active,14,17,2014-01-30 01:50:05.623051,28997
9511561,43,Active,6,16,2014-01-30 01:50:05.627027,28997
9511562,44,Active,9,12,2014-01-30 01:50:05.631079,28997
9511563,45,Inactive,0,3,2014-01-30 01:50:05.635042,28997
9511564,46,Active,3,28,2014-01-30 01:50:05.639996,28997
9511565,47,Active,3,20,2014-01-30 01:50:05.644755,28997
9511566,48,Active,17,2,2014-01-30 01:50:05.64882,28997
9511567,49,Active,8,15,2014-01-30 01:50:05.652797,28997
9511568,50,Active,5,22,2014-01-30 01:50:05.659979,28997
9511569,51,Active,10,30,2014-01-30 01:50:05.664027,28997
9511570,52,Active,17,9,2014-01-30 01:50:05.670374,28997
9511571,53,Active,18,15,2014-01-30 01:50:05.674701,28997
9511572,54,Inactive,0,47,2014-01-30 01:50:05.678852,28997
9511573,55,Active,25,3,2014-01-30 01:50:05.682878,28997
9511574,56,Active,21,18,2014-01-30 01:50:05.709984,28997
9511575,57,Active,6,17,2014-01-30 01:50:05.714909,28997
9511576,58,Active,16,23,2014-01-30 01:50:05.719719,28997
9511577,59,Active,8,27,2014-01-30 01:50:05.724428,28997
9511578,60,Active,1,26,2014-01-30 01:50:05.729139,28997
9511579,61,Active,4,20,2014-01-30 01:50:05.734108,28997
9511580,62,Active,18,13,2014-01-30 01:50:05.739285,28997
9511581,63,Active,10,15,2014-01-30 01:50:05.743944,28997
9511582,64,Active,24,9,2014-01-30 01:50:05.748723,28997
9511583,65,Active,5,19,2014-01-30 01:50:05.753769,28997
9511584,66,Inactive,0,33,2014-01-30 01:50:05.758426,28997
9511585,67,Active,15,12,2014-01-30 01:50:05.763233,28997
9511586,68,Active,9,14,2014-01-30 01:50:05.767907,28997
9511587,69,Active,22,15,2014-01-30 01:50:05.772821,28997
9511588,70,Active,8,22,2014-01-30 01:50:05.77763,28997
9511589,71,Active,3,16,2014-01-30 01:50:05.782306,28997
9511590,72,Active,7,17,2014-01-30 01:50:05.788465,28997
9511591,73,Active,5,14,2014-01-30 01:50:05.793197,28997
9511592,74,Active,8,11,2014-01-30 01:50:05.798091,28997
9511593,75,Active,24,7,2014-01-30 01:50:05.803052,28997
9511594,76,Active,19,40,2014-01-30 01:50:05.808684,28997
9511595,77,Active,23,4,2014-01-30 01:50:05.813492,28997
9511596,78,Active,38,5,2014-01-30 01:50:05.818901,28997
9511597,79,Active,35,9,2014-01-30 01:50:05.823572,28997
9511598,80,Active,4,15,2014-01-30 01:50:05.828425,28997
9511599,81,Active,11,17,2014-01-30 01:50:05.833432,28997
9511600,82,Active,2,18,2014-01-30 01:50:05.838324,28997
9511601,83,Active,27,24,2014-01-30 01:50:05.843312,28997
9511602,84,Active,21,10,2014-01-30 01:50:05.847825,28997
9511603,85,Active,3,21,2014-01-30 01:50:05.852719,28997
9511604,86,Active,33,1,2014-01-30 01:50:05.857479,28997
9511605,87,Active,23,4,2014-01-30 01:50:05.862159,28997
9511606,88,Active,14,20,2014-01-30 01:50:05.867314,28997
9511607,89,Active,7,46,2014-01-30 01:50:05.872556,28997
9511608,90,Active,13,24,2014-01-30 01:50:05.877802,28997
9511609,91,Active,13,10,2014-01-30 01:50:05.883052,28997
9511610,92,Active,26,5,2014-01-30 01:50:05.887602,28997
9511611,93,Active,14,21,2014-01-30 01:50:05.892313,28997
9511612,94,Active,12,21,2014-01-30 01:50:05.897037,28997
9511613,95,Active,8,29,2014-01-30 01:50:05.904773,28997
9511614,96,Active,6,25,2014-01-30 01:50:05.910011,28997
9511615,97,Active,22,4,2014-01-30 01:50:05.914702,28997
9511616,98,Active,5,35,2014-01-30 01:50:05.919375,28997
9511617,99,Active,20,16,2014-01-30 01:50:05.924062,28997
9511618,100,Active,1,28,2014-01-30 01:50:05.928791,28997
9511619,101,Active,18,13,2014-01-30 01:50:05.9335,28997
9511620,102,Active,7,16,2014-01-30 01:50:05.938252,28997
9511621,103,Active,0,38,2014-01-30 01:50:05.943013,28997
9511622,104,Active,22,7,2014-01-30 01:50:05.948168,28997
9511623,105,Active,10,32,2014-01-30 01:50:05.981146,28997
9511624,106,Active,22,4,2014-01-30 01:50:05.986741,28997
9511625,107,Active,16,15,2014-01-30 01:50:05.992026,28997
9511626,108,Active,10,25,2014-01-30 01:50:05.99685,28997
9511627,109,Active,7,32,2014-01-30 01:50:06.004905,28997
9511628,110,Inactive,0,3,2014-01-30 01:50:06.014359,28997
9511629,111,Active,2,29,2014-01-30 01:50:06.031104,28997
9511630,112,Active,11,28,2014-01-30 01:50:06.058742,28997
9511631,113,Active,34,17,2014-01-30 01:50:06.064711,28997
9511632,114,Active,13,22,2014-01-30 01:50:06.070105,28997
9511633,115,Active,12,15,2014-01-30 01:50:06.075182,28997
9511634,116,Active,19,20,2014-01-30 01:50:06.080101,28997
9511635,117,Active,1,22,2014-01-30 01:50:06.085339,28997
9511636,118,Active,0,31,2014-01-30 01:50:06.090117,28997
9511637,119,Active,16,22,2014-01-30 01:50:06.095964,28997
9511638,120,Active,2,25,2014-01-30 01:50:06.10085,28997
9511639,121,Active,4,20,2014-01-30 01:50:06.105514,28997
9511640,122,Active,18,12,2014-01-30 01:50:06.110225,28997
9511641,123,Active,8,19,2014-01-30 01:50:06.114928,28997
9511642,124,Active,30,5,2014-01-30 01:50:06.119633,28997
9511643,125,Active,14,23,2014-01-30 01:50:06.124371,28997
9511644,126,Active,0,24,2014-01-30 01:50:06.129449,28997
9511645,127,Active,8,18,2014-01-30 01:50:06.136699,28997
9511646,128,Active,5,13,2014-01-30 01:50:06.141453,28997
9511647,129,Active,9,20,2014-01-30 01:50:06.14672,28997
9511648,130,Active,2,21,2014-01-30 01:50:06.151525,28997
9511649,131,Active,3,20,2014-01-30 01:50:06.155979,28997
9511650,132,Active,32,2,2014-01-30 01:50:06.160718,28997
9511651,133,Active,24,3,2014-01-30 01:50:06.168442,28997
9511652,134,Active,18,15,2014-01-30 01:50:06.173323,28997
9511653,135,Active,29,13,2014-01-30 01:50:06.177867,28997
9511654,136,Active,3,20,2014-01-30 01:50:06.18265,28997
9511655,137,Active,9,19,2014-01-30 01:50:06.187727,28997
9511656,138,Active,20,19,2014-01-30 01:50:06.192696,28997
9511657,139,Active,3,33,2014-01-30 01:50:06.198256,28997
9511658,140,Active,1,26,2014-01-30 01:50:06.202976,28997
9511659,141,Active,14,17,2014-01-30 01:50:06.208029,28997
9511660,142,Active,35,7,2014-01-30 01:50:06.213017,28997
9511661,143,Active,16,7,2014-01-30 01:50:06.217859,28997
9511662,144,Active,6,21,2014-01-30 01:50:06.222555,28997
9511663,145,Active,32,4,2014-01-30 01:50:06.227737,28997
9511664,146,Active,1,54,2014-01-30 01:50:06.233114,28997
9511665,147,Active,5,34,2014-01-30 01:50:06.237738,28997
9511666,148,Active,9,33,2014-01-30 01:50:06.243026,28997
9511667,149,Inactive,0,57,2014-01-30 01:50:06.247818,28997
9511668,150,Active,17,32,2014-01-30 01:50:06.252482,28997
9511669,151,Active,5,21,2014-01-30 01:50:06.258863,28997
9511670,152,Active,14,16,2014-01-30 01:50:06.263647,28997
9511671,153,Active,16,17,2014-01-30 01:50:06.268276,28997
9511672,154,Active,4,30,2014-01-30 01:50:06.273019,28997
9511673,155,Active,33,6,2014-01-30 01:50:06.277655,28997
9511674,156,Active,15,20,2014-01-30 01:50:06.282982,28997
9511675,157,Active,6,21,2014-01-30 01:50:06.287889,28997
9511676,158,Active,12,7,2014-01-30 01:50:06.292625,28997
9511677,159,Active,20,8,2014-01-30 01:50:06.297739,28997
9511678,160,Active,5,38,2014-01-30 01:50:06.302545,28997
9511679,161,Active,30,16,2014-01-30 01:50:06.307794,28997
9511680,162,Active,39,2,2014-01-30 01:50:06.312383,28997
9511681,163,Active,17,21,2014-01-30 01:50:06.317317,28997
9511682,164,Active,31,5,2014-01-30 01:50:06.322018,28997
9511683,165,Active,32,5,2014-01-30 01:50:06.326841,28997
9511684,166,Active,2,29,2014-01-30 01:50:06.331865,28997
9511685,167,Active,8,21,2014-01-30 01:50:06.336826,28997
9511686,168,Active,17,25,2014-01-30 01:50:06.365775,28997
9511687,169,Active,0,39,2014-01-30 01:50:06.371201,28997
9511688,170,Active,0,35,2014-01-30 01:50:06.375832,28997
9511689,171,Active,11,16,2014-01-30 01:50:06.38072,28997
9511690,172,Active,7,24,2014-01-30 01:50:06.385587,28997
9511691,173,Active,1,30,2014-01-30 01:50:06.391751,28997
9511692,174,Active,25,7,2014-01-30 01:50:06.397682,28997
9511693,175,Active,13,18,2014-01-30 01:50:06.402629,28997
9511694,176,Active,11,21,2014-01-30 01:50:06.407541,28997
9511695,177,Active,15,15,2014-01-30 01:50:06.412257,28997
9511696,178,Active,3,22,2014-01-30 01:50:06.417034,28997
9511697,179,Active,4,23,2014-01-30 01:50:06.421727,28997
9511698,180,Active,20,11,2014-01-30 01:50:06.428674,28997
9511699,181,Active,4,22,2014-01-30 01:50:06.433736,28997
9511700,182,Active,2,13,2014-01-30 01:50:06.438448,28997
9511701,183,Active,8,32,2014-01-30 01:50:06.443363,28997
9511702,184,Active,0,38,2014-01-30 01:50:06.448275,28997
9511703,185,Active,26,5,2014-01-30 01:50:06.452996,28997
9511704,186,Active,19,19,2014-01-30 01:50:06.457682,28997
9511705,187,Active,6,34,2014-01-30 01:50:06.462919,28997
9511706,188,Active,6,28,2014-01-30 01:50:06.467562,28997
9511707,189,Active,4,39,2014-01-30 01:50:06.472491,28997
9511708,190,Active,12,11,2014-01-30 01:50:06.477455,28997
9511709,191,Active,4,15,2014-01-30 01:50:06.482559,28997
9511710,192,Active,32,3,2014-01-30 01:50:06.487926,28997
9511711,193,Active,8,15,2014-01-30 01:50:06.492642,28997
9511712,194,Active,7,22,2014-01-30 01:50:06.497359,28997
9511713,195,Active,12,12,2014-01-30 01:50:06.502215,28997
9511714,196,Active,8,34,2014-01-30 01:50:06.506998,28997
9511715,197,Active,5,26,2014-01-30 01:50:06.512559,28997
9511716,198,Active,26,19,2014-01-30 01:50:06.517437,28997
9511717,199,Active,6,17,2014-01-30 01:50:06.522135,28997
9511718,200,Active,2,21,2014-01-30 01:50:06.526709,28997
9511719,201,Active,1,22,2014-01-30 01:50:06.5314,28997
9511720,202,Active,3,16,2014-01-30 01:50:06.536352,28997
9511721,203,Active,9,46,2014-01-30 01:50:06.541151,28997
9511722,204,Active,1,38,2014-01-30 01:50:06.545945,28997
9511723,205,Active,7,22,2014-01-30 01:50:06.550568,28997
9511724,206,Active,10,49,2014-01-30 01:50:06.555227,28997
9511725,207,Active,5,25,2014-01-30 01:50:06.559906,28997
9511726,208,Active,8,18,2014-01-30 01:50:06.56512,28997
9511727,209,Active,10,20,2014-01-30 01:50:06.569839,28997
9511728,210,Active,16,13,2014-01-30 01:50:06.574533,28997
9511729,211,Active,6,33,2014-01-30 01:50:06.579551,28997
9511730,212,Active,25,0,2014-01-30 01:50:06.584451,28997
9511731,213,Active,2,45,2014-01-30 01:50:06.589192,28997
9511732,214,Active,0,27,2014-01-30 01:50:06.593956,28997
9511733,215,Active,0,27,2014-01-30 01:50:06.599042,28997
9511734,216,Active,17,8,2014-01-30 01:50:06.603951,28997
9511735,217,Active,10,28,2014-01-30 01:50:06.608637,28997
9511736,218,Active,0,32,2014-01-30 01:50:06.613359,28997
9511737,219,Active,33,2,2014-01-30 01:50:06.647141,28997
9511738,220,Active,2,48,2014-01-30 01:50:06.651841,28997
9511739,221,Active,13,10,2014-01-30 01:50:06.656531,28997
9511740,222,Active,12,40,2014-01-30 01:50:06.661379,28997
9511741,223,Active,23,19,2014-01-30 01:50:06.666285,28997
9511742,224,Active,26,11,2014-01-30 01:50:06.69357,28997
9511743,225,Active,6,25,2014-01-30 01:50:06.698546,28997
9511744,226,Active,27,4,2014-01-30 01:50:06.703354,28997
9511745,227,Active,7,23,2014-01-30 01:50:06.708057,28997
9511746,228,Active,4,54,2014-01-30 01:50:06.712694,28997
9511747,229,Active,25,14,2014-01-30 01:50:06.71752,28997
9511748,230,Active,12,22,2014-01-30 01:50:06.722228,28997
9511749,231,Active,0,38,2014-01-30 01:50:06.727467,28997
9511750,232,Active,0,35,2014-01-30 01:50:06.733403,28997
9511751,233,Active,4,55,2014-01-30 01:50:06.738382,28997
9511752,234,Active,0,31,2014-01-30 01:50:06.743184,28997
9511753,235,Active,30,18,2014-01-30 01:50:06.749469,28997
9511754,236,Active,6,17,2014-01-30 01:50:06.754385,28997
9511755,237,Active,23,16,2014-01-30 01:50:06.759173,28997
9511756,238,Active,9,38,2014-01-30 01:50:06.763822,28997
9511757,239,Active,3,20,2014-01-30 01:50:06.768487,28997
9511758,240,Active,21,37,2014-01-30 01:50:06.773532,28997
9511759,241,Inactive,0,39,2014-01-30 01:50:06.78049,28997
9511760,242,Active,17,17,2014-01-30 01:50:06.788723,28997
9511761,243,Active,19,15,2014-01-30 01:50:06.793349,28997
9511762,244,Active,14,45,2014-01-30 01:50:06.798024,28997
9511763,245,Active,0,52,2014-01-30 01:50:06.803363,28997
9511764,246,Active,7,30,2014-01-30 01:50:06.808389,28997
9511765,247,Active,16,11,2014-01-30 01:50:06.81325,28997
9511766,248,Active,2,39,2014-01-30 01:50:06.818067,28997
9511767,249,Active,4,38,2014-01-30 01:50:06.867453,28997
9511768,250,Active,8,37,2014-01-30 01:50:06.872475,28997
9511769,251,Active,14,22,2014-01-30 01:50:06.877165,28997
9511770,252,Active,29,17,2014-01-30 01:50:06.881736,28997
9511771,253,Active,58,1,2014-01-30 01:50:06.886454,28997
9511772,254,Active,12,19,2014-01-30 01:50:06.891147,28997
9511773,255,Active,29,2,2014-01-30 01:50:06.895786,28997
9511774,256,Active,20,7,2014-01-30 01:50:06.900494,28997
9511775,257,Active,16,9,2014-01-30 01:50:06.905791,28997
9511776,258,Active,35,4,2014-01-30 01:50:06.911076,28997
9511777,259,Active,20,14,2014-01-30 01:50:06.916655,28997
9511778,260,Active,2,41,2014-01-30 01:50:06.921645,28997
9511779,261,Active,0,39,2014-01-30 01:50:06.926781,28997
9511780,262,Active,9,30,2014-01-30 01:50:06.931606,28997
9511781,263,Active,28,7,2014-01-30 01:50:06.936654,28997
9511782,264,Active,37,2,2014-01-30 01:50:06.941512,28997
9511783,265,Active,22,15,2014-01-30 01:50:06.946467,28997
9511784,266,Active,57,2,2014-01-30 01:50:06.951287,28997
9511785,267,Active,0,52,2014-01-30 01:50:06.956603,28997
9511786,268,Active,46,2,2014-01-30 01:50:06.961415,28997
9511787,269,Active,11,23,2014-01-30 01:50:06.966142,28997
9511788,270,Active,27,8,2014-01-30 01:50:06.970804,28997
9511789,271,Active,17,8,2014-01-30 01:50:06.978057,28997
9511790,272,Active,30,15,2014-01-30 01:50:06.983184,28997
9511791,273,Active,28,30,2014-01-30 01:50:06.987896,28997
9511792,274,Active,13,17,2014-01-30 01:50:06.992588,28997
9511793,275,Active,21,14,2014-01-30 01:50:06.99763,28997
9511794,276,Active,0,43,2014-01-30 01:50:07.0023,28997
9511795,277,Active,43,0,2014-01-30 01:50:07.007079,28997
9511796,330,Active,6,24,2014-01-30 01:50:07.01229,28997
9511797,278,Active,8,20,2014-01-30 01:50:07.017461,28997
9511798,279,Active,12,31,2014-01-30 01:50:07.045901,28997
9511799,280,Active,29,6,2014-01-30 01:50:07.052398,28997
9511800,281,Active,9,37,2014-01-30 01:50:07.058249,28997
9511801,282,Active,4,20,2014-01-30 01:50:07.063613,28997
9511802,283,Active,19,17,2014-01-30 01:50:07.068789,28997
9511803,284,Active,1,50,2014-01-30 01:50:07.07462,28997
9511804,285,Active,6,24,2014-01-30 01:50:07.080382,28997
9511805,286,Active,3,23,2014-01-30 01:50:07.085693,28997
9511806,287,Active,2,25,2014-01-30 01:50:07.090941,28997
9511807,288,Active,45,8,2014-01-30 01:50:07.096054,28997
9511808,289,Active,32,2,2014-01-30 01:50:07.101525,28997
9511809,290,Active,2,36,2014-01-30 01:50:07.106731,28997
9511810,291,Active,1,54,2014-01-30 01:50:07.111906,28997
9511811,292,Active,6,32,2014-01-30 01:50:07.117316,28997
9511812,293,Active,13,45,2014-01-30 01:50:07.125067,28997
9511813,294,Active,0,39,2014-01-30 01:50:07.130068,28997
9511814,295,Active,62,2,2014-01-30 01:50:07.1349,28997
9511815,296,Active,13,38,2014-01-30 01:50:07.139394,28997
9511816,297,Active,51,0,2014-01-30 01:50:07.144114,28997
9511817,298,Active,26,30,2014-01-30 01:50:07.149029,28997
9511818,299,Active,24,15,2014-01-30 01:50:07.153781,28997
9511819,300,Active,13,27,2014-01-30 01:50:07.158837,28997
9511820,301,Active,5,54,2014-01-30 01:50:07.163343,28997
9511821,302,Active,34,5,2014-01-30 01:50:07.168067,28997
9511822,303,Active,40,0,2014-01-30 01:50:07.173132,28997
9511823,305,Active,19,19,2014-01-30 01:50:07.178178,28997
9511824,306,Active,37,6,2014-01-30 01:50:07.183042,28997
9511825,307,Inactive,0,50,2014-01-30 01:50:07.187665,28997
9511826,308,Active,1,29,2014-01-30 01:50:07.192511,28997
9511827,309,Active,1,27,2014-01-30 01:50:07.198359,28997
9511828,310,Active,17,22,2014-01-30 01:50:07.20334,28997
9511829,311,Active,0,37,2014-01-30 01:50:07.208367,28997
9511830,312,Active,22,9,2014-01-30 01:50:07.213071,28997
9511831,313,Active,4,33,2014-01-30 01:50:07.217895,28997
9511832,314,Active,10,15,2014-01-30 01:50:07.222549,28997
9511833,315,Active,6,31,2014-01-30 01:50:07.227443,28997
9511834,316,Active,19,11,2014-01-30 01:50:07.236544,28997
9511835,317,Active,10,5,2014-01-30 01:50:07.241444,28997
9511836,318,Active,17,10,2014-01-30 01:50:07.247145,28997
9511837,319,Active,14,16,2014-01-30 01:50:07.252082,28997
9511838,320,Active,5,31,2014-01-30 01:50:07.25705,28997
9511839,321,Active,11,1,2014-01-30 01:50:07.262725,28997
9511840,322,Active,16,33,2014-01-30 01:50:07.267433,28997
9511841,332,Active,14,10,2014-01-30 01:50:07.272328,28997
9511842,327,Active,13,22,2014-01-30 01:50:07.277308,28997
9511843,328,Active,13,26,2014-01-30 01:50:07.282326,28997
9511844,331,Active,1,35,2014-01-30 01:50:07.287398,28997
9511845,323,Active,1,38,2014-01-30 01:50:07.292376,28997
9511846,324,Active,41,2,2014-01-30 01:50:07.297352,28997
9511847,329,Active,28,4,2014-01-30 01:50:07.302121,28997
9511848,325,Active,2,32,2014-01-30 01:50:07.307173,28997
9511849,326,Active,12,12,2014-01-30 01:50:07.312405,28997
9511850,1,Active,9,30,2014-01-30 02:00:05.314368,28998
9511851,2,Active,9,24,2014-01-30 02:00:05.323319,28998
9511852,3,Active,16,9,2014-01-30 02:00:05.328237,28998
9511853,4,Active,34,27,2014-01-30 02:00:05.332884,28998
9511854,5,Active,21,17,2014-01-30 02:00:05.337128,28998
9511855,6,Active,5,13,2014-01-30 02:00:05.341385,28998
9511856,7,Active,3,16,2014-01-30 02:00:05.345859,28998
9511857,8,Active,19,12,2014-01-30 02:00:05.350026,28998
9511858,9,Active,21,9,2014-01-30 02:00:05.357223,28998
9511859,10,Active,5,41,2014-01-30 02:00:05.361416,28998
9511860,11,Active,7,17,2014-01-30 02:00:05.366338,28998
9511861,12,Active,0,19,2014-01-30 02:00:05.370486,28998
9511862,13,Active,11,28,2014-01-30 02:00:05.393625,28998
9511863,14,Active,21,11,2014-01-30 02:00:05.399066,28998
9511864,15,Active,2,29,2014-01-30 02:00:05.403451,28998
9511865,16,Active,17,15,2014-01-30 02:00:05.408277,28998
9511866,17,Active,14,13,2014-01-30 02:00:05.412886,28998
9511867,18,Active,0,54,2014-01-30 02:00:05.416869,28998
9511868,19,Active,14,9,2014-01-30 02:00:05.420864,28998
9511869,20,Active,12,13,2014-01-30 02:00:05.441785,28998
9511870,21,Active,24,10,2014-01-30 02:00:05.445887,28998
9511871,22,Active,5,42,2014-01-30 02:00:05.449825,28998
9511872,23,Active,22,22,2014-01-30 02:00:05.453747,28998
9511873,24,Active,2,42,2014-01-30 02:00:05.459587,28998
9511874,25,Active,4,45,2014-01-30 02:00:05.464089,28998
9511875,26,Active,1,29,2014-01-30 02:00:05.468025,28998
9511876,27,Active,1,44,2014-01-30 02:00:05.471999,28998
9511877,28,Active,0,26,2014-01-30 02:00:05.475902,28998
9511878,29,Active,4,19,2014-01-30 02:00:05.479824,28998
9511879,30,Active,29,10,2014-01-30 02:00:05.483751,28998
9511880,31,Active,12,26,2014-01-30 02:00:05.488016,28998
9511881,32,Active,26,7,2014-01-30 02:00:05.493213,28998
9511882,33,Active,2,29,2014-01-30 02:00:05.497331,28998
9511883,34,Active,6,30,2014-01-30 02:00:05.501335,28998
9511884,35,Active,2,52,2014-01-30 02:00:05.505287,28998
9511885,36,Active,19,6,2014-01-30 02:00:05.509262,28998
9511886,37,Active,10,12,2014-01-30 02:00:05.513242,28998
9511887,38,Active,1,38,2014-01-30 02:00:05.517191,28998
9511888,39,Active,7,31,2014-01-30 02:00:05.521133,28998
9511889,40,Active,25,14,2014-01-30 02:00:05.525105,28998
9511890,41,Active,22,8,2014-01-30 02:00:05.529323,28998
9511891,42,Active,14,17,2014-01-30 02:00:05.533267,28998
9511892,43,Active,6,16,2014-01-30 02:00:05.537276,28998
9511893,44,Active,9,12,2014-01-30 02:00:05.541434,28998
9511894,45,Inactive,0,3,2014-01-30 02:00:05.545628,28998
9511895,46,Active,3,28,2014-01-30 02:00:05.552545,28998
9511896,47,Active,3,20,2014-01-30 02:00:05.556665,28998
9511897,48,Active,17,2,2014-01-30 02:00:05.560925,28998
9511898,49,Active,8,14,2014-01-30 02:00:05.564914,28998
9511899,50,Active,6,21,2014-01-30 02:00:05.58553,28998
9511900,51,Active,9,31,2014-01-30 02:00:05.590247,28998
9511901,52,Active,17,9,2014-01-30 02:00:05.594427,28998
9511902,53,Active,16,17,2014-01-30 02:00:05.59857,28998
9511903,54,Inactive,0,47,2014-01-30 02:00:05.602792,28998
9511904,55,Active,26,2,2014-01-30 02:00:05.60702,28998
9511905,56,Active,22,17,2014-01-30 02:00:05.635606,28998
9511906,57,Active,7,16,2014-01-30 02:00:05.640491,28998
9511907,58,Active,16,23,2014-01-30 02:00:05.646412,28998
9511908,59,Active,8,27,2014-01-30 02:00:05.654323,28998
9511909,60,Active,1,26,2014-01-30 02:00:05.659202,28998
9511910,61,Active,4,20,2014-01-30 02:00:05.663984,28998
9511911,62,Active,18,13,2014-01-30 02:00:05.68418,28998
9511912,63,Active,12,13,2014-01-30 02:00:05.688996,28998
9511913,64,Active,24,9,2014-01-30 02:00:05.694229,28998
9511914,65,Active,5,19,2014-01-30 02:00:05.699321,28998
9511915,66,Inactive,0,33,2014-01-30 02:00:05.704171,28998
9511916,67,Active,15,12,2014-01-30 02:00:05.708743,28998
9511917,68,Active,10,13,2014-01-30 02:00:05.71432,28998
9511918,69,Active,21,16,2014-01-30 02:00:05.734027,28998
9511919,70,Active,8,22,2014-01-30 02:00:05.742473,28998
9511920,71,Active,3,16,2014-01-30 02:00:05.747549,28998
9511921,72,Active,7,17,2014-01-30 02:00:05.752317,28998
9511922,73,Active,5,14,2014-01-30 02:00:05.757738,28998
9511923,74,Active,8,11,2014-01-30 02:00:05.762805,28998
9511924,75,Active,23,8,2014-01-30 02:00:05.782583,28998
9511925,76,Active,19,40,2014-01-30 02:00:05.787499,28998
9511926,77,Active,23,3,2014-01-30 02:00:05.792419,28998
9511927,78,Active,36,7,2014-01-30 02:00:05.797066,28998
9511928,79,Active,37,8,2014-01-30 02:00:05.801809,28998
9511929,80,Active,5,14,2014-01-30 02:00:05.806719,28998
9511930,81,Active,11,17,2014-01-30 02:00:05.829025,28998
9511931,82,Active,1,19,2014-01-30 02:00:05.833702,28998
9511932,83,Active,23,28,2014-01-30 02:00:05.838499,28998
9511933,84,Active,20,11,2014-01-30 02:00:05.843481,28998
9511934,85,Active,3,21,2014-01-30 02:00:05.848293,28998
9511935,86,Active,33,1,2014-01-30 02:00:05.853965,28998
9511936,87,Active,20,7,2014-01-30 02:00:05.85898,28998
9511937,88,Active,14,20,2014-01-30 02:00:05.878472,28998
9511938,89,Active,7,46,2014-01-30 02:00:05.883366,28998
9511939,90,Active,14,23,2014-01-30 02:00:05.888315,28998
9511940,91,Active,13,10,2014-01-30 02:00:05.893101,28998
9511941,92,Active,25,6,2014-01-30 02:00:05.89784,28998
9511942,93,Active,13,21,2014-01-30 02:00:05.902863,28998
9511943,94,Active,12,21,2014-01-30 02:00:05.925773,28998
9511944,95,Active,8,29,2014-01-30 02:00:05.930793,28998
9511945,96,Active,7,24,2014-01-30 02:00:05.935505,28998
9511946,97,Active,22,4,2014-01-30 02:00:05.940146,28998
9511947,98,Active,4,36,2014-01-30 02:00:05.944904,28998
9511948,99,Active,20,16,2014-01-30 02:00:05.949761,28998
9511949,100,Active,1,28,2014-01-30 02:00:05.97378,28998
9511950,101,Active,17,14,2014-01-30 02:00:05.978617,28998
9511951,102,Active,7,16,2014-01-30 02:00:05.984168,28998
9511952,103,Active,0,38,2014-01-30 02:00:05.989301,28998
9511953,104,Active,22,7,2014-01-30 02:00:05.995278,28998
9511954,105,Active,10,31,2014-01-30 02:00:06.003833,28998
9511955,106,Active,22,4,2014-01-30 02:00:06.026369,28998
9511956,107,Active,17,14,2014-01-30 02:00:06.032512,28998
9511957,108,Active,10,25,2014-01-30 02:00:06.03761,28998
9511958,109,Active,6,33,2014-01-30 02:00:06.042399,28998
9511959,110,Inactive,0,3,2014-01-30 02:00:06.047127,28998
9511960,111,Active,2,29,2014-01-30 02:00:06.051602,28998
9511961,112,Active,11,28,2014-01-30 02:00:06.099194,28998
9511962,113,Active,33,18,2014-01-30 02:00:06.123027,28998
9511963,114,Active,12,23,2014-01-30 02:00:06.129466,28998
9511964,115,Active,11,16,2014-01-30 02:00:06.135441,28998
9511965,116,Active,18,21,2014-01-30 02:00:06.140801,28998
9511966,117,Active,1,22,2014-01-30 02:00:06.145673,28998
9511967,118,Active,0,31,2014-01-30 02:00:06.150714,28998
9511968,119,Active,15,23,2014-01-30 02:00:06.171177,28998
9511969,120,Active,2,25,2014-01-30 02:00:06.175943,28998
9511970,121,Active,4,20,2014-01-30 02:00:06.181849,28998
9511971,122,Active,18,12,2014-01-30 02:00:06.187252,28998
9511972,123,Active,8,19,2014-01-30 02:00:06.192215,28998
9511973,124,Active,30,5,2014-01-30 02:00:06.196824,28998
9511974,125,Active,13,24,2014-01-30 02:00:06.219125,28998
9511975,126,Active,0,24,2014-01-30 02:00:06.224177,28998
9511976,127,Active,8,18,2014-01-30 02:00:06.228833,28998
9511977,128,Active,5,13,2014-01-30 02:00:06.233828,28998
9511978,129,Active,9,20,2014-01-30 02:00:06.238775,28998
9511979,130,Active,2,21,2014-01-30 02:00:06.243791,28998
9511980,131,Active,3,20,2014-01-30 02:00:06.248885,28998
9511981,132,Active,32,2,2014-01-30 02:00:06.253452,28998
9511982,133,Active,25,2,2014-01-30 02:00:06.258781,28998
9511983,134,Active,19,14,2014-01-30 02:00:06.264532,28998
9511984,135,Active,32,10,2014-01-30 02:00:06.269898,28998
9511985,136,Active,3,20,2014-01-30 02:00:06.275547,28998
9511986,137,Active,9,19,2014-01-30 02:00:06.280805,28998
9511987,138,Active,20,19,2014-01-30 02:00:06.285707,28998
9511988,139,Active,3,33,2014-01-30 02:00:06.290553,28998
9511989,140,Active,1,26,2014-01-30 02:00:06.295356,28998
9511990,141,Active,14,17,2014-01-30 02:00:06.299909,28998
9511991,142,Active,34,8,2014-01-30 02:00:06.304851,28998
9511992,143,Active,16,7,2014-01-30 02:00:06.31401,28998
9511993,144,Active,6,21,2014-01-30 02:00:06.318713,28998
9511994,145,Active,36,0,2014-01-30 02:00:06.324876,28998
9511995,146,Active,1,54,2014-01-30 02:00:06.329699,28998
9511996,147,Active,5,34,2014-01-30 02:00:06.334657,28998
9511997,148,Active,10,32,2014-01-30 02:00:06.339531,28998
9511998,149,Inactive,0,57,2014-01-30 02:00:06.346049,28998
9511999,150,Active,18,31,2014-01-30 02:00:06.365659,28998
9512000,151,Active,5,21,2014-01-30 02:00:06.37268,28998
9512001,152,Active,14,16,2014-01-30 02:00:06.378451,28998
9512002,153,Active,16,17,2014-01-30 02:00:06.384147,28998
9512003,154,Active,3,31,2014-01-30 02:00:06.389502,28998
9512004,155,Active,33,6,2014-01-30 02:00:06.394714,28998
9512005,156,Active,14,21,2014-01-30 02:00:06.399642,28998
9512006,157,Active,6,21,2014-01-30 02:00:06.405368,28998
9512007,158,Active,13,6,2014-01-30 02:00:06.410622,28998
9512008,159,Active,19,9,2014-01-30 02:00:06.416475,28998
9512009,160,Active,5,38,2014-01-30 02:00:06.423211,28998
9512010,161,Active,31,15,2014-01-30 02:00:06.430891,28998
9512011,162,Active,39,2,2014-01-30 02:00:06.437387,28998
9512012,163,Active,18,20,2014-01-30 02:00:06.443912,28998
9512013,164,Active,28,8,2014-01-30 02:00:06.4504,28998
9512014,165,Active,32,5,2014-01-30 02:00:06.455809,28998
9512015,166,Active,2,29,2014-01-30 02:00:06.462427,28998
9512016,167,Active,8,21,2014-01-30 02:00:06.468294,28998
9512017,168,Active,16,26,2014-01-30 02:00:06.500564,28998
9512018,169,Active,0,39,2014-01-30 02:00:06.506929,28998
9512019,170,Active,0,35,2014-01-30 02:00:06.512602,28998
9512020,171,Active,11,16,2014-01-30 02:00:06.517768,28998
9512021,172,Active,7,24,2014-01-30 02:00:06.523096,28998
9512022,173,Active,0,31,2014-01-30 02:00:06.528061,28998
9512023,174,Active,24,8,2014-01-30 02:00:06.533119,28998
9512024,175,Active,12,19,2014-01-30 02:00:06.538239,28998
9512025,176,Active,12,20,2014-01-30 02:00:06.543613,28998
9512026,177,Active,15,15,2014-01-30 02:00:06.548678,28998
9512027,178,Active,4,21,2014-01-30 02:00:06.553725,28998
9512028,179,Active,4,23,2014-01-30 02:00:06.558663,28998
9512029,180,Active,20,11,2014-01-30 02:00:06.564067,28998
9512030,181,Active,4,22,2014-01-30 02:00:06.568924,28998
9512031,182,Active,2,13,2014-01-30 02:00:06.574056,28998
9512032,183,Active,8,32,2014-01-30 02:00:06.579233,28998
9512033,184,Active,0,38,2014-01-30 02:00:06.601315,28998
9512034,185,Active,27,4,2014-01-30 02:00:06.606328,28998
9512035,186,Active,19,19,2014-01-30 02:00:06.611103,28998
9512036,187,Active,6,34,2014-01-30 02:00:06.615789,28998
9512037,188,Active,6,28,2014-01-30 02:00:06.620521,28998
9512038,189,Active,4,39,2014-01-30 02:00:06.629798,28998
9512039,190,Active,12,11,2014-01-30 02:00:06.651807,28998
9512040,191,Active,4,15,2014-01-30 02:00:06.656609,28998
9512041,192,Active,33,2,2014-01-30 02:00:06.661607,28998
9512042,193,Active,8,15,2014-01-30 02:00:06.666552,28998
9512043,194,Active,7,22,2014-01-30 02:00:06.671641,28998
9512044,195,Active,12,12,2014-01-30 02:00:06.67618,28998
9512045,196,Active,8,34,2014-01-30 02:00:06.680927,28998
9512046,197,Active,5,26,2014-01-30 02:00:06.685688,28998
9512047,198,Active,26,19,2014-01-30 02:00:06.690992,28998
9512048,199,Active,6,17,2014-01-30 02:00:06.696519,28998
9512049,200,Active,2,21,2014-01-30 02:00:06.702155,28998
9512050,201,Active,1,22,2014-01-30 02:00:06.707051,28998
9512051,202,Active,3,16,2014-01-30 02:00:06.712019,28998
9512052,203,Active,9,46,2014-01-30 02:00:06.716788,28998
9512053,204,Active,1,38,2014-01-30 02:00:06.721588,28998
9512054,205,Active,7,22,2014-01-30 02:00:06.726306,28998
9512055,206,Active,10,49,2014-01-30 02:00:06.731178,28998
9512056,207,Active,5,25,2014-01-30 02:00:06.73634,28998
9512057,208,Active,8,18,2014-01-30 02:00:06.741524,28998
9512058,209,Active,10,20,2014-01-30 02:00:06.746295,28998
9512059,210,Active,16,13,2014-01-30 02:00:06.751257,28998
9512060,211,Active,8,31,2014-01-30 02:00:06.756042,28998
9512061,212,Active,24,1,2014-01-30 02:00:06.761129,28998
9512062,213,Active,2,45,2014-01-30 02:00:06.766389,28998
9512063,214,Active,0,27,2014-01-30 02:00:06.771792,28998
9512064,215,Active,0,27,2014-01-30 02:00:06.777132,28998
9512065,216,Active,17,8,2014-01-30 02:00:06.782404,28998
9512066,217,Active,9,29,2014-01-30 02:00:06.788343,28998
9512067,218,Active,0,32,2014-01-30 02:00:06.793564,28998
9512068,219,Active,33,2,2014-01-30 02:00:06.799118,28998
9512069,220,Active,2,48,2014-01-30 02:00:06.804425,28998
9512070,221,Active,12,11,2014-01-30 02:00:06.809993,28998
9512071,222,Active,9,43,2014-01-30 02:00:06.815144,28998
9512072,223,Active,23,19,2014-01-30 02:00:06.819963,28998
9512073,224,Active,23,14,2014-01-30 02:00:06.847314,28998
9512074,225,Active,5,26,2014-01-30 02:00:06.852346,28998
9512075,226,Active,27,4,2014-01-30 02:00:06.857145,28998
9512076,227,Active,7,23,2014-01-30 02:00:06.861892,28998
9512077,228,Active,6,52,2014-01-30 02:00:06.867344,28998
9512078,229,Active,24,15,2014-01-30 02:00:06.872912,28998
9512079,230,Active,12,22,2014-01-30 02:00:06.87783,28998
9512080,231,Active,0,38,2014-01-30 02:00:06.882971,28998
9512081,232,Active,0,35,2014-01-30 02:00:06.888679,28998
9512082,233,Active,3,56,2014-01-30 02:00:06.894179,28998
9512083,234,Active,0,31,2014-01-30 02:00:06.902124,28998
9512084,235,Active,30,18,2014-01-30 02:00:06.906996,28998
9512085,236,Active,6,17,2014-01-30 02:00:06.912905,28998
9512086,237,Active,23,16,2014-01-30 02:00:06.918256,28998
9512087,238,Active,10,37,2014-01-30 02:00:06.923151,28998
9512088,239,Active,4,19,2014-01-30 02:00:06.928061,28998
9512089,240,Active,21,37,2014-01-30 02:00:06.93292,28998
9512090,241,Inactive,0,39,2014-01-30 02:00:06.938141,28998
9512091,242,Active,16,18,2014-01-30 02:00:06.943014,28998
9512092,243,Active,18,16,2014-01-30 02:00:06.947781,28998
9512093,244,Active,14,45,2014-01-30 02:00:06.952587,28998
9512094,245,Active,0,52,2014-01-30 02:00:06.957746,28998
9512095,246,Active,8,29,2014-01-30 02:00:06.964375,28998
9512096,247,Active,16,11,2014-01-30 02:00:06.969533,28998
9512097,248,Active,1,40,2014-01-30 02:00:06.974568,28998
9512098,249,Active,5,37,2014-01-30 02:00:06.979344,28998
9512099,250,Active,7,38,2014-01-30 02:00:06.984046,28998
9512100,251,Active,13,23,2014-01-30 02:00:06.989012,28998
9512101,252,Active,29,17,2014-01-30 02:00:06.993842,28998
9512102,253,Active,58,1,2014-01-30 02:00:06.998582,28998
9512103,254,Active,12,19,2014-01-30 02:00:07.003413,28998
9512104,255,Active,29,2,2014-01-30 02:00:07.008496,28998
9512105,256,Active,19,8,2014-01-30 02:00:07.017053,28998
9512106,257,Active,16,9,2014-01-30 02:00:07.022397,28998
9512107,258,Active,33,6,2014-01-30 02:00:07.028492,28998
9512108,259,Active,23,11,2014-01-30 02:00:07.033788,28998
9512109,260,Active,2,41,2014-01-30 02:00:07.038663,28998
9512110,261,Active,0,39,2014-01-30 02:00:07.043731,28998
9512111,262,Active,10,29,2014-01-30 02:00:07.049603,28998
9512112,263,Active,28,7,2014-01-30 02:00:07.054411,28998
9512113,264,Active,36,3,2014-01-30 02:00:07.059178,28998
9512114,265,Active,22,15,2014-01-30 02:00:07.06388,28998
9512115,266,Active,57,2,2014-01-30 02:00:07.068713,28998
9512116,267,Active,0,52,2014-01-30 02:00:07.073922,28998
9512117,268,Active,46,2,2014-01-30 02:00:07.078864,28998
9512118,269,Active,12,22,2014-01-30 02:00:07.083669,28998
9512119,270,Active,27,8,2014-01-30 02:00:07.088906,28998
9512120,271,Active,18,7,2014-01-30 02:00:07.09399,28998
9512121,272,Active,29,16,2014-01-30 02:00:07.099578,28998
9512122,273,Active,25,33,2014-01-30 02:00:07.105236,28998
9512123,274,Active,13,17,2014-01-30 02:00:07.110779,28998
9512124,275,Active,22,13,2014-01-30 02:00:07.116594,28998
9512125,276,Active,1,42,2014-01-30 02:00:07.122079,28998
9512126,277,Active,43,0,2014-01-30 02:00:07.127571,28998
9512127,330,Active,6,24,2014-01-30 02:00:07.13253,28998
9512128,278,Active,10,18,2014-01-30 02:00:07.138565,28998
9512129,279,Active,11,32,2014-01-30 02:00:07.168837,28998
9512130,280,Active,29,6,2014-01-30 02:00:07.174924,28998
9512131,281,Active,9,37,2014-01-30 02:00:07.180142,28998
9512132,282,Active,5,19,2014-01-30 02:00:07.185077,28998
9512133,283,Active,19,17,2014-01-30 02:00:07.189969,28998
9512134,284,Active,1,50,2014-01-30 02:00:07.194965,28998
9512135,285,Active,6,24,2014-01-30 02:00:07.200008,28998
9512136,286,Active,4,22,2014-01-30 02:00:07.204804,28998
9512137,287,Active,1,26,2014-01-30 02:00:07.209705,28998
9512138,288,Active,46,7,2014-01-30 02:00:07.214837,28998
9512139,289,Active,31,3,2014-01-30 02:00:07.219682,28998
9512140,290,Active,2,36,2014-01-30 02:00:07.224544,28998
9512141,291,Active,1,54,2014-01-30 02:00:07.229712,28998
9512142,292,Active,6,32,2014-01-30 02:00:07.234623,28998
9512143,293,Active,16,42,2014-01-30 02:00:07.239439,28998
9512144,294,Active,0,39,2014-01-30 02:00:07.244511,28998
9512145,295,Active,62,2,2014-01-30 02:00:07.249837,28998
9512146,296,Active,13,38,2014-01-30 02:00:07.25479,28998
9512147,297,Active,50,1,2014-01-30 02:00:07.259962,28998
9512148,298,Active,24,32,2014-01-30 02:00:07.265254,28998
9512149,299,Active,24,15,2014-01-30 02:00:07.270444,28998
9512150,300,Active,13,27,2014-01-30 02:00:07.276665,28998
9512151,301,Active,4,55,2014-01-30 02:00:07.281464,28998
9512152,302,Active,35,4,2014-01-30 02:00:07.286279,28998
9512153,303,Active,39,1,2014-01-30 02:00:07.291157,28998
9512154,305,Active,20,18,2014-01-30 02:00:07.296092,28998
9512155,306,Active,37,6,2014-01-30 02:00:07.301197,28998
9512156,307,Inactive,0,50,2014-01-30 02:00:07.306106,28998
9512157,308,Active,1,29,2014-01-30 02:00:07.310941,28998
9512158,309,Active,2,26,2014-01-30 02:00:07.316916,28998
9512159,310,Active,13,26,2014-01-30 02:00:07.322348,28998
9512160,311,Active,0,37,2014-01-30 02:00:07.327164,28998
9512161,312,Active,22,9,2014-01-30 02:00:07.332137,28998
9512162,313,Active,3,34,2014-01-30 02:00:07.337171,28998
9512163,314,Active,9,16,2014-01-30 02:00:07.342206,28998
9512164,315,Active,6,31,2014-01-30 02:00:07.347226,28998
9512165,316,Active,19,11,2014-01-30 02:00:07.352846,28998
9512166,317,Active,10,5,2014-01-30 02:00:07.35814,28998
9512167,318,Active,17,10,2014-01-30 02:00:07.363205,28998
9512168,319,Active,14,16,2014-01-30 02:00:07.368148,28998
9512169,320,Active,5,31,2014-01-30 02:00:07.373487,28998
9512170,321,Active,11,1,2014-01-30 02:00:07.378459,28998
9512171,322,Active,16,33,2014-01-30 02:00:07.383915,28998
9512172,332,Active,15,9,2014-01-30 02:00:07.38994,28998
9512173,327,Active,13,22,2014-01-30 02:00:07.395226,28998
9512174,328,Active,13,26,2014-01-30 02:00:07.400051,28998
9512175,331,Active,1,35,2014-01-30 02:00:07.405338,28998
9512176,323,Active,1,38,2014-01-30 02:00:07.410715,28998
9512177,324,Active,41,2,2014-01-30 02:00:07.415755,28998
9512178,329,Active,27,5,2014-01-30 02:00:07.420652,28998
9512179,325,Active,2,32,2014-01-30 02:00:07.42564,28998
9512180,326,Active,12,12,2014-01-30 02:00:07.430454,28998
9512181,1,Active,9,30,2014-01-30 02:10:05.291636,28999
9512182,2,Active,9,24,2014-01-30 02:10:05.299749,28999
9512183,3,Active,16,9,2014-01-30 02:10:05.304332,28999
9512184,4,Active,34,27,2014-01-30 02:10:05.308276,28999
9512185,5,Active,21,17,2014-01-30 02:10:05.312288,28999
9512186,6,Active,6,12,2014-01-30 02:10:05.316238,28999
9512187,7,Active,3,16,2014-01-30 02:10:05.320439,28999
9512188,8,Active,20,11,2014-01-30 02:10:05.32594,28999
9512189,9,Active,21,9,2014-01-30 02:10:05.329902,28999
9512190,10,Active,5,41,2014-01-30 02:10:05.333838,28999
9512191,11,Active,7,17,2014-01-30 02:10:05.338724,28999
9512192,12,Active,0,19,2014-01-30 02:10:05.343013,28999
9512193,13,Active,11,28,2014-01-30 02:10:05.34714,28999
9512194,14,Active,21,11,2014-01-30 02:10:05.351105,28999
9512195,15,Active,2,29,2014-01-30 02:10:05.355287,28999
9512196,16,Active,17,15,2014-01-30 02:10:05.359722,28999
9512197,17,Active,14,13,2014-01-30 02:10:05.363867,28999
9512198,18,Active,0,54,2014-01-30 02:10:05.368039,28999
9512199,19,Active,14,9,2014-01-30 02:10:05.372555,28999
9512200,20,Active,12,13,2014-01-30 02:10:05.378495,28999
9512201,21,Active,23,11,2014-01-30 02:10:05.382745,28999
9512202,22,Active,4,43,2014-01-30 02:10:05.387133,28999
9512203,23,Active,22,22,2014-01-30 02:10:05.391454,28999
9512204,24,Active,1,43,2014-01-30 02:10:05.395812,28999
9512205,25,Active,4,45,2014-01-30 02:10:05.399878,28999
9512206,26,Active,1,29,2014-01-30 02:10:05.403938,28999
9512207,27,Active,1,44,2014-01-30 02:10:05.407841,28999
9512208,28,Active,0,26,2014-01-30 02:10:05.411715,28999
9512209,29,Active,4,19,2014-01-30 02:10:05.415629,28999
9512210,30,Active,29,10,2014-01-30 02:10:05.419483,28999
9512211,31,Active,12,26,2014-01-30 02:10:05.423613,28999
9512212,32,Active,26,7,2014-01-30 02:10:05.427934,28999
9512213,33,Active,2,29,2014-01-30 02:10:05.432043,28999
9512214,34,Active,6,30,2014-01-30 02:10:05.435951,28999
9512215,35,Active,4,50,2014-01-30 02:10:05.440115,28999
9512216,36,Active,19,6,2014-01-30 02:10:05.44407,28999
9512217,37,Active,10,12,2014-01-30 02:10:05.448163,28999
9512218,38,Active,1,38,2014-01-30 02:10:05.452036,28999
9512219,39,Active,8,30,2014-01-30 02:10:05.45605,28999
9512220,40,Active,26,13,2014-01-30 02:10:05.460066,28999
9512221,41,Active,23,7,2014-01-30 02:10:05.464011,28999
9512222,42,Active,14,17,2014-01-30 02:10:05.47036,28999
9512223,43,Active,6,16,2014-01-30 02:10:05.474392,28999
9512224,44,Active,9,12,2014-01-30 02:10:05.478518,28999
9512225,45,Inactive,0,3,2014-01-30 02:10:05.482479,28999
9512226,46,Active,3,28,2014-01-30 02:10:05.486485,28999
9512227,47,Active,3,20,2014-01-30 02:10:05.490604,28999
9512228,48,Active,17,2,2014-01-30 02:10:05.494553,28999
9512229,49,Active,8,15,2014-01-30 02:10:05.498475,28999
9512230,50,Active,6,21,2014-01-30 02:10:05.502529,28999
9512231,51,Active,8,32,2014-01-30 02:10:05.50648,28999
9512232,52,Active,17,9,2014-01-30 02:10:05.510609,28999
9512233,53,Active,17,16,2014-01-30 02:10:05.518714,28999
9512234,54,Inactive,0,47,2014-01-30 02:10:05.523745,28999
9512235,55,Active,25,3,2014-01-30 02:10:05.528335,28999
9512236,56,Active,22,17,2014-01-30 02:10:05.557403,28999
9512237,57,Active,7,16,2014-01-30 02:10:05.564554,28999
9512238,58,Active,16,23,2014-01-30 02:10:05.569537,28999
9512239,59,Active,8,27,2014-01-30 02:10:05.574291,28999
9512240,60,Active,1,26,2014-01-30 02:10:05.579007,28999
9512241,61,Active,4,20,2014-01-30 02:10:05.583679,28999
9512242,62,Active,18,13,2014-01-30 02:10:05.588914,28999
9512243,63,Active,12,13,2014-01-30 02:10:05.594301,28999
9512244,64,Active,23,10,2014-01-30 02:10:05.599424,28999
9512245,65,Active,5,19,2014-01-30 02:10:05.604628,28999
9512246,66,Inactive,0,33,2014-01-30 02:10:05.610946,28999
9512247,67,Active,15,12,2014-01-30 02:10:05.615651,28999
9512248,68,Active,11,12,2014-01-30 02:10:05.6205,28999
9512249,69,Active,21,16,2014-01-30 02:10:05.625233,28999
9512250,70,Active,9,21,2014-01-30 02:10:05.630233,28999
9512251,71,Active,4,15,2014-01-30 02:10:05.634992,28999
9512252,72,Active,7,17,2014-01-30 02:10:05.639932,28999
9512253,73,Active,5,14,2014-01-30 02:10:05.644669,28999
9512254,74,Active,8,11,2014-01-30 02:10:05.649406,28999
9512255,75,Active,22,9,2014-01-30 02:10:05.654512,28999
9512256,76,Active,19,40,2014-01-30 02:10:05.659364,28999
9512257,77,Active,22,4,2014-01-30 02:10:05.664209,28999
9512258,78,Active,38,5,2014-01-30 02:10:05.668959,28999
9512259,79,Active,36,9,2014-01-30 02:10:05.673892,28999
9512260,80,Active,4,15,2014-01-30 02:10:05.679143,28999
9512261,81,Active,11,17,2014-01-30 02:10:05.684197,28999
9512262,82,Active,1,19,2014-01-30 02:10:05.688776,28999
9512263,83,Active,23,28,2014-01-30 02:10:05.693626,28999
9512264,84,Active,19,12,2014-01-30 02:10:05.698798,28999
9512265,85,Active,3,21,2014-01-30 02:10:05.703647,28999
9512266,86,Active,33,1,2014-01-30 02:10:05.708428,28999
9512267,87,Active,21,6,2014-01-30 02:10:05.713607,28999
9512268,88,Active,13,21,2014-01-30 02:10:05.718655,28999
9512269,89,Active,7,46,2014-01-30 02:10:05.723364,28999
9512270,90,Active,14,23,2014-01-30 02:10:05.727725,28999
9512271,91,Active,13,10,2014-01-30 02:10:05.732589,28999
9512272,92,Active,25,6,2014-01-30 02:10:05.73755,28999
9512273,93,Active,14,21,2014-01-30 02:10:05.742253,28999
9512274,94,Active,12,21,2014-01-30 02:10:05.747085,28999
9512275,95,Active,6,31,2014-01-30 02:10:05.751682,28999
9512276,96,Active,8,23,2014-01-30 02:10:05.756616,28999
9512277,97,Active,22,4,2014-01-30 02:10:05.76185,28999
9512278,98,Active,4,36,2014-01-30 02:10:05.770761,28999
9512279,99,Active,20,16,2014-01-30 02:10:05.775443,28999
9512280,100,Active,1,28,2014-01-30 02:10:05.780378,28999
9512281,101,Active,18,13,2014-01-30 02:10:05.7852,28999
9512282,102,Active,7,16,2014-01-30 02:10:05.789802,28999
9512283,103,Active,0,38,2014-01-30 02:10:05.794769,28999
9512284,104,Active,22,7,2014-01-30 02:10:05.799618,28999
9512285,105,Active,10,31,2014-01-30 02:10:05.80437,28999
9512286,106,Active,21,5,2014-01-30 02:10:05.811202,28999
9512287,107,Active,17,14,2014-01-30 02:10:05.815776,28999
9512288,108,Active,10,25,2014-01-30 02:10:05.820637,28999
9512289,109,Active,6,33,2014-01-30 02:10:05.82533,28999
9512290,110,Inactive,0,3,2014-01-30 02:10:05.831191,28999
9512291,111,Active,2,29,2014-01-30 02:10:05.835496,28999
9512292,112,Active,9,30,2014-01-30 02:10:05.861704,28999
9512293,113,Active,33,18,2014-01-30 02:10:05.867588,28999
9512294,114,Active,12,23,2014-01-30 02:10:05.872338,28999
9512295,115,Active,12,15,2014-01-30 02:10:05.877862,28999
9512296,116,Active,17,22,2014-01-30 02:10:05.883387,28999
9512297,117,Active,0,23,2014-01-30 02:10:05.888861,28999
9512298,118,Active,2,29,2014-01-30 02:10:05.893989,28999
9512299,119,Active,15,23,2014-01-30 02:10:05.898804,28999
9512300,120,Active,2,25,2014-01-30 02:10:05.904123,28999
9512301,121,Active,5,19,2014-01-30 02:10:05.909209,28999
9512302,122,Active,18,12,2014-01-30 02:10:05.914446,28999
9512303,123,Active,8,19,2014-01-30 02:10:05.919821,28999
9512304,124,Active,30,5,2014-01-30 02:10:05.92485,28999
9512305,125,Active,13,24,2014-01-30 02:10:05.929921,28999
9512306,126,Active,1,23,2014-01-30 02:10:05.934877,28999
9512307,127,Active,8,18,2014-01-30 02:10:05.939563,28999
9512308,128,Active,5,13,2014-01-30 02:10:05.944298,28999
9512309,129,Active,10,19,2014-01-30 02:10:05.94937,28999
9512310,130,Active,2,21,2014-01-30 02:10:05.954117,28999
9512311,131,Active,3,20,2014-01-30 02:10:05.958778,28999
9512312,132,Active,32,2,2014-01-30 02:10:05.963772,28999
9512313,133,Active,24,3,2014-01-30 02:10:05.971061,28999
9512314,134,Active,18,15,2014-01-30 02:10:05.975827,28999
9512315,135,Active,30,12,2014-01-30 02:10:05.98054,28999
9512316,136,Active,3,20,2014-01-30 02:10:05.985522,28999
9512317,137,Active,9,19,2014-01-30 02:10:05.990704,28999
9512318,138,Active,20,19,2014-01-30 02:10:05.995444,28999
9512319,139,Active,3,33,2014-01-30 02:10:06.006949,28999
9512320,140,Active,1,26,2014-01-30 02:10:06.014176,28999
9512321,141,Active,14,17,2014-01-30 02:10:06.023977,28999
9512322,142,Active,35,7,2014-01-30 02:10:06.029361,28999
9512323,143,Active,16,7,2014-01-30 02:10:06.043627,28999
9512324,144,Active,6,21,2014-01-30 02:10:06.048634,28999
9512325,145,Active,34,2,2014-01-30 02:10:06.053481,28999
9512326,146,Active,1,54,2014-01-30 02:10:06.05825,28999
9512327,147,Active,5,34,2014-01-30 02:10:06.063096,28999
9512328,148,Active,11,31,2014-01-30 02:10:06.067947,28999
9512329,149,Inactive,0,57,2014-01-30 02:10:06.072936,28999
9512330,150,Active,18,31,2014-01-30 02:10:06.078009,28999
9512331,151,Active,5,21,2014-01-30 02:10:06.083448,28999
9512332,152,Active,14,16,2014-01-30 02:10:06.088325,28999
9512333,153,Active,16,17,2014-01-30 02:10:06.093292,28999
9512334,154,Active,3,31,2014-01-30 02:10:06.09803,28999
9512335,155,Active,33,6,2014-01-30 02:10:06.107195,28999
9512336,156,Active,14,21,2014-01-30 02:10:06.112036,28999
9512337,157,Active,6,21,2014-01-30 02:10:06.11707,28999
9512338,158,Active,13,6,2014-01-30 02:10:06.122388,28999
9512339,159,Active,22,6,2014-01-30 02:10:06.127096,28999
9512340,160,Active,6,37,2014-01-30 02:10:06.132151,28999
9512341,161,Active,32,14,2014-01-30 02:10:06.137569,28999
9512342,162,Active,39,2,2014-01-30 02:10:06.142266,28999
9512343,163,Active,18,20,2014-01-30 02:10:06.147479,28999
9512344,164,Active,30,6,2014-01-30 02:10:06.15251,28999
9512345,165,Active,32,5,2014-01-30 02:10:06.157749,28999
9512346,166,Active,2,29,2014-01-30 02:10:06.162672,28999
9512347,167,Active,7,22,2014-01-30 02:10:06.167882,28999
9512348,168,Active,15,27,2014-01-30 02:10:06.195969,28999
9512349,169,Active,1,38,2014-01-30 02:10:06.20205,28999
9512350,170,Active,0,35,2014-01-30 02:10:06.206844,28999
9512351,171,Active,11,16,2014-01-30 02:10:06.212829,28999
9512352,172,Active,7,24,2014-01-30 02:10:06.217902,28999
9512353,173,Active,0,31,2014-01-30 02:10:06.222821,28999
9512354,174,Active,24,8,2014-01-30 02:10:06.228734,28999
9512355,175,Active,12,19,2014-01-30 02:10:06.233558,28999
9512356,176,Active,12,20,2014-01-30 02:10:06.238393,28999
9512357,177,Active,16,14,2014-01-30 02:10:06.244013,28999
9512358,178,Active,4,21,2014-01-30 02:10:06.249478,28999
9512359,179,Active,4,23,2014-01-30 02:10:06.254237,28999
9512360,180,Active,20,11,2014-01-30 02:10:06.259363,28999
9512361,181,Active,4,22,2014-01-30 02:10:06.265982,28999
9512362,182,Active,2,13,2014-01-30 02:10:06.270642,28999
9512363,183,Active,10,30,2014-01-30 02:10:06.275561,28999
9512364,184,Active,0,38,2014-01-30 02:10:06.280835,28999
9512365,185,Active,26,5,2014-01-30 02:10:06.285601,28999
9512366,186,Active,19,19,2014-01-30 02:10:06.290548,28999
9512367,187,Active,7,33,2014-01-30 02:10:06.296483,28999
9512368,188,Active,6,28,2014-01-30 02:10:06.301696,28999
9512369,189,Active,4,39,2014-01-30 02:10:06.30617,28999
9512370,190,Active,12,11,2014-01-30 02:10:06.311506,28999
9512371,191,Active,4,15,2014-01-30 02:10:06.316514,28999
9512372,192,Active,31,4,2014-01-30 02:10:06.321341,28999
9512373,193,Active,9,14,2014-01-30 02:10:06.327231,28999
9512374,194,Active,7,22,2014-01-30 02:10:06.332235,28999
9512375,195,Active,11,13,2014-01-30 02:10:06.336802,28999
9512376,196,Active,7,35,2014-01-30 02:10:06.341823,28999
9512377,197,Active,5,26,2014-01-30 02:10:06.346779,28999
9512378,198,Active,26,18,2014-01-30 02:10:06.351487,28999
9512379,199,Active,6,17,2014-01-30 02:10:06.356442,28999
9512380,200,Active,2,21,2014-01-30 02:10:06.363661,28999
9512381,201,Active,1,22,2014-01-30 02:10:06.368871,28999
9512382,202,Active,3,16,2014-01-30 02:10:06.373868,28999
9512383,203,Active,9,46,2014-01-30 02:10:06.382204,28999
9512384,204,Active,0,39,2014-01-30 02:10:06.38706,28999
9512385,205,Active,7,22,2014-01-30 02:10:06.392158,28999
9512386,206,Active,10,49,2014-01-30 02:10:06.397199,28999
9512387,207,Active,3,27,2014-01-30 02:10:06.402145,28999
9512388,208,Active,8,18,2014-01-30 02:10:06.406842,28999
9512389,209,Active,10,20,2014-01-30 02:10:06.411995,28999
9512390,210,Active,17,12,2014-01-30 02:10:06.417034,28999
9512391,211,Active,9,30,2014-01-30 02:10:06.421828,28999
9512392,212,Active,24,1,2014-01-30 02:10:06.426818,28999
9512393,213,Active,2,45,2014-01-30 02:10:06.431836,28999
9512394,214,Active,0,27,2014-01-30 02:10:06.437954,28999
9512395,215,Active,0,27,2014-01-30 02:10:06.442854,28999
9512396,216,Active,19,6,2014-01-30 02:10:06.447971,28999
9512397,217,Active,9,29,2014-01-30 02:10:06.452725,28999
9512398,218,Active,0,32,2014-01-30 02:10:06.457566,28999
9512399,219,Active,33,2,2014-01-30 02:10:06.462786,28999
9512400,220,Active,2,48,2014-01-30 02:10:06.467759,28999
9512401,221,Active,13,10,2014-01-30 02:10:06.473008,28999
9512402,222,Active,8,44,2014-01-30 02:10:06.478184,28999
9512403,223,Active,23,19,2014-01-30 02:10:06.483854,28999
9512404,224,Active,23,15,2014-01-30 02:10:06.514036,28999
9512405,225,Active,5,26,2014-01-30 02:10:06.520775,28999
9512406,226,Active,27,4,2014-01-30 02:10:06.526931,28999
9512407,227,Active,7,23,2014-01-30 02:10:06.532443,28999
9512408,228,Active,6,52,2014-01-30 02:10:06.537882,28999
9512409,229,Active,24,15,2014-01-30 02:10:06.543498,28999
9512410,230,Active,14,20,2014-01-30 02:10:06.551635,28999
9512411,231,Active,0,38,2014-01-30 02:10:06.557449,28999
9512412,232,Active,0,35,2014-01-30 02:10:06.563405,28999
9512413,233,Active,2,57,2014-01-30 02:10:06.568736,28999
9512414,234,Active,0,31,2014-01-30 02:10:06.574672,28999
9512415,235,Active,30,18,2014-01-30 02:10:06.581389,28999
9512416,236,Active,6,17,2014-01-30 02:10:06.586415,28999
9512417,237,Active,23,16,2014-01-30 02:10:06.591232,28999
9512418,238,Active,10,37,2014-01-30 02:10:06.595922,28999
9512419,239,Active,4,19,2014-01-30 02:10:06.601011,28999
9512420,240,Active,20,38,2014-01-30 02:10:06.606134,28999
9512421,241,Inactive,0,39,2014-01-30 02:10:06.611048,28999
9512422,242,Active,16,18,2014-01-30 02:10:06.616355,28999
9512423,243,Active,18,16,2014-01-30 02:10:06.62145,28999
9512424,244,Active,14,45,2014-01-30 02:10:06.625996,28999
9512425,245,Active,0,52,2014-01-30 02:10:06.630963,28999
9512426,246,Active,9,28,2014-01-30 02:10:06.637452,28999
9512427,247,Active,16,11,2014-01-30 02:10:06.642236,28999
9512428,248,Active,3,38,2014-01-30 02:10:06.647154,28999
9512429,249,Active,5,37,2014-01-30 02:10:06.652006,28999
9512430,250,Active,7,38,2014-01-30 02:10:06.656782,28999
9512431,251,Active,13,23,2014-01-30 02:10:06.661705,28999
9512432,252,Active,29,17,2014-01-30 02:10:06.66681,28999
9512433,253,Active,58,1,2014-01-30 02:10:06.6714,28999
9512434,254,Active,13,18,2014-01-30 02:10:06.676116,28999
9512435,255,Active,29,2,2014-01-30 02:10:06.681104,28999
9512436,256,Active,18,9,2014-01-30 02:10:06.685765,28999
9512437,257,Active,17,8,2014-01-30 02:10:06.690437,28999
9512438,258,Active,33,6,2014-01-30 02:10:06.695139,28999
9512439,259,Active,23,11,2014-01-30 02:10:06.70009,28999
9512440,260,Active,2,41,2014-01-30 02:10:06.704919,28999
9512441,261,Active,0,39,2014-01-30 02:10:06.709816,28999
9512442,262,Active,9,29,2014-01-30 02:10:06.71462,28999
9512443,263,Active,27,8,2014-01-30 02:10:06.719402,28999
9512444,264,Active,36,3,2014-01-30 02:10:06.724084,28999
9512445,265,Active,22,15,2014-01-30 02:10:06.728882,28999
9512446,266,Active,57,2,2014-01-30 02:10:06.733691,28999
9512447,267,Active,0,52,2014-01-30 02:10:06.738653,28999
9512448,268,Active,45,3,2014-01-30 02:10:06.746527,28999
9512449,269,Active,10,24,2014-01-30 02:10:06.751644,28999
9512450,270,Active,26,9,2014-01-30 02:10:06.756808,28999
9512451,271,Active,20,5,2014-01-30 02:10:06.761834,28999
9512452,272,Active,29,15,2014-01-30 02:10:06.766786,28999
9512453,273,Active,26,32,2014-01-30 02:10:06.772231,28999
9512454,274,Active,14,16,2014-01-30 02:10:06.777332,28999
9512455,275,Active,21,14,2014-01-30 02:10:06.781954,28999
9512456,276,Active,1,42,2014-01-30 02:10:06.786988,28999
9512457,277,Active,43,0,2014-01-30 02:10:06.791808,28999
9512458,330,Active,8,22,2014-01-30 02:10:06.796773,28999
9512459,278,Active,10,18,2014-01-30 02:10:06.802306,28999
9512460,279,Active,11,32,2014-01-30 02:10:06.830918,28999
9512461,280,Active,30,5,2014-01-30 02:10:06.8366,28999
9512462,281,Active,9,37,2014-01-30 02:10:06.84176,28999
9512463,282,Active,5,19,2014-01-30 02:10:06.846537,28999
9512464,283,Active,19,17,2014-01-30 02:10:06.851385,28999
9512465,284,Active,2,49,2014-01-30 02:10:06.856461,28999
9512466,285,Active,7,23,2014-01-30 02:10:06.861626,28999
9512467,286,Active,4,22,2014-01-30 02:10:06.866454,28999
9512468,287,Active,0,27,2014-01-30 02:10:06.871231,28999
9512469,288,Active,46,7,2014-01-30 02:10:06.876078,28999
9512470,289,Active,31,3,2014-01-30 02:10:06.881307,28999
9512471,290,Active,1,37,2014-01-30 02:10:06.898323,28999
9512472,291,Active,1,54,2014-01-30 02:10:06.904042,28999
9512473,292,Active,5,33,2014-01-30 02:10:06.909772,28999
9512474,293,Active,17,41,2014-01-30 02:10:06.914893,28999
9512475,294,Active,0,39,2014-01-30 02:10:06.920263,28999
9512476,295,Active,63,1,2014-01-30 02:10:06.925226,28999
9512477,296,Active,12,39,2014-01-30 02:10:06.93023,28999
9512478,297,Active,51,0,2014-01-30 02:10:06.935967,28999
9512479,298,Active,25,31,2014-01-30 02:10:06.941269,28999
9512480,299,Active,24,15,2014-01-30 02:10:06.946542,28999
9512481,300,Active,13,27,2014-01-30 02:10:06.951403,28999
9512482,301,Active,6,53,2014-01-30 02:10:06.956649,28999
9512483,302,Active,35,4,2014-01-30 02:10:06.961413,28999
9512484,303,Active,39,1,2014-01-30 02:10:06.966447,28999
9512485,305,Active,21,17,2014-01-30 02:10:06.971907,28999
9512486,306,Active,37,6,2014-01-30 02:10:06.976607,28999
9512487,307,Inactive,0,50,2014-01-30 02:10:06.981613,28999
9512488,308,Active,1,29,2014-01-30 02:10:06.986225,28999
9512489,309,Active,2,26,2014-01-30 02:10:06.991482,28999
9512490,310,Active,15,24,2014-01-30 02:10:06.996759,28999
9512491,311,Active,0,37,2014-01-30 02:10:07.001705,28999
9512492,312,Active,21,10,2014-01-30 02:10:07.006623,28999
9512493,313,Active,5,32,2014-01-30 02:10:07.012861,28999
9512494,314,Active,11,14,2014-01-30 02:10:07.018301,28999
9512495,315,Active,6,31,2014-01-30 02:10:07.023418,28999
9512496,316,Active,19,11,2014-01-30 02:10:07.028357,28999
9512497,317,Active,10,5,2014-01-30 02:10:07.033254,28999
9512498,318,Active,17,10,2014-01-30 02:10:07.038792,28999
9512499,319,Active,14,16,2014-01-30 02:10:07.043665,28999
9512500,320,Active,5,31,2014-01-30 02:10:07.04896,28999
9512501,321,Active,12,0,2014-01-30 02:10:07.053738,28999
9512502,322,Active,16,33,2014-01-30 02:10:07.059043,28999
9512503,332,Active,15,9,2014-01-30 02:10:07.064059,28999
9512504,327,Active,14,21,2014-01-30 02:10:07.069036,28999
9512505,328,Active,13,26,2014-01-30 02:10:07.07519,28999
9512506,331,Active,1,35,2014-01-30 02:10:07.08024,28999
9512507,323,Active,1,38,2014-01-30 02:10:07.085239,28999
9512508,324,Active,41,2,2014-01-30 02:10:07.090359,28999
9512509,329,Active,28,4,2014-01-30 02:10:07.095162,28999
9512510,325,Active,2,32,2014-01-30 02:10:07.099955,28999
9512511,326,Active,12,12,2014-01-30 02:10:07.104791,28999
9512512,1,Active,9,30,2014-01-30 02:20:04.77218,29000
9512513,2,Active,9,24,2014-01-30 02:20:04.78109,29000
9512514,3,Active,16,9,2014-01-30 02:20:04.785425,29000
9512515,4,Active,33,28,2014-01-30 02:20:04.789601,29000
9512516,5,Active,20,18,2014-01-30 02:20:04.793524,29000
9512517,6,Active,6,12,2014-01-30 02:20:04.797436,29000
9512518,7,Active,3,16,2014-01-30 02:20:04.803427,29000
9512519,8,Active,19,12,2014-01-30 02:20:04.807592,29000
9512520,9,Active,22,8,2014-01-30 02:20:04.811462,29000
9512521,10,Active,4,42,2014-01-30 02:20:04.815334,29000
9512522,11,Active,7,17,2014-01-30 02:20:04.819182,29000
9512523,12,Active,0,19,2014-01-30 02:20:04.823001,29000
9512524,13,Active,11,28,2014-01-30 02:20:04.82721,29000
9512525,14,Active,20,12,2014-01-30 02:20:04.831231,29000
9512526,15,Active,2,29,2014-01-30 02:20:04.835147,29000
9512527,16,Active,16,16,2014-01-30 02:20:04.840024,29000
9512528,17,Active,13,14,2014-01-30 02:20:04.844521,29000
9512529,18,Active,0,54,2014-01-30 02:20:04.848481,29000
9512530,19,Active,12,11,2014-01-30 02:20:04.852392,29000
9512531,20,Active,12,13,2014-01-30 02:20:04.856303,29000
9512532,21,Active,24,10,2014-01-30 02:20:04.860707,29000
9512533,22,Active,3,44,2014-01-30 02:20:04.864638,29000
9512534,23,Active,21,23,2014-01-30 02:20:04.869026,29000
9512535,24,Active,1,43,2014-01-30 02:20:04.873081,29000
9512536,25,Active,4,45,2014-01-30 02:20:04.877059,29000
9512537,26,Active,1,29,2014-01-30 02:20:04.881092,29000
9512538,27,Active,1,44,2014-01-30 02:20:04.885053,29000
9512539,28,Active,0,26,2014-01-30 02:20:04.88901,29000
9512540,29,Active,4,19,2014-01-30 02:20:04.892968,29000
9512541,30,Active,29,10,2014-01-30 02:20:04.899437,29000
9512542,31,Active,12,26,2014-01-30 02:20:04.903449,29000
9512543,32,Active,26,7,2014-01-30 02:20:04.907351,29000
9512544,33,Active,2,29,2014-01-30 02:20:04.911274,29000
9512545,34,Active,6,30,2014-01-30 02:20:04.91514,29000
9512546,35,Active,4,50,2014-01-30 02:20:04.919026,29000
9512547,36,Active,19,7,2014-01-30 02:20:04.922929,29000
9512548,37,Active,10,12,2014-01-30 02:20:04.926782,29000
9512549,38,Active,1,38,2014-01-30 02:20:04.930684,29000
9512550,39,Active,8,30,2014-01-30 02:20:04.934638,29000
9512551,40,Active,24,15,2014-01-30 02:20:04.938595,29000
9512552,41,Active,23,7,2014-01-30 02:20:04.9425,29000
9512553,42,Active,15,16,2014-01-30 02:20:04.946658,29000
9512554,43,Active,5,17,2014-01-30 02:20:04.950621,29000
9512555,44,Active,9,12,2014-01-30 02:20:04.954556,29000
9512556,45,Inactive,0,3,2014-01-30 02:20:04.958667,29000
9512557,46,Active,3,28,2014-01-30 02:20:04.963748,29000
9512558,47,Active,2,21,2014-01-30 02:20:04.967724,29000
9512559,48,Active,17,2,2014-01-30 02:20:04.971703,29000
9512560,49,Active,7,16,2014-01-30 02:20:04.975683,29000
9512561,50,Active,6,21,2014-01-30 02:20:04.979679,29000
9512562,51,Active,8,32,2014-01-30 02:20:04.983678,29000
9512563,52,Active,18,8,2014-01-30 02:20:04.987684,29000
9512564,53,Active,17,16,2014-01-30 02:20:04.991757,29000
9512565,54,Inactive,0,47,2014-01-30 02:20:04.995829,29000
9512566,55,Active,24,4,2014-01-30 02:20:05.000047,29000
9512567,56,Active,22,17,2014-01-30 02:20:05.026484,29000
9512568,57,Active,6,17,2014-01-30 02:20:05.031371,29000
9512569,58,Active,16,23,2014-01-30 02:20:05.036091,29000
9512570,59,Active,8,27,2014-01-30 02:20:05.044674,29000
9512571,60,Active,1,26,2014-01-30 02:20:05.049408,29000
9512572,61,Active,4,20,2014-01-30 02:20:05.054126,29000
9512573,62,Active,17,14,2014-01-30 02:20:05.058817,29000
9512574,63,Active,12,13,2014-01-30 02:20:05.063522,29000
9512575,64,Active,23,10,2014-01-30 02:20:05.068163,29000
9512576,65,Active,5,19,2014-01-30 02:20:05.072915,29000
9512577,66,Inactive,0,33,2014-01-30 02:20:05.077741,29000
9512578,67,Active,16,11,2014-01-30 02:20:05.08248,29000
9512579,68,Active,12,11,2014-01-30 02:20:05.087194,29000
9512580,69,Active,21,16,2014-01-30 02:20:05.091865,29000
9512581,70,Active,9,21,2014-01-30 02:20:05.096698,29000
9512582,71,Active,4,15,2014-01-30 02:20:05.10141,29000
9512583,72,Active,7,17,2014-01-30 02:20:05.10656,29000
9512584,73,Active,5,14,2014-01-30 02:20:05.112089,29000
9512585,74,Active,8,11,2014-01-30 02:20:05.116895,29000
9512586,75,Active,22,9,2014-01-30 02:20:05.124009,29000
9512587,76,Active,20,39,2014-01-30 02:20:05.128796,29000
9512588,77,Active,22,4,2014-01-30 02:20:05.133603,29000
9512589,78,Active,38,5,2014-01-30 02:20:05.138432,29000
9512590,79,Active,34,10,2014-01-30 02:20:05.14329,29000
9512591,80,Active,5,14,2014-01-30 02:20:05.148436,29000
9512592,81,Active,11,17,2014-01-30 02:20:05.153279,29000
9512593,82,Active,1,19,2014-01-30 02:20:05.158473,29000
9512594,83,Active,21,30,2014-01-30 02:20:05.164752,29000
9512595,84,Active,20,11,2014-01-30 02:20:05.169411,29000
9512596,85,Active,3,21,2014-01-30 02:20:05.174142,29000
9512597,86,Active,33,1,2014-01-30 02:20:05.178964,29000
9512598,87,Active,21,6,2014-01-30 02:20:05.183713,29000
9512599,88,Active,14,20,2014-01-30 02:20:05.18847,29000
9512600,89,Active,8,45,2014-01-30 02:20:05.193257,29000
9512601,90,Active,14,23,2014-01-30 02:20:05.198016,29000
9512602,91,Active,14,9,2014-01-30 02:20:05.202787,29000
9512603,92,Active,23,8,2014-01-30 02:20:05.207501,29000
9512604,93,Active,14,20,2014-01-30 02:20:05.212258,29000
9512605,94,Active,13,20,2014-01-30 02:20:05.217625,29000
9512606,95,Active,5,32,2014-01-30 02:20:05.222481,29000
9512607,96,Active,8,23,2014-01-30 02:20:05.227872,29000
9512608,97,Active,22,4,2014-01-30 02:20:05.236472,29000
9512609,98,Active,4,36,2014-01-30 02:20:05.241615,29000
9512610,99,Active,20,16,2014-01-30 02:20:05.246622,29000
9512611,100,Active,1,28,2014-01-30 02:20:05.251473,29000
9512612,101,Active,18,13,2014-01-30 02:20:05.256206,29000
9512613,102,Active,7,16,2014-01-30 02:20:05.261028,29000
9512614,103,Active,0,38,2014-01-30 02:20:05.265788,29000
9512615,104,Active,22,7,2014-01-30 02:20:05.270671,29000
9512616,105,Active,10,31,2014-01-30 02:20:05.276275,29000
9512617,106,Active,22,4,2014-01-30 02:20:05.281121,29000
9512618,107,Active,17,14,2014-01-30 02:20:05.285972,29000
9512619,108,Active,10,25,2014-01-30 02:20:05.290693,29000
9512620,109,Active,6,33,2014-01-30 02:20:05.295407,29000
9512621,110,Inactive,0,3,2014-01-30 02:20:05.300034,29000
9512622,111,Active,4,27,2014-01-30 02:20:05.304184,29000
9512623,112,Active,9,30,2014-01-30 02:20:05.330055,29000
9512624,113,Active,33,18,2014-01-30 02:20:05.335358,29000
9512625,114,Active,11,24,2014-01-30 02:20:05.340229,29000
9512626,115,Active,14,13,2014-01-30 02:20:05.345527,29000
9512627,116,Active,17,22,2014-01-30 02:20:05.350223,29000
9512628,117,Active,0,23,2014-01-30 02:20:05.354984,29000
9512629,118,Active,0,31,2014-01-30 02:20:05.359718,29000
9512630,119,Active,15,23,2014-01-30 02:20:05.364434,29000
9512631,120,Active,2,25,2014-01-30 02:20:05.372224,29000
9512632,121,Active,5,19,2014-01-30 02:20:05.376932,29000
9512633,122,Active,17,13,2014-01-30 02:20:05.3817,29000
9512634,123,Active,8,19,2014-01-30 02:20:05.386512,29000
9512635,124,Active,30,5,2014-01-30 02:20:05.391339,29000
9512636,125,Active,13,24,2014-01-30 02:20:05.395912,29000
9512637,126,Active,1,23,2014-01-30 02:20:05.400744,29000
9512638,127,Active,8,18,2014-01-30 02:20:05.406024,29000
9512639,128,Active,5,13,2014-01-30 02:20:05.411242,29000
9512640,129,Active,10,19,2014-01-30 02:20:05.416111,29000
9512641,130,Active,2,21,2014-01-30 02:20:05.420858,29000
9512642,131,Active,2,21,2014-01-30 02:20:05.425716,29000
9512643,132,Active,32,2,2014-01-30 02:20:05.430468,29000
9512644,133,Active,24,3,2014-01-30 02:20:05.435198,29000
9512645,134,Active,18,15,2014-01-30 02:20:05.439814,29000
9512646,135,Active,28,14,2014-01-30 02:20:05.444378,29000
9512647,136,Active,3,20,2014-01-30 02:20:05.449157,29000
9512648,137,Active,10,18,2014-01-30 02:20:05.45394,29000
9512649,138,Active,20,19,2014-01-30 02:20:05.458802,29000
9512650,139,Active,3,33,2014-01-30 02:20:05.463721,29000
9512651,140,Active,1,26,2014-01-30 02:20:05.468316,29000
9512652,141,Active,14,17,2014-01-30 02:20:05.473091,29000
9512653,142,Active,35,7,2014-01-30 02:20:05.480256,29000
9512654,143,Active,17,6,2014-01-30 02:20:05.485125,29000
9512655,144,Active,7,20,2014-01-30 02:20:05.489633,29000
9512656,145,Active,34,2,2014-01-30 02:20:05.494385,29000
9512657,146,Active,1,54,2014-01-30 02:20:05.499094,29000
9512658,147,Active,5,34,2014-01-30 02:20:05.503684,29000
9512659,148,Active,10,32,2014-01-30 02:20:05.508501,29000
9512660,149,Inactive,0,57,2014-01-30 02:20:05.513246,29000
9512661,150,Active,18,31,2014-01-30 02:20:05.518221,29000
9512662,151,Active,5,21,2014-01-30 02:20:05.52301,29000
9512663,152,Active,13,17,2014-01-30 02:20:05.527675,29000
9512664,153,Active,16,17,2014-01-30 02:20:05.532574,29000
9512665,154,Active,3,31,2014-01-30 02:20:05.537323,29000
9512666,155,Active,32,7,2014-01-30 02:20:05.542081,29000
9512667,156,Active,16,19,2014-01-30 02:20:05.546849,29000
9512668,157,Active,6,21,2014-01-30 02:20:05.55149,29000
9512669,158,Active,13,6,2014-01-30 02:20:05.556191,29000
9512670,159,Active,23,5,2014-01-30 02:20:05.560896,29000
9512671,160,Active,6,37,2014-01-30 02:20:05.565755,29000
9512672,161,Active,32,14,2014-01-30 02:20:05.570566,29000
9512673,162,Active,40,1,2014-01-30 02:20:05.575298,29000
9512674,163,Active,18,20,2014-01-30 02:20:05.579996,29000
9512675,164,Active,30,6,2014-01-30 02:20:05.588424,29000
9512676,165,Active,32,5,2014-01-30 02:20:05.593623,29000
9512677,166,Active,3,28,2014-01-30 02:20:05.598658,29000
9512678,167,Active,7,22,2014-01-30 02:20:05.603417,29000
9512679,168,Active,17,25,2014-01-30 02:20:05.630509,29000
9512680,169,Active,2,37,2014-01-30 02:20:05.635762,29000
9512681,170,Active,1,34,2014-01-30 02:20:05.640548,29000
9512682,171,Active,11,16,2014-01-30 02:20:05.645354,29000
9512683,172,Active,7,24,2014-01-30 02:20:05.650027,29000
9512684,173,Active,0,31,2014-01-30 02:20:05.654796,29000
9512685,174,Active,24,8,2014-01-30 02:20:05.65947,29000
9512686,175,Active,12,19,2014-01-30 02:20:05.664171,29000
9512687,176,Active,12,20,2014-01-30 02:20:05.668962,29000
9512688,177,Active,16,14,2014-01-30 02:20:05.673771,29000
9512689,178,Active,4,21,2014-01-30 02:20:05.678557,29000
9512690,179,Active,4,23,2014-01-30 02:20:05.683347,29000
9512691,180,Active,20,11,2014-01-30 02:20:05.687899,29000
9512692,181,Active,4,22,2014-01-30 02:20:05.692587,29000
9512693,182,Active,2,13,2014-01-30 02:20:05.697358,29000
9512694,183,Active,10,30,2014-01-30 02:20:05.702102,29000
9512695,184,Active,0,38,2014-01-30 02:20:05.706662,29000
9512696,185,Active,26,5,2014-01-30 02:20:05.711441,29000
9512697,186,Active,19,19,2014-01-30 02:20:05.716128,29000
9512698,187,Active,7,33,2014-01-30 02:20:05.72104,29000
9512699,188,Active,6,28,2014-01-30 02:20:05.725746,29000
9512700,189,Active,4,39,2014-01-30 02:20:05.730293,29000
9512701,190,Active,12,11,2014-01-30 02:20:05.735052,29000
9512702,191,Active,4,15,2014-01-30 02:20:05.739695,29000
9512703,192,Active,32,3,2014-01-30 02:20:05.744427,29000
9512704,193,Active,9,14,2014-01-30 02:20:05.750012,29000
9512705,194,Active,7,22,2014-01-30 02:20:05.7556,29000
9512706,195,Active,12,12,2014-01-30 02:20:05.761091,29000
9512707,196,Active,7,35,2014-01-30 02:20:05.766653,29000
9512708,197,Active,4,27,2014-01-30 02:20:05.772396,29000
9512709,198,Active,27,18,2014-01-30 02:20:05.777645,29000
9512710,199,Active,6,17,2014-01-30 02:20:05.782837,29000
9512711,200,Active,3,20,2014-01-30 02:20:05.787617,29000
9512712,201,Active,1,22,2014-01-30 02:20:05.792339,29000
9512713,202,Active,3,16,2014-01-30 02:20:05.796957,29000
9512714,203,Active,10,45,2014-01-30 02:20:05.801709,29000
9512715,204,Active,0,39,2014-01-30 02:20:05.806473,29000
9512716,205,Active,7,22,2014-01-30 02:20:05.811196,29000
9512717,206,Active,10,49,2014-01-30 02:20:05.815947,29000
9512718,207,Active,3,27,2014-01-30 02:20:05.820878,29000
9512719,208,Active,8,18,2014-01-30 02:20:05.82559,29000
9512720,209,Active,10,20,2014-01-30 02:20:05.832744,29000
9512721,210,Active,17,12,2014-01-30 02:20:05.837491,29000
9512722,211,Active,9,30,2014-01-30 02:20:05.842368,29000
9512723,212,Active,23,2,2014-01-30 02:20:05.847297,29000
9512724,213,Active,1,46,2014-01-30 02:20:05.852014,29000
9512725,214,Active,0,27,2014-01-30 02:20:05.856797,29000
9512726,215,Active,0,27,2014-01-30 02:20:05.862122,29000
9512727,216,Active,19,6,2014-01-30 02:20:05.866782,29000
9512728,217,Active,9,29,2014-01-30 02:20:05.871542,29000
9512729,218,Active,0,32,2014-01-30 02:20:05.876319,29000
9512730,219,Active,33,2,2014-01-30 02:20:05.881162,29000
9512731,220,Active,2,48,2014-01-30 02:20:05.885933,29000
9512732,221,Active,12,11,2014-01-30 02:20:05.890668,29000
9512733,222,Active,8,44,2014-01-30 02:20:05.895574,29000
9512734,223,Active,23,19,2014-01-30 02:20:05.900506,29000
9512735,224,Active,22,15,2014-01-30 02:20:05.928068,29000
9512736,225,Active,6,25,2014-01-30 02:20:05.933077,29000
9512737,226,Active,27,4,2014-01-30 02:20:05.937817,29000
9512738,227,Active,7,23,2014-01-30 02:20:05.943274,29000
9512739,228,Active,5,53,2014-01-30 02:20:05.948003,29000
9512740,229,Active,23,16,2014-01-30 02:20:05.952694,29000
9512741,230,Active,15,19,2014-01-30 02:20:05.957452,29000
9512742,231,Active,0,38,2014-01-30 02:20:05.964311,29000
9512743,232,Active,0,35,2014-01-30 02:20:05.96916,29000
9512744,233,Active,4,55,2014-01-30 02:20:05.973787,29000
9512745,234,Active,0,31,2014-01-30 02:20:05.978532,29000
9512746,235,Active,29,19,2014-01-30 02:20:05.983299,29000
9512747,236,Active,7,16,2014-01-30 02:20:05.987983,29000
9512748,237,Active,24,15,2014-01-30 02:20:05.992739,29000
9512749,238,Active,10,37,2014-01-30 02:20:06.004699,29000
9512750,239,Active,4,19,2014-01-30 02:20:06.011374,29000
9512751,240,Active,21,37,2014-01-30 02:20:06.019464,29000
9512871,29,Active,4,19,2014-01-30 02:30:10.894801,29001
9512752,241,Inactive,0,39,2014-01-30 02:20:06.02832,29000
9512753,242,Active,16,18,2014-01-30 02:20:06.035402,29000
9512754,243,Active,18,16,2014-01-30 02:20:06.042493,29000
9512755,244,Active,16,43,2014-01-30 02:20:06.047195,29000
9512756,245,Active,0,52,2014-01-30 02:20:06.051911,29000
9512757,246,Active,9,28,2014-01-30 02:20:06.056645,29000
9512758,247,Active,16,11,2014-01-30 02:20:06.061781,29000
9512759,248,Active,3,38,2014-01-30 02:20:06.066571,29000
9512760,249,Active,5,37,2014-01-30 02:20:06.071513,29000
9512761,250,Active,7,38,2014-01-30 02:20:06.076539,29000
9512762,251,Active,12,24,2014-01-30 02:20:06.081341,29000
9512763,252,Active,28,18,2014-01-30 02:20:06.086382,29000
9512764,253,Active,58,1,2014-01-30 02:20:06.091941,29000
9512765,254,Active,14,17,2014-01-30 02:20:06.097473,29000
9512766,255,Active,29,2,2014-01-30 02:20:06.104601,29000
9512767,256,Active,18,9,2014-01-30 02:20:06.1099,29000
9512768,257,Active,17,8,2014-01-30 02:20:06.114622,29000
9512769,258,Active,34,5,2014-01-30 02:20:06.119798,29000
9512770,259,Active,25,9,2014-01-30 02:20:06.124997,29000
9512771,260,Active,2,41,2014-01-30 02:20:06.130199,29000
9512772,261,Active,0,39,2014-01-30 02:20:06.136092,29000
9512773,262,Active,9,29,2014-01-30 02:20:06.141077,29000
9512774,263,Active,27,8,2014-01-30 02:20:06.146172,29000
9512775,264,Active,37,2,2014-01-30 02:20:06.150952,29000
9512776,265,Active,22,15,2014-01-30 02:20:06.155703,29000
9512777,266,Active,57,2,2014-01-30 02:20:06.160383,29000
9512778,267,Active,0,52,2014-01-30 02:20:06.165282,29000
9512779,268,Active,45,3,2014-01-30 02:20:06.171172,29000
9512780,269,Active,9,25,2014-01-30 02:20:06.176051,29000
9512781,270,Active,25,10,2014-01-30 02:20:06.181147,29000
9512782,271,Active,21,4,2014-01-30 02:20:06.186177,29000
9512783,272,Active,30,14,2014-01-30 02:20:06.191264,29000
9512784,273,Active,23,35,2014-01-30 02:20:06.196244,29000
9512785,274,Active,14,16,2014-01-30 02:20:06.201168,29000
9512786,275,Active,21,14,2014-01-30 02:20:06.205835,29000
9512787,276,Active,1,42,2014-01-30 02:20:06.210599,29000
9512788,277,Active,43,0,2014-01-30 02:20:06.216392,29000
9512789,330,Active,9,21,2014-01-30 02:20:06.22138,29000
9512790,278,Active,10,18,2014-01-30 02:20:06.226411,29000
9512791,279,Active,13,30,2014-01-30 02:20:06.253832,29000
9512792,280,Active,31,4,2014-01-30 02:20:06.258713,29000
9512793,281,Active,8,38,2014-01-30 02:20:06.263949,29000
9512794,282,Active,5,19,2014-01-30 02:20:06.268675,29000
9512795,283,Active,19,17,2014-01-30 02:20:06.27345,29000
9512796,284,Active,1,50,2014-01-30 02:20:06.278218,29000
9512797,285,Active,7,23,2014-01-30 02:20:06.283562,29000
9512798,286,Active,5,21,2014-01-30 02:20:06.28839,29000
9512799,287,Active,2,25,2014-01-30 02:20:06.294308,29000
9512800,288,Active,46,7,2014-01-30 02:20:06.299042,29000
9512801,289,Active,31,3,2014-01-30 02:20:06.303696,29000
9512802,290,Active,1,37,2014-01-30 02:20:06.308699,29000
9512803,291,Active,1,54,2014-01-30 02:20:06.313572,29000
9512804,292,Active,5,33,2014-01-30 02:20:06.318479,29000
9512805,293,Active,13,45,2014-01-30 02:20:06.323645,29000
9512806,294,Active,0,39,2014-01-30 02:20:06.328701,29000
9512807,295,Active,63,1,2014-01-30 02:20:06.333563,29000
9512808,296,Active,11,40,2014-01-30 02:20:06.338431,29000
9512809,297,Active,50,1,2014-01-30 02:20:06.343151,29000
9512810,298,Active,24,32,2014-01-30 02:20:06.352642,29000
9512811,299,Active,24,15,2014-01-30 02:20:06.357548,29000
9512812,300,Active,11,29,2014-01-30 02:20:06.36261,29000
9512813,301,Active,9,50,2014-01-30 02:20:06.367355,29000
9512814,302,Active,35,4,2014-01-30 02:20:06.372118,29000
9512815,303,Active,40,0,2014-01-30 02:20:06.377086,29000
9512816,305,Active,21,17,2014-01-30 02:20:06.381757,29000
9512817,306,Active,37,6,2014-01-30 02:20:06.386557,29000
9512818,307,Inactive,0,50,2014-01-30 02:20:06.391276,29000
9512819,308,Active,1,29,2014-01-30 02:20:06.396677,29000
9512820,309,Active,2,26,2014-01-30 02:20:06.401967,29000
9512821,310,Active,15,24,2014-01-30 02:20:06.406922,29000
9512822,311,Active,0,37,2014-01-30 02:20:06.411674,29000
9512823,312,Active,22,9,2014-01-30 02:20:06.416534,29000
9512824,313,Active,5,32,2014-01-30 02:20:06.421354,29000
9512825,314,Active,11,14,2014-01-30 02:20:06.426317,29000
9512826,315,Active,6,31,2014-01-30 02:20:06.431243,29000
9512827,316,Active,19,11,2014-01-30 02:20:06.436115,29000
9512828,317,Active,10,5,2014-01-30 02:20:06.440983,29000
9512829,318,Active,17,10,2014-01-30 02:20:06.445857,29000
9512830,319,Active,16,14,2014-01-30 02:20:06.450911,29000
9512831,320,Active,6,30,2014-01-30 02:20:06.456059,29000
9512832,321,Active,11,1,2014-01-30 02:20:06.461457,29000
9512833,322,Active,16,33,2014-01-30 02:20:06.468428,29000
9512834,332,Active,15,9,2014-01-30 02:20:06.473271,29000
9512835,327,Active,14,21,2014-01-30 02:20:06.478064,29000
9512836,328,Active,13,26,2014-01-30 02:20:06.483071,29000
9512837,331,Active,2,34,2014-01-30 02:20:06.487812,29000
9512838,323,Active,1,38,2014-01-30 02:20:06.492632,29000
9512839,324,Active,41,2,2014-01-30 02:20:06.497418,29000
9512840,329,Active,28,4,2014-01-30 02:20:06.502533,29000
9512841,325,Active,2,32,2014-01-30 02:20:06.507772,29000
9512842,326,Active,12,12,2014-01-30 02:20:06.51261,29000
9512843,1,Active,9,30,2014-01-30 02:30:10.625365,29001
9512844,2,Active,9,24,2014-01-30 02:30:10.735744,29001
9512845,3,Active,16,9,2014-01-30 02:30:10.740199,29001
9512846,4,Active,33,28,2014-01-30 02:30:10.744111,29001
9512847,5,Active,20,18,2014-01-30 02:30:10.748044,29001
9512848,6,Active,6,12,2014-01-30 02:30:10.752024,29001
9512849,7,Active,3,16,2014-01-30 02:30:10.755992,29001
9512850,8,Active,18,13,2014-01-30 02:30:10.759844,29001
9512851,9,Active,24,6,2014-01-30 02:30:10.763757,29001
9512852,10,Active,4,42,2014-01-30 02:30:10.767912,29001
9512853,11,Active,7,17,2014-01-30 02:30:10.77215,29001
9512854,12,Active,0,19,2014-01-30 02:30:10.777074,29001
9512855,13,Active,11,28,2014-01-30 02:30:10.78135,29001
9512856,14,Active,18,14,2014-01-30 02:30:10.78712,29001
9512857,15,Active,2,29,2014-01-30 02:30:10.793047,29001
9512858,16,Active,17,15,2014-01-30 02:30:10.817001,29001
9512859,17,Active,14,13,2014-01-30 02:30:10.822414,29001
9512860,18,Active,0,54,2014-01-30 02:30:10.827317,29001
9512861,19,Active,12,11,2014-01-30 02:30:10.832333,29001
9512862,20,Active,12,13,2014-01-30 02:30:10.838105,29001
9512863,21,Active,23,11,2014-01-30 02:30:10.842631,29001
9512864,22,Active,3,44,2014-01-30 02:30:10.865105,29001
9512865,23,Active,21,23,2014-01-30 02:30:10.869591,29001
9512866,24,Active,2,42,2014-01-30 02:30:10.874102,29001
9512867,25,Active,4,45,2014-01-30 02:30:10.878267,29001
9512868,26,Active,2,28,2014-01-30 02:30:10.882248,29001
9512869,27,Active,0,45,2014-01-30 02:30:10.886536,29001
9512870,28,Active,0,26,2014-01-30 02:30:10.890864,29001
9512872,30,Active,31,8,2014-01-30 02:30:10.905471,29001
9512873,31,Active,12,26,2014-01-30 02:30:10.909827,29001
9512874,32,Active,25,8,2014-01-30 02:30:10.913847,29001
9512875,33,Active,2,29,2014-01-30 02:30:10.918007,29001
9512876,34,Active,5,31,2014-01-30 02:30:10.922171,29001
9512877,35,Active,3,51,2014-01-30 02:30:10.926549,29001
9512878,36,Active,18,7,2014-01-30 02:30:10.933084,29001
9512879,37,Active,10,12,2014-01-30 02:30:10.941693,29001
9512880,38,Active,1,38,2014-01-30 02:30:10.946691,29001
9512881,39,Active,8,30,2014-01-30 02:30:10.950763,29001
9512882,40,Active,26,13,2014-01-30 02:30:10.954745,29001
9512883,41,Active,24,6,2014-01-30 02:30:10.958781,29001
9512884,42,Active,15,16,2014-01-30 02:30:10.962719,29001
9512885,43,Active,5,17,2014-01-30 02:30:10.966688,29001
9512886,44,Active,9,12,2014-01-30 02:30:10.970873,29001
9512887,45,Inactive,0,3,2014-01-30 02:30:10.974853,29001
9512888,46,Active,3,28,2014-01-30 02:30:10.980402,29001
9512889,47,Active,2,21,2014-01-30 02:30:10.987074,29001
9512890,48,Active,17,2,2014-01-30 02:30:10.991271,29001
9512891,49,Active,7,16,2014-01-30 02:30:10.995751,29001
9512892,50,Active,6,21,2014-01-30 02:30:10.999817,29001
9512893,51,Active,10,30,2014-01-30 02:30:11.011953,29001
9512894,52,Active,18,8,2014-01-30 02:30:11.020861,29001
9512895,53,Active,16,17,2014-01-30 02:30:11.026318,29001
9512896,54,Inactive,0,47,2014-01-30 02:30:11.030567,29001
9512897,55,Active,26,2,2014-01-30 02:30:11.036082,29001
9512898,56,Active,21,18,2014-01-30 02:30:11.083482,29001
9512899,57,Active,5,18,2014-01-30 02:30:11.088161,29001
9512900,58,Active,17,22,2014-01-30 02:30:11.093287,29001
9512901,59,Active,8,27,2014-01-30 02:30:11.09962,29001
9512902,60,Active,1,26,2014-01-30 02:30:11.104563,29001
9512903,61,Active,5,19,2014-01-30 02:30:11.109504,29001
9512904,62,Active,17,14,2014-01-30 02:30:11.114355,29001
9512905,63,Active,12,13,2014-01-30 02:30:11.119477,29001
9512906,64,Active,24,9,2014-01-30 02:30:11.124532,29001
9512907,65,Active,5,19,2014-01-30 02:30:11.13009,29001
9512908,66,Inactive,0,33,2014-01-30 02:30:11.135098,29001
9512909,67,Active,16,11,2014-01-30 02:30:11.139841,29001
9512910,68,Active,12,11,2014-01-30 02:30:11.145507,29001
9512911,69,Active,21,16,2014-01-30 02:30:11.154073,29001
9512912,70,Active,9,21,2014-01-30 02:30:11.159698,29001
9512913,71,Active,4,15,2014-01-30 02:30:11.164648,29001
9512914,72,Active,7,17,2014-01-30 02:30:11.169643,29001
9512915,73,Active,5,14,2014-01-30 02:30:11.174855,29001
9512916,74,Active,8,11,2014-01-30 02:30:11.179769,29001
9512917,75,Active,22,9,2014-01-30 02:30:11.184522,29001
9512918,76,Active,19,40,2014-01-30 02:30:11.189342,29001
9512919,77,Active,23,3,2014-01-30 02:30:11.19423,29001
9512920,78,Active,38,5,2014-01-30 02:30:11.198843,29001
9512921,79,Active,34,10,2014-01-30 02:30:11.203515,29001
9512922,80,Active,4,15,2014-01-30 02:30:11.209641,29001
9512923,81,Active,11,17,2014-01-30 02:30:11.214985,29001
9512924,82,Active,1,19,2014-01-30 02:30:11.220024,29001
9512925,83,Active,19,32,2014-01-30 02:30:11.22487,29001
9512926,84,Active,22,9,2014-01-30 02:30:11.230657,29001
9512927,85,Active,3,21,2014-01-30 02:30:11.236201,29001
9512928,86,Active,33,1,2014-01-30 02:30:11.241478,29001
9512929,87,Active,24,3,2014-01-30 02:30:11.246385,29001
9512930,88,Active,14,20,2014-01-30 02:30:11.251332,29001
9512931,89,Active,7,46,2014-01-30 02:30:11.256328,29001
9512932,90,Active,13,24,2014-01-30 02:30:11.262134,29001
9512933,91,Active,14,9,2014-01-30 02:30:11.270517,29001
9512934,92,Active,24,7,2014-01-30 02:30:11.275962,29001
9512935,93,Active,14,20,2014-01-30 02:30:11.28132,29001
9512936,94,Active,14,19,2014-01-30 02:30:11.287363,29001
9512937,95,Active,6,31,2014-01-30 02:30:11.292462,29001
9512938,96,Active,8,23,2014-01-30 02:30:11.29763,29001
9512939,97,Active,25,1,2014-01-30 02:30:11.302608,29001
9512940,98,Active,3,37,2014-01-30 02:30:11.307483,29001
9512941,99,Active,20,16,2014-01-30 02:30:11.312326,29001
9512942,100,Active,1,28,2014-01-30 02:30:11.31704,29001
9512943,101,Active,18,13,2014-01-30 02:30:11.322204,29001
9512944,102,Active,7,16,2014-01-30 02:30:11.327225,29001
9512945,103,Active,0,38,2014-01-30 02:30:11.332026,29001
9512946,104,Active,22,7,2014-01-30 02:30:11.336987,29001
9512947,105,Active,10,31,2014-01-30 02:30:11.342043,29001
9512948,106,Active,20,6,2014-01-30 02:30:11.346977,29001
9512949,107,Active,17,14,2014-01-30 02:30:11.351805,29001
9512950,108,Active,10,25,2014-01-30 02:30:11.356662,29001
9512951,109,Active,5,34,2014-01-30 02:30:11.361349,29001
9512952,110,Inactive,0,3,2014-01-30 02:30:11.366102,29001
9512953,111,Active,4,27,2014-01-30 02:30:11.370366,29001
9512954,112,Active,10,29,2014-01-30 02:30:11.399498,29001
9512955,113,Active,33,18,2014-01-30 02:30:11.405368,29001
9512956,114,Active,12,23,2014-01-30 02:30:11.413692,29001
9512957,115,Active,14,13,2014-01-30 02:30:11.418437,29001
9512958,116,Active,17,22,2014-01-30 02:30:11.423198,29001
9512959,117,Active,0,23,2014-01-30 02:30:11.428134,29001
9512960,118,Active,0,31,2014-01-30 02:30:11.432777,29001
9512961,119,Active,14,24,2014-01-30 02:30:11.437585,29001
9512962,120,Active,3,24,2014-01-30 02:30:11.442505,29001
9512963,121,Active,4,20,2014-01-30 02:30:11.447584,29001
9512964,122,Active,17,13,2014-01-30 02:30:11.452552,29001
9512965,123,Active,7,20,2014-01-30 02:30:11.4576,29001
9512966,124,Active,29,6,2014-01-30 02:30:11.462508,29001
9512967,125,Active,13,24,2014-01-30 02:30:11.46787,29001
9512968,126,Active,1,23,2014-01-30 02:30:11.472503,29001
9512969,127,Active,8,18,2014-01-30 02:30:11.477725,29001
9512970,128,Active,5,13,2014-01-30 02:30:11.482275,29001
9512971,129,Active,10,19,2014-01-30 02:30:11.487109,29001
9512972,130,Active,2,21,2014-01-30 02:30:11.492484,29001
9512973,131,Active,3,20,2014-01-30 02:30:11.497907,29001
9512974,132,Active,29,5,2014-01-30 02:30:11.503077,29001
9512975,133,Active,25,2,2014-01-30 02:30:11.507779,29001
9512976,134,Active,18,15,2014-01-30 02:30:11.512747,29001
9512977,135,Active,28,14,2014-01-30 02:30:11.517533,29001
9512978,136,Active,3,20,2014-01-30 02:30:11.523579,29001
9512979,137,Active,10,18,2014-01-30 02:30:11.52917,29001
9512980,138,Active,20,19,2014-01-30 02:30:11.53534,29001
9512981,139,Active,3,33,2014-01-30 02:30:11.540487,29001
9512982,140,Active,1,26,2014-01-30 02:30:11.545975,29001
9512983,141,Active,14,17,2014-01-30 02:30:11.551518,29001
9512984,142,Active,37,5,2014-01-30 02:30:11.55653,29001
9512985,143,Active,17,6,2014-01-30 02:30:11.562184,29001
9512986,144,Active,6,21,2014-01-30 02:30:11.567325,29001
9512987,145,Active,35,1,2014-01-30 02:30:11.572287,29001
9512988,146,Active,1,54,2014-01-30 02:30:11.577075,29001
9512989,147,Active,4,35,2014-01-30 02:30:11.581878,29001
9512990,148,Active,10,32,2014-01-30 02:30:11.586906,29001
9512991,149,Inactive,0,57,2014-01-30 02:30:11.591684,29001
9512992,150,Active,18,31,2014-01-30 02:30:11.596887,29001
9512993,151,Active,4,22,2014-01-30 02:30:11.602356,29001
9512994,152,Active,13,17,2014-01-30 02:30:11.607624,29001
9512995,153,Active,16,17,2014-01-30 02:30:11.612837,29001
9512996,154,Active,3,31,2014-01-30 02:30:11.618169,29001
9512997,155,Active,32,7,2014-01-30 02:30:11.623579,29001
9512998,156,Active,14,21,2014-01-30 02:30:11.628574,29001
9512999,157,Active,6,21,2014-01-30 02:30:11.633891,29001
9513000,158,Active,13,6,2014-01-30 02:30:11.641632,29001
9513001,159,Active,23,5,2014-01-30 02:30:11.646658,29001
9513002,160,Active,6,37,2014-01-30 02:30:11.651824,29001
9513003,161,Active,32,14,2014-01-30 02:30:11.657256,29001
9513004,162,Active,39,2,2014-01-30 02:30:11.66249,29001
9513005,163,Active,21,17,2014-01-30 02:30:11.667408,29001
9513006,164,Active,27,9,2014-01-30 02:30:11.672396,29001
9513007,165,Active,32,5,2014-01-30 02:30:11.677832,29001
9513008,166,Active,3,28,2014-01-30 02:30:11.683069,29001
9513009,167,Active,8,21,2014-01-30 02:30:11.688377,29001
9513010,168,Active,15,27,2014-01-30 02:30:11.716295,29001
9513011,169,Active,2,37,2014-01-30 02:30:11.721862,29001
9513012,170,Active,1,34,2014-01-30 02:30:11.726683,29001
9513013,171,Active,11,16,2014-01-30 02:30:11.731512,29001
9513014,172,Active,7,24,2014-01-30 02:30:11.736558,29001
9513015,173,Active,0,31,2014-01-30 02:30:11.741948,29001
9513016,174,Active,24,8,2014-01-30 02:30:11.746846,29001
9513017,175,Active,12,19,2014-01-30 02:30:11.751648,29001
9513018,176,Active,12,20,2014-01-30 02:30:11.756765,29001
9513019,177,Active,16,14,2014-01-30 02:30:11.762573,29001
9513020,178,Active,4,21,2014-01-30 02:30:11.767618,29001
9513021,179,Active,4,23,2014-01-30 02:30:11.772669,29001
9513022,180,Active,20,11,2014-01-30 02:30:11.777462,29001
9513023,181,Active,4,22,2014-01-30 02:30:11.782212,29001
9513024,182,Active,2,13,2014-01-30 02:30:11.787869,29001
9513025,183,Active,12,28,2014-01-30 02:30:11.793476,29001
9513026,184,Active,0,38,2014-01-30 02:30:11.798944,29001
9513027,185,Active,27,4,2014-01-30 02:30:11.80367,29001
9513028,186,Active,20,18,2014-01-30 02:30:11.808239,29001
9513029,187,Active,7,33,2014-01-30 02:30:11.813079,29001
9513030,188,Active,6,28,2014-01-30 02:30:11.817913,29001
9513031,189,Active,4,39,2014-01-30 02:30:11.822945,29001
9513032,190,Active,12,11,2014-01-30 02:30:11.82786,29001
9513033,191,Active,5,14,2014-01-30 02:30:11.833021,29001
9513034,192,Active,31,4,2014-01-30 02:30:11.837871,29001
9513035,193,Active,10,13,2014-01-30 02:30:11.842512,29001
9513036,194,Active,7,22,2014-01-30 02:30:11.847401,29001
9513037,195,Active,13,11,2014-01-30 02:30:11.852384,29001
9513038,196,Active,7,35,2014-01-30 02:30:11.857064,29001
9513039,197,Active,4,27,2014-01-30 02:30:11.862243,29001
9513040,198,Active,27,18,2014-01-30 02:30:11.887483,29001
9513041,199,Active,6,17,2014-01-30 02:30:11.893176,29001
9513042,200,Active,3,20,2014-01-30 02:30:11.899359,29001
9513043,201,Active,2,21,2014-01-30 02:30:11.905242,29001
9513044,202,Active,3,16,2014-01-30 02:30:11.911243,29001
9513045,203,Active,10,45,2014-01-30 02:30:11.917878,29001
9513046,204,Active,0,39,2014-01-30 02:30:11.939789,29001
9513047,205,Active,7,22,2014-01-30 02:30:11.944667,29001
9513048,206,Active,10,49,2014-01-30 02:30:11.949585,29001
9513049,207,Active,3,27,2014-01-30 02:30:11.954482,29001
9513050,208,Active,8,18,2014-01-30 02:30:11.95939,29001
9513051,209,Active,10,20,2014-01-30 02:30:11.964157,29001
9513052,210,Active,18,11,2014-01-30 02:30:11.987806,29001
9513053,211,Active,9,30,2014-01-30 02:30:11.993586,29001
9513054,212,Active,24,1,2014-01-30 02:30:11.999692,29001
9513055,213,Active,1,46,2014-01-30 02:30:12.005399,29001
9513056,214,Active,0,27,2014-01-30 02:30:12.010511,29001
9513057,215,Active,0,27,2014-01-30 02:30:12.01678,29001
9513058,216,Active,19,6,2014-01-30 02:30:12.039189,29001
9513059,217,Active,8,30,2014-01-30 02:30:12.045458,29001
9513060,218,Active,0,32,2014-01-30 02:30:12.050341,29001
9513061,219,Active,33,2,2014-01-30 02:30:12.055366,29001
9513062,220,Active,0,50,2014-01-30 02:30:12.061195,29001
9513063,221,Active,12,11,2014-01-30 02:30:12.066348,29001
9513064,222,Active,7,45,2014-01-30 02:30:12.091147,29001
9513065,223,Active,23,19,2014-01-30 02:30:12.096575,29001
9513066,224,Active,22,15,2014-01-30 02:30:12.127981,29001
9513067,225,Active,6,25,2014-01-30 02:30:12.147005,29001
9513068,226,Active,25,6,2014-01-30 02:30:12.153025,29001
9513069,227,Active,7,23,2014-01-30 02:30:12.158337,29001
9513070,228,Active,6,52,2014-01-30 02:30:12.163504,29001
9513071,229,Active,23,16,2014-01-30 02:30:12.169097,29001
9513072,230,Active,15,19,2014-01-30 02:30:12.17483,29001
9513073,231,Active,0,38,2014-01-30 02:30:12.198045,29001
9513074,232,Active,0,35,2014-01-30 02:30:12.20343,29001
9513075,233,Active,5,54,2014-01-30 02:30:12.208541,29001
9513076,234,Active,0,31,2014-01-30 02:30:12.213581,29001
9513077,235,Active,27,21,2014-01-30 02:30:12.218337,29001
9513078,236,Active,7,16,2014-01-30 02:30:12.223331,29001
9513079,237,Active,26,13,2014-01-30 02:30:12.246101,29001
9513080,238,Active,10,37,2014-01-30 02:30:12.252504,29001
9513081,239,Active,3,20,2014-01-30 02:30:12.2573,29001
9513082,240,Active,21,37,2014-01-30 02:30:12.26223,29001
9513083,241,Inactive,0,39,2014-01-30 02:30:12.266922,29001
9513084,242,Active,18,16,2014-01-30 02:30:12.272145,29001
9513085,243,Active,18,16,2014-01-30 02:30:12.277125,29001
9513086,244,Active,16,43,2014-01-30 02:30:12.29826,29001
9513087,245,Active,0,52,2014-01-30 02:30:12.30376,29001
9513088,246,Active,8,29,2014-01-30 02:30:12.308836,29001
9513089,247,Active,15,12,2014-01-30 02:30:12.314225,29001
9513090,248,Active,3,38,2014-01-30 02:30:12.31958,29001
9513091,249,Active,5,37,2014-01-30 02:30:12.325659,29001
9513092,250,Active,7,38,2014-01-30 02:30:12.347919,29001
9513093,251,Active,12,24,2014-01-30 02:30:12.35289,29001
9513094,252,Active,27,19,2014-01-30 02:30:12.358074,29001
9513095,253,Active,59,0,2014-01-30 02:30:12.363733,29001
9513096,254,Active,15,16,2014-01-30 02:30:12.368628,29001
9513097,255,Active,29,2,2014-01-30 02:30:12.373873,29001
9513098,256,Active,18,9,2014-01-30 02:30:12.378717,29001
9513099,257,Active,18,7,2014-01-30 02:30:12.384769,29001
9513100,258,Active,33,6,2014-01-30 02:30:12.408934,29001
9513101,259,Active,26,8,2014-01-30 02:30:12.414887,29001
9513102,260,Active,2,41,2014-01-30 02:30:12.42049,29001
9513103,261,Active,0,39,2014-01-30 02:30:12.425598,29001
9513104,262,Active,8,30,2014-01-30 02:30:12.430578,29001
9513105,263,Active,27,8,2014-01-30 02:30:12.435384,29001
9513106,264,Active,37,2,2014-01-30 02:30:12.459408,29001
9513107,265,Active,22,15,2014-01-30 02:30:12.465113,29001
9513108,266,Active,57,2,2014-01-30 02:30:12.470131,29001
9513109,267,Active,0,52,2014-01-30 02:30:12.475368,29001
9513110,268,Active,46,2,2014-01-30 02:30:12.480529,29001
9513111,269,Active,8,26,2014-01-30 02:30:12.485817,29001
9513112,270,Active,25,10,2014-01-30 02:30:12.51114,29001
9513113,271,Active,21,4,2014-01-30 02:30:12.51661,29001
9513114,272,Active,30,14,2014-01-30 02:30:12.521987,29001
9513115,273,Active,22,36,2014-01-30 02:30:12.532044,29001
9513116,274,Active,14,16,2014-01-30 02:30:12.537898,29001
9513117,275,Active,21,14,2014-01-30 02:30:12.562351,29001
9513118,276,Active,1,42,2014-01-30 02:30:12.568796,29001
9513119,277,Active,43,0,2014-01-30 02:30:12.57439,29001
9513120,330,Active,9,21,2014-01-30 02:30:12.579966,29001
9513121,278,Active,11,17,2014-01-30 02:30:12.585535,29001
9513122,279,Active,14,29,2014-01-30 02:30:12.62048,29001
9513123,280,Active,30,5,2014-01-30 02:30:12.626393,29001
9513124,281,Active,8,38,2014-01-30 02:30:12.632594,29001
9513125,282,Active,5,19,2014-01-30 02:30:12.638676,29001
9513126,283,Active,19,17,2014-01-30 02:30:12.647242,29001
9513127,284,Active,1,50,2014-01-30 02:30:12.667855,29001
9513128,285,Active,7,23,2014-01-30 02:30:12.674086,29001
9513129,286,Active,5,21,2014-01-30 02:30:12.67975,29001
9513130,287,Active,2,25,2014-01-30 02:30:12.685834,29001
9513131,288,Active,46,7,2014-01-30 02:30:12.691681,29001
9513132,289,Active,32,2,2014-01-30 02:30:12.696937,29001
9513133,290,Active,1,37,2014-01-30 02:30:12.71875,29001
9513134,291,Active,1,54,2014-01-30 02:30:12.723803,29001
9513135,292,Active,3,35,2014-01-30 02:30:12.729305,29001
9513136,293,Active,14,44,2014-01-30 02:30:12.73465,29001
9513137,294,Active,0,39,2014-01-30 02:30:12.740263,29001
9513138,295,Active,63,1,2014-01-30 02:30:12.745776,29001
9513139,296,Active,11,40,2014-01-30 02:30:12.770489,29001
9513140,297,Active,50,1,2014-01-30 02:30:12.775765,29001
9513141,298,Active,24,32,2014-01-30 02:30:12.780961,29001
9513142,299,Active,24,15,2014-01-30 02:30:12.786659,29001
9513143,300,Active,11,29,2014-01-30 02:30:12.792821,29001
9513144,301,Active,10,49,2014-01-30 02:30:12.797922,29001
9513145,302,Active,35,4,2014-01-30 02:30:12.803934,29001
9513146,303,Active,40,0,2014-01-30 02:30:12.825992,29001
9513147,305,Active,21,17,2014-01-30 02:30:12.831271,29001
9513148,306,Active,38,5,2014-01-30 02:30:12.838671,29001
9513149,307,Inactive,0,50,2014-01-30 02:30:12.843899,29001
9513150,308,Active,0,30,2014-01-30 02:30:12.84935,29001
9513151,309,Active,1,27,2014-01-30 02:30:12.854414,29001
9513152,310,Active,14,25,2014-01-30 02:30:12.876022,29001
9513153,311,Active,0,37,2014-01-30 02:30:12.881854,29001
9513154,312,Active,22,9,2014-01-30 02:30:12.887764,29001
9513155,313,Active,6,31,2014-01-30 02:30:12.893106,29001
9513156,314,Active,12,13,2014-01-30 02:30:12.898047,29001
9513157,315,Active,5,32,2014-01-30 02:30:12.903588,29001
9513158,316,Active,18,12,2014-01-30 02:30:12.92657,29001
9513159,317,Active,10,5,2014-01-30 02:30:12.932227,29001
9513160,318,Active,17,10,2014-01-30 02:30:12.937789,29001
9513161,319,Active,16,14,2014-01-30 02:30:12.942785,29001
9513162,320,Active,6,30,2014-01-30 02:30:12.948747,29001
9513163,321,Active,10,2,2014-01-30 02:30:12.954324,29001
9513164,322,Active,17,32,2014-01-30 02:30:12.976648,29001
9513165,332,Active,15,9,2014-01-30 02:30:12.981896,29001
9513166,327,Active,13,22,2014-01-30 02:30:12.986911,29001
9513167,328,Active,13,26,2014-01-30 02:30:12.992049,29001
9513168,331,Active,2,34,2014-01-30 02:30:12.996975,29001
9513169,323,Active,2,37,2014-01-30 02:30:13.001938,29001
9513170,324,Active,40,3,2014-01-30 02:30:13.027153,29001
9513171,329,Active,27,5,2014-01-30 02:30:13.033623,29001
9513172,325,Active,2,32,2014-01-30 02:30:13.038627,29001
9513173,326,Active,11,13,2014-01-30 02:30:13.044205,29001
9513174,1,Active,9,30,2014-01-30 02:40:05.222506,29002
9513175,2,Active,10,23,2014-01-30 02:40:05.231932,29002
9513176,3,Active,15,10,2014-01-30 02:40:05.236452,29002
9513177,4,Active,32,29,2014-01-30 02:40:05.241388,29002
9513178,5,Active,19,19,2014-01-30 02:40:05.245234,29002
9513179,6,Active,6,12,2014-01-30 02:40:05.249091,29002
9513180,7,Active,3,16,2014-01-30 02:40:05.252974,29002
9513181,8,Active,21,10,2014-01-30 02:40:05.256806,29002
9513182,9,Active,22,8,2014-01-30 02:40:05.26195,29002
9513183,10,Active,4,42,2014-01-30 02:40:05.265914,29002
9513184,11,Active,7,17,2014-01-30 02:40:05.270161,29002
9513185,12,Active,1,18,2014-01-30 02:40:05.274035,29002
9513186,13,Active,11,28,2014-01-30 02:40:05.277904,29002
9513187,14,Active,18,14,2014-01-30 02:40:05.281836,29002
9513188,15,Active,2,29,2014-01-30 02:40:05.285702,29002
9513189,16,Active,16,16,2014-01-30 02:40:05.289763,29002
9513190,17,Active,14,13,2014-01-30 02:40:05.293565,29002
9513191,18,Active,1,53,2014-01-30 02:40:05.297391,29002
9513192,19,Active,12,11,2014-01-30 02:40:05.301218,29002
9513193,20,Active,12,13,2014-01-30 02:40:05.305195,29002
9513194,21,Active,24,10,2014-01-30 02:40:05.309148,29002
9513195,22,Active,3,44,2014-01-30 02:40:05.31306,29002
9513196,23,Active,21,23,2014-01-30 02:40:05.316956,29002
9513197,24,Active,1,43,2014-01-30 02:40:05.320872,29002
9513198,25,Active,2,47,2014-01-30 02:40:05.324763,29002
9513199,26,Active,3,27,2014-01-30 02:40:05.329018,29002
9513200,27,Active,0,45,2014-01-30 02:40:05.333162,29002
9513201,28,Active,0,26,2014-01-30 02:40:05.33705,29002
9513202,29,Active,4,19,2014-01-30 02:40:05.341182,29002
9513203,30,Active,30,9,2014-01-30 02:40:05.34561,29002
9513204,31,Active,12,26,2014-01-30 02:40:05.349825,29002
9513205,32,Active,25,8,2014-01-30 02:40:05.357968,29002
9513206,33,Active,2,29,2014-01-30 02:40:05.36191,29002
9513207,34,Active,5,31,2014-01-30 02:40:05.365715,29002
9513208,35,Active,3,51,2014-01-30 02:40:05.370018,29002
9513209,36,Active,18,8,2014-01-30 02:40:05.373986,29002
9513210,37,Active,10,12,2014-01-30 02:40:05.377943,29002
9513211,38,Active,1,38,2014-01-30 02:40:05.381899,29002
9513212,39,Active,8,30,2014-01-30 02:40:05.385962,29002
9513213,40,Active,23,16,2014-01-30 02:40:05.389977,29002
9513214,41,Active,24,6,2014-01-30 02:40:05.394021,29002
9513215,42,Active,15,16,2014-01-30 02:40:05.398022,29002
9513216,43,Active,5,17,2014-01-30 02:40:05.402018,29002
9513217,44,Active,9,12,2014-01-30 02:40:05.406044,29002
9513218,45,Inactive,0,3,2014-01-30 02:40:05.410031,29002
9513219,46,Active,3,28,2014-01-30 02:40:05.418052,29002
9513220,47,Active,2,21,2014-01-30 02:40:05.422615,29002
9513221,48,Active,17,2,2014-01-30 02:40:05.42669,29002
9513222,49,Active,7,16,2014-01-30 02:40:05.430899,29002
9513223,50,Active,6,21,2014-01-30 02:40:05.435104,29002
9513224,51,Active,10,30,2014-01-30 02:40:05.4395,29002
9513225,52,Active,17,9,2014-01-30 02:40:05.444495,29002
9513226,53,Active,16,17,2014-01-30 02:40:05.448964,29002
9513227,54,Inactive,0,47,2014-01-30 02:40:05.453069,29002
9513228,55,Active,27,1,2014-01-30 02:40:05.457077,29002
9513229,56,Active,22,17,2014-01-30 02:40:05.485045,29002
9513230,57,Active,5,18,2014-01-30 02:40:05.489916,29002
9513231,58,Active,17,22,2014-01-30 02:40:05.495248,29002
9513232,59,Active,8,27,2014-01-30 02:40:05.500027,29002
9513233,60,Active,1,26,2014-01-30 02:40:05.504766,29002
9513234,61,Active,5,19,2014-01-30 02:40:05.509468,29002
9513235,62,Active,17,14,2014-01-30 02:40:05.514173,29002
9513236,63,Active,11,14,2014-01-30 02:40:05.522827,29002
9513237,64,Active,24,9,2014-01-30 02:40:05.527797,29002
9513238,65,Active,5,19,2014-01-30 02:40:05.532687,29002
9513239,66,Inactive,0,33,2014-01-30 02:40:05.537862,29002
9513240,67,Active,16,11,2014-01-30 02:40:05.542637,29002
9513241,68,Active,12,11,2014-01-30 02:40:05.547401,29002
9513242,69,Active,20,17,2014-01-30 02:40:05.552052,29002
9513243,70,Active,9,21,2014-01-30 02:40:05.556929,29002
9513244,71,Active,4,15,2014-01-30 02:40:05.562331,29002
9513245,72,Active,7,17,2014-01-30 02:40:05.570507,29002
9513246,73,Active,5,14,2014-01-30 02:40:05.575288,29002
9513247,74,Active,8,11,2014-01-30 02:40:05.580191,29002
9513248,75,Active,21,10,2014-01-30 02:40:05.585339,29002
9513249,76,Active,19,40,2014-01-30 02:40:05.590601,29002
9513250,77,Active,22,5,2014-01-30 02:40:05.595446,29002
9513251,78,Active,37,6,2014-01-30 02:40:05.600323,29002
9513252,79,Active,32,12,2014-01-30 02:40:05.605545,29002
9513253,80,Active,4,15,2014-01-30 02:40:05.610266,29002
9513254,81,Active,11,17,2014-01-30 02:40:05.615288,29002
9513255,82,Active,1,19,2014-01-30 02:40:05.620423,29002
9513256,83,Active,18,33,2014-01-30 02:40:05.625499,29002
9513257,84,Active,23,8,2014-01-30 02:40:05.630301,29002
9513258,85,Active,2,22,2014-01-30 02:40:05.63504,29002
9513259,86,Active,33,1,2014-01-30 02:40:05.640185,29002
9513260,87,Active,23,4,2014-01-30 02:40:05.644983,29002
9513261,88,Active,13,21,2014-01-30 02:40:05.649693,29002
9513262,89,Active,7,46,2014-01-30 02:40:05.654658,29002
9513263,90,Active,13,24,2014-01-30 02:40:05.659311,29002
9513264,91,Active,14,9,2014-01-30 02:40:05.664298,29002
9513265,92,Active,23,8,2014-01-30 02:40:05.669072,29002
9513266,93,Active,15,19,2014-01-30 02:40:05.673805,29002
9513267,94,Active,14,19,2014-01-30 02:40:05.678535,29002
9513268,95,Active,6,31,2014-01-30 02:40:05.686959,29002
9513269,96,Active,9,22,2014-01-30 02:40:05.691681,29002
9513270,97,Active,25,1,2014-01-30 02:40:05.6964,29002
9513271,98,Active,3,37,2014-01-30 02:40:05.701134,29002
9513272,99,Active,20,16,2014-01-30 02:40:05.705897,29002
9513273,100,Active,1,28,2014-01-30 02:40:05.710603,29002
9513274,101,Active,17,14,2014-01-30 02:40:05.71534,29002
9513275,102,Active,7,16,2014-01-30 02:40:05.720157,29002
9513276,103,Active,0,38,2014-01-30 02:40:05.72496,29002
9513277,104,Active,22,7,2014-01-30 02:40:05.729797,29002
9513278,105,Active,10,31,2014-01-30 02:40:05.73459,29002
9513279,106,Active,21,5,2014-01-30 02:40:05.739365,29002
9513280,107,Active,18,13,2014-01-30 02:40:05.745348,29002
9513281,108,Active,10,25,2014-01-30 02:40:05.750939,29002
9513282,109,Active,4,35,2014-01-30 02:40:05.756444,29002
9513283,110,Inactive,0,3,2014-01-30 02:40:05.761464,29002
9513284,111,Active,2,29,2014-01-30 02:40:05.765883,29002
9513285,112,Active,8,31,2014-01-30 02:40:05.794344,29002
9513286,113,Active,34,17,2014-01-30 02:40:05.799744,29002
9513287,114,Active,13,22,2014-01-30 02:40:05.804421,29002
9513288,115,Active,14,13,2014-01-30 02:40:05.809113,29002
9513289,116,Active,17,22,2014-01-30 02:40:05.813827,29002
9513290,117,Active,0,23,2014-01-30 02:40:05.819421,29002
9513291,118,Active,0,31,2014-01-30 02:40:05.82437,29002
9513292,119,Active,14,24,2014-01-30 02:40:05.829064,29002
9513293,120,Active,3,24,2014-01-30 02:40:05.833925,29002
9513294,121,Active,4,20,2014-01-30 02:40:05.838472,29002
9513295,122,Active,17,13,2014-01-30 02:40:05.843301,29002
9513296,123,Active,7,20,2014-01-30 02:40:05.84805,29002
9513297,124,Active,29,6,2014-01-30 02:40:05.852727,29002
9513298,125,Active,14,23,2014-01-30 02:40:05.857627,29002
9513299,126,Active,1,23,2014-01-30 02:40:05.862835,29002
9513300,127,Active,8,18,2014-01-30 02:40:05.868378,29002
9513301,128,Active,6,12,2014-01-30 02:40:05.873094,29002
9513302,129,Active,10,19,2014-01-30 02:40:05.878577,29002
9513303,130,Active,2,21,2014-01-30 02:40:05.883964,29002
9513304,131,Active,3,20,2014-01-30 02:40:05.888835,29002
9513305,132,Active,30,4,2014-01-30 02:40:05.893403,29002
9513306,133,Active,25,2,2014-01-30 02:40:05.898903,29002
9513307,134,Active,18,15,2014-01-30 02:40:05.903745,29002
9513308,135,Active,29,13,2014-01-30 02:40:05.908329,29002
9513309,136,Active,3,20,2014-01-30 02:40:05.913103,29002
9513310,137,Active,10,18,2014-01-30 02:40:05.918182,29002
9513311,138,Active,20,19,2014-01-30 02:40:05.923154,29002
9513312,139,Active,3,33,2014-01-30 02:40:05.930747,29002
9513313,140,Active,1,26,2014-01-30 02:40:05.935577,29002
9513314,141,Active,14,17,2014-01-30 02:40:05.94011,29002
9513315,142,Active,34,8,2014-01-30 02:40:05.944935,29002
9513316,143,Active,17,6,2014-01-30 02:40:05.94976,29002
9513317,144,Active,6,21,2014-01-30 02:40:05.954669,29002
9513318,145,Active,35,1,2014-01-30 02:40:05.959456,29002
9513319,146,Active,1,54,2014-01-30 02:40:05.964164,29002
9513320,147,Active,3,36,2014-01-30 02:40:05.968914,29002
9513321,148,Active,10,32,2014-01-30 02:40:05.973757,29002
9513322,149,Inactive,0,57,2014-01-30 02:40:05.978468,29002
9513323,150,Active,18,31,2014-01-30 02:40:05.983306,29002
9513324,151,Active,4,22,2014-01-30 02:40:05.988226,29002
9513325,152,Active,13,17,2014-01-30 02:40:05.994648,29002
9513326,153,Active,16,17,2014-01-30 02:40:05.999705,29002
9513327,154,Active,3,31,2014-01-30 02:40:06.012509,29002
9513328,155,Active,33,6,2014-01-30 02:40:06.018955,29002
9513329,156,Active,15,20,2014-01-30 02:40:06.030454,29002
9513330,157,Active,6,21,2014-01-30 02:40:06.035274,29002
9513331,158,Active,13,6,2014-01-30 02:40:06.040737,29002
9513332,159,Active,22,6,2014-01-30 02:40:06.0521,29002
9513333,160,Active,6,37,2014-01-30 02:40:06.057002,29002
9513334,161,Active,32,14,2014-01-30 02:40:06.061716,29002
9513335,162,Active,39,2,2014-01-30 02:40:06.066543,29002
9513336,163,Active,23,15,2014-01-30 02:40:06.073927,29002
9513337,164,Active,28,8,2014-01-30 02:40:06.078755,29002
9513338,165,Active,32,5,2014-01-30 02:40:06.083578,29002
9513339,166,Active,3,28,2014-01-30 02:40:06.088589,29002
9513340,167,Active,8,21,2014-01-30 02:40:06.094012,29002
9513341,168,Active,16,26,2014-01-30 02:40:06.120471,29002
9513342,169,Active,2,37,2014-01-30 02:40:06.125824,29002
9513343,170,Active,0,35,2014-01-30 02:40:06.131181,29002
9513344,171,Active,11,16,2014-01-30 02:40:06.136589,29002
9513345,172,Active,7,24,2014-01-30 02:40:06.141694,29002
9513346,173,Active,0,31,2014-01-30 02:40:06.146517,29002
9513347,174,Active,24,8,2014-01-30 02:40:06.151299,29002
9513348,175,Active,12,19,2014-01-30 02:40:06.156001,29002
9513349,176,Active,11,21,2014-01-30 02:40:06.160776,29002
9513350,177,Active,16,14,2014-01-30 02:40:06.165693,29002
9513351,178,Active,5,20,2014-01-30 02:40:06.17043,29002
9513352,179,Active,3,24,2014-01-30 02:40:06.175736,29002
9513353,180,Active,21,10,2014-01-30 02:40:06.18038,29002
9513354,181,Active,4,22,2014-01-30 02:40:06.185214,29002
9513355,182,Active,2,13,2014-01-30 02:40:06.189904,29002
9513356,183,Active,12,28,2014-01-30 02:40:06.194625,29002
9513357,184,Active,1,37,2014-01-30 02:40:06.199352,29002
9513358,185,Active,28,3,2014-01-30 02:40:06.203904,29002
9513359,186,Active,20,18,2014-01-30 02:40:06.208677,29002
9513360,187,Active,7,33,2014-01-30 02:40:06.213776,29002
9513361,188,Active,7,27,2014-01-30 02:40:06.218354,29002
9513362,189,Active,3,40,2014-01-30 02:40:06.223184,29002
9513363,190,Active,12,11,2014-01-30 02:40:06.22775,29002
9513364,191,Active,5,14,2014-01-30 02:40:06.23246,29002
9513365,192,Active,31,4,2014-01-30 02:40:06.237402,29002
9513366,193,Active,10,13,2014-01-30 02:40:06.242102,29002
9513367,194,Active,7,22,2014-01-30 02:40:06.247247,29002
9513368,195,Active,13,11,2014-01-30 02:40:06.251905,29002
9513369,196,Active,8,34,2014-01-30 02:40:06.256506,29002
9513370,197,Active,4,27,2014-01-30 02:40:06.2614,29002
9513371,198,Active,28,17,2014-01-30 02:40:06.266148,29002
9513372,199,Active,6,17,2014-01-30 02:40:06.270727,29002
9513373,200,Active,3,20,2014-01-30 02:40:06.275473,29002
9513374,201,Active,2,21,2014-01-30 02:40:06.280242,29002
9513375,202,Active,3,16,2014-01-30 02:40:06.284911,29002
9513376,203,Active,10,45,2014-01-30 02:40:06.289734,29002
9513377,204,Active,0,39,2014-01-30 02:40:06.294466,29002
9513378,205,Active,7,22,2014-01-30 02:40:06.299123,29002
9513379,206,Active,10,49,2014-01-30 02:40:06.303817,29002
9513380,207,Active,4,26,2014-01-30 02:40:06.31072,29002
9513381,208,Active,8,18,2014-01-30 02:40:06.315897,29002
9513382,209,Active,10,20,2014-01-30 02:40:06.320599,29002
9513383,210,Active,21,8,2014-01-30 02:40:06.325332,29002
9513384,211,Active,9,30,2014-01-30 02:40:06.329992,29002
9513385,212,Active,24,1,2014-01-30 02:40:06.334645,29002
9513386,213,Active,1,46,2014-01-30 02:40:06.339698,29002
9513387,214,Active,0,27,2014-01-30 02:40:06.344296,29002
9513388,215,Active,0,27,2014-01-30 02:40:06.349194,29002
9513389,216,Active,21,4,2014-01-30 02:40:06.353817,29002
9513390,217,Active,9,29,2014-01-30 02:40:06.358684,29002
9513391,218,Active,0,32,2014-01-30 02:40:06.363379,29002
9513392,219,Active,33,2,2014-01-30 02:40:06.369211,29002
9513393,220,Active,1,49,2014-01-30 02:40:06.374203,29002
9513394,221,Active,13,10,2014-01-30 02:40:06.379199,29002
9513395,222,Active,7,45,2014-01-30 02:40:06.38396,29002
9513396,223,Active,24,18,2014-01-30 02:40:06.388775,29002
9513397,224,Active,21,17,2014-01-30 02:40:06.416299,29002
9513398,225,Active,6,25,2014-01-30 02:40:06.421742,29002
9513399,226,Active,25,6,2014-01-30 02:40:06.42641,29002
9513400,227,Active,6,24,2014-01-30 02:40:06.431038,29002
9513401,228,Active,7,51,2014-01-30 02:40:06.436087,29002
9513402,229,Active,24,15,2014-01-30 02:40:06.442775,29002
9513403,230,Active,14,20,2014-01-30 02:40:06.447704,29002
9513404,231,Active,0,38,2014-01-30 02:40:06.452735,29002
9513405,232,Active,0,35,2014-01-30 02:40:06.457513,29002
9513406,233,Active,5,54,2014-01-30 02:40:06.462133,29002
9513407,234,Active,0,31,2014-01-30 02:40:06.467133,29002
9513408,235,Active,26,22,2014-01-30 02:40:06.472127,29002
9513409,236,Active,7,16,2014-01-30 02:40:06.477095,29002
9513410,237,Active,26,13,2014-01-30 02:40:06.481662,29002
9513411,238,Active,10,37,2014-01-30 02:40:06.48636,29002
9513412,239,Active,1,22,2014-01-30 02:40:06.491142,29002
9513413,240,Active,21,37,2014-01-30 02:40:06.495676,29002
9513414,241,Inactive,0,39,2014-01-30 02:40:06.500396,29002
9513415,242,Active,18,16,2014-01-30 02:40:06.505155,29002
9513416,243,Active,16,18,2014-01-30 02:40:06.509857,29002
9513417,244,Active,17,42,2014-01-30 02:40:06.514559,29002
9513418,245,Active,0,52,2014-01-30 02:40:06.519137,29002
9513419,246,Active,8,29,2014-01-30 02:40:06.523956,29002
9513420,247,Active,16,11,2014-01-30 02:40:06.5286,29002
9513421,248,Active,0,41,2014-01-30 02:40:06.533726,29002
9513422,249,Active,5,37,2014-01-30 02:40:06.538402,29002
9513423,250,Active,7,38,2014-01-30 02:40:06.543136,29002
9513424,251,Active,11,25,2014-01-30 02:40:06.547997,29002
9513425,252,Active,27,19,2014-01-30 02:40:06.552799,29002
9513426,253,Active,59,0,2014-01-30 02:40:06.557357,29002
9513427,254,Active,15,16,2014-01-30 02:40:06.562085,29002
9513428,255,Active,28,3,2014-01-30 02:40:06.566762,29002
9513429,256,Active,17,10,2014-01-30 02:40:06.571491,29002
9513430,257,Active,17,8,2014-01-30 02:40:06.576154,29002
9513431,258,Active,33,6,2014-01-30 02:40:06.580875,29002
9513432,259,Active,26,8,2014-01-30 02:40:06.585953,29002
9513433,260,Active,2,41,2014-01-30 02:40:06.59071,29002
9513434,261,Active,0,39,2014-01-30 02:40:06.595424,29002
9513435,262,Active,9,29,2014-01-30 02:40:06.600133,29002
9513436,263,Active,27,8,2014-01-30 02:40:06.60484,29002
9513437,264,Active,38,1,2014-01-30 02:40:06.609519,29002
9513438,265,Active,22,15,2014-01-30 02:40:06.61455,29002
9513439,266,Active,58,1,2014-01-30 02:40:06.620044,29002
9513440,267,Active,0,52,2014-01-30 02:40:06.625065,29002
9513441,268,Active,47,1,2014-01-30 02:40:06.630039,29002
9513442,269,Active,7,27,2014-01-30 02:40:06.635021,29002
9513443,270,Active,26,9,2014-01-30 02:40:06.639941,29002
9513444,271,Active,21,4,2014-01-30 02:40:06.644568,29002
9513445,272,Active,31,13,2014-01-30 02:40:06.649513,29002
9513446,273,Active,23,35,2014-01-30 02:40:06.654216,29002
9513447,274,Active,14,16,2014-01-30 02:40:06.660318,29002
9513448,275,Active,21,14,2014-01-30 02:40:06.665105,29002
9513449,276,Active,1,42,2014-01-30 02:40:06.670084,29002
9513450,277,Active,43,0,2014-01-30 02:40:06.674861,29002
9513451,330,Active,9,21,2014-01-30 02:40:06.679752,29002
9513452,278,Active,11,17,2014-01-30 02:40:06.684655,29002
9513453,279,Active,15,28,2014-01-30 02:40:06.712137,29002
9513454,280,Active,29,6,2014-01-30 02:40:06.717358,29002
9513455,281,Active,9,37,2014-01-30 02:40:06.722457,29002
9513456,282,Active,6,18,2014-01-30 02:40:06.727211,29002
9513457,283,Active,20,16,2014-01-30 02:40:06.732299,29002
9513458,284,Active,1,50,2014-01-30 02:40:06.737055,29002
9513459,285,Active,8,22,2014-01-30 02:40:06.741764,29002
9513460,286,Active,7,19,2014-01-30 02:40:06.746486,29002
9513461,287,Active,3,24,2014-01-30 02:40:06.751203,29002
9513462,288,Active,46,7,2014-01-30 02:40:06.755879,29002
9513463,289,Active,32,2,2014-01-30 02:40:06.760541,29002
9513464,290,Active,1,37,2014-01-30 02:40:06.765206,29002
9513465,291,Active,1,54,2014-01-30 02:40:06.7699,29002
9513466,292,Active,4,34,2014-01-30 02:40:06.774618,29002
9513467,293,Active,13,45,2014-01-30 02:40:06.779274,29002
9513468,294,Active,0,39,2014-01-30 02:40:06.783947,29002
9513469,295,Active,64,0,2014-01-30 02:40:06.790788,29002
9513470,296,Active,11,40,2014-01-30 02:40:06.795537,29002
9513471,297,Active,50,1,2014-01-30 02:40:06.8002,29002
9513472,298,Active,24,32,2014-01-30 02:40:06.804719,29002
9513473,299,Active,24,15,2014-01-30 02:40:06.80941,29002
9513474,300,Active,12,28,2014-01-30 02:40:06.814149,29002
9513475,301,Active,10,49,2014-01-30 02:40:06.819329,29002
9513476,302,Active,34,5,2014-01-30 02:40:06.824085,29002
9513477,303,Active,39,1,2014-01-30 02:40:06.828794,29002
9513478,305,Active,21,17,2014-01-30 02:40:06.833624,29002
9513479,306,Active,38,5,2014-01-30 02:40:06.838238,29002
9513480,307,Inactive,0,50,2014-01-30 02:40:06.843529,29002
9513481,308,Active,0,30,2014-01-30 02:40:06.850038,29002
9513482,309,Active,2,26,2014-01-30 02:40:06.854704,29002
9513483,310,Active,14,25,2014-01-30 02:40:06.859409,29002
9513484,311,Active,0,37,2014-01-30 02:40:06.864151,29002
9513485,312,Active,22,9,2014-01-30 02:40:06.868766,29002
9513486,313,Active,7,30,2014-01-30 02:40:06.873529,29002
9513487,314,Active,12,13,2014-01-30 02:40:06.878249,29002
9513488,315,Active,5,32,2014-01-30 02:40:06.882983,29002
9513489,316,Active,18,12,2014-01-30 02:40:06.887713,29002
9513490,317,Active,10,5,2014-01-30 02:40:06.892565,29002
9513491,318,Active,17,10,2014-01-30 02:40:06.897225,29002
9513492,319,Active,16,14,2014-01-30 02:40:06.901812,29002
9513493,320,Active,6,30,2014-01-30 02:40:06.910526,29002
9513494,321,Active,10,2,2014-01-30 02:40:06.915283,29002
9513495,322,Active,16,33,2014-01-30 02:40:06.920299,29002
9513496,332,Active,14,10,2014-01-30 02:40:06.925109,29002
9513497,327,Active,14,21,2014-01-30 02:40:06.930201,29002
9513498,328,Active,13,26,2014-01-30 02:40:06.93511,29002
9513499,331,Active,2,34,2014-01-30 02:40:06.939799,29002
9513500,323,Active,2,37,2014-01-30 02:40:06.944349,29002
9513501,324,Active,40,3,2014-01-30 02:40:06.949647,29002
9513502,329,Active,27,5,2014-01-30 02:40:06.95471,29002
9513503,325,Active,2,32,2014-01-30 02:40:06.959465,29002
9513504,326,Active,12,12,2014-01-30 02:40:06.964246,29002
9513505,1,Active,10,29,2014-01-30 02:50:04.811973,29003
9513506,2,Active,10,23,2014-01-30 02:50:04.82067,29003
9513507,3,Active,16,9,2014-01-30 02:50:04.825104,29003
9513508,4,Active,33,28,2014-01-30 02:50:04.829054,29003
9513509,5,Active,18,20,2014-01-30 02:50:04.832971,29003
9513510,6,Active,6,12,2014-01-30 02:50:04.836864,29003
9513511,7,Active,3,16,2014-01-30 02:50:04.841015,29003
9513512,8,Active,20,11,2014-01-30 02:50:04.845161,29003
9513513,9,Active,22,8,2014-01-30 02:50:04.849082,29003
9513514,10,Active,4,42,2014-01-30 02:50:04.852975,29003
9513515,11,Active,7,17,2014-01-30 02:50:04.856885,29003
9513516,12,Active,1,18,2014-01-30 02:50:04.861118,29003
9513517,13,Active,11,28,2014-01-30 02:50:04.865267,29003
9513518,14,Active,16,16,2014-01-30 02:50:04.872301,29003
9513519,15,Active,3,28,2014-01-30 02:50:04.876372,29003
9513520,16,Active,15,17,2014-01-30 02:50:04.880291,29003
9513521,17,Active,15,12,2014-01-30 02:50:04.884441,29003
9513522,18,Active,1,53,2014-01-30 02:50:04.888344,29003
9513523,19,Active,12,11,2014-01-30 02:50:04.892308,29003
9513524,20,Active,12,13,2014-01-30 02:50:04.896295,29003
9513525,21,Active,25,9,2014-01-30 02:50:04.900422,29003
9513526,22,Active,2,45,2014-01-30 02:50:04.904287,29003
9513527,23,Active,21,23,2014-01-30 02:50:04.908221,29003
9513528,24,Active,2,42,2014-01-30 02:50:04.915196,29003
9513529,25,Active,3,46,2014-01-30 02:50:04.919122,29003
9513530,26,Active,3,27,2014-01-30 02:50:04.923065,29003
9513531,27,Active,0,45,2014-01-30 02:50:04.926915,29003
9513532,28,Active,1,25,2014-01-30 02:50:04.931057,29003
9513533,29,Active,4,19,2014-01-30 02:50:04.935152,29003
9513534,30,Active,31,8,2014-01-30 02:50:04.939302,29003
9513535,31,Active,12,26,2014-01-30 02:50:04.943461,29003
9513536,32,Active,28,5,2014-01-30 02:50:04.947367,29003
9513537,33,Active,2,29,2014-01-30 02:50:04.951247,29003
9513538,34,Active,6,30,2014-01-30 02:50:04.955359,29003
9513539,35,Active,2,52,2014-01-30 02:50:04.959252,29003
9513540,36,Active,15,11,2014-01-30 02:50:04.963121,29003
9513541,37,Active,10,12,2014-01-30 02:50:04.96699,29003
9513542,38,Active,1,38,2014-01-30 02:50:04.971152,29003
9513543,39,Active,7,31,2014-01-30 02:50:04.975083,29003
9513544,40,Active,24,15,2014-01-30 02:50:04.978953,29003
9513545,41,Active,25,5,2014-01-30 02:50:04.982785,29003
9513546,42,Active,14,17,2014-01-30 02:50:05.010282,29003
9513547,43,Active,5,17,2014-01-30 02:50:05.014338,29003
9513548,44,Active,9,12,2014-01-30 02:50:05.018312,29003
9513549,45,Inactive,0,3,2014-01-30 02:50:05.022383,29003
9513550,46,Active,3,28,2014-01-30 02:50:05.027411,29003
9513551,47,Active,2,21,2014-01-30 02:50:05.031472,29003
9513552,48,Active,17,2,2014-01-30 02:50:05.035438,29003
9513553,49,Active,7,16,2014-01-30 02:50:05.039563,29003
9513554,50,Active,6,21,2014-01-30 02:50:05.043579,29003
9513555,51,Active,9,31,2014-01-30 02:50:05.047733,29003
9513556,52,Active,17,9,2014-01-30 02:50:05.051716,29003
9513557,53,Active,18,15,2014-01-30 02:50:05.055675,29003
9513558,54,Inactive,0,47,2014-01-30 02:50:05.059667,29003
9513559,55,Active,27,1,2014-01-30 02:50:05.064684,29003
9513560,56,Active,22,17,2014-01-30 02:50:05.091937,29003
9513561,57,Active,6,17,2014-01-30 02:50:05.096595,29003
9513562,58,Active,17,22,2014-01-30 02:50:05.101523,29003
9513563,59,Active,8,27,2014-01-30 02:50:05.106225,29003
9513564,60,Active,1,26,2014-01-30 02:50:05.111006,29003
9513565,61,Active,5,19,2014-01-30 02:50:05.11572,29003
9513566,62,Active,18,13,2014-01-30 02:50:05.120423,29003
9513567,63,Active,10,15,2014-01-30 02:50:05.125272,29003
9513568,64,Active,24,9,2014-01-30 02:50:05.13014,29003
9513569,65,Active,5,19,2014-01-30 02:50:05.135302,29003
9513570,66,Inactive,0,33,2014-01-30 02:50:05.139894,29003
9513571,67,Active,16,11,2014-01-30 02:50:05.144533,29003
9513572,68,Active,12,11,2014-01-30 02:50:05.14932,29003
9513573,69,Active,20,17,2014-01-30 02:50:05.154221,29003
9513574,70,Active,9,21,2014-01-30 02:50:05.158876,29003
9513575,71,Active,5,14,2014-01-30 02:50:05.163496,29003
9513576,72,Active,7,17,2014-01-30 02:50:05.168496,29003
9513577,73,Active,5,14,2014-01-30 02:50:05.173267,29003
9513578,74,Active,8,11,2014-01-30 02:50:05.177959,29003
9513579,75,Active,21,10,2014-01-30 02:50:05.183564,29003
9513580,76,Active,19,40,2014-01-30 02:50:05.188346,29003
9513581,77,Active,23,3,2014-01-30 02:50:05.194348,29003
9513582,78,Active,37,6,2014-01-30 02:50:05.199299,29003
9513583,79,Active,33,11,2014-01-30 02:50:05.207883,29003
9513584,80,Active,5,14,2014-01-30 02:50:05.212981,29003
9513585,81,Active,11,17,2014-01-30 02:50:05.217921,29003
9513586,82,Active,1,19,2014-01-30 02:50:05.222659,29003
9513587,83,Active,16,35,2014-01-30 02:50:05.22729,29003
9513588,84,Active,21,10,2014-01-30 02:50:05.231998,29003
9513589,85,Active,4,20,2014-01-30 02:50:05.236714,29003
9513590,86,Active,33,1,2014-01-30 02:50:05.241451,29003
9513591,87,Active,24,3,2014-01-30 02:50:05.246269,29003
9513592,88,Active,14,20,2014-01-30 02:50:05.250913,29003
9513593,89,Active,7,46,2014-01-30 02:50:05.255463,29003
9513594,90,Active,15,22,2014-01-30 02:50:05.261326,29003
9513595,91,Active,14,9,2014-01-30 02:50:05.266009,29003
9513596,92,Active,24,7,2014-01-30 02:50:05.270989,29003
9513597,93,Active,15,19,2014-01-30 02:50:05.275915,29003
9513598,94,Active,14,19,2014-01-30 02:50:05.280612,29003
9513599,95,Active,6,31,2014-01-30 02:50:05.285569,29003
9513600,96,Active,10,21,2014-01-30 02:50:05.290517,29003
9513601,97,Active,25,1,2014-01-30 02:50:05.295325,29003
9513602,98,Active,3,37,2014-01-30 02:50:05.299957,29003
9513603,99,Active,19,17,2014-01-30 02:50:05.305124,29003
9513604,100,Active,1,28,2014-01-30 02:50:05.309853,29003
9513605,101,Active,16,15,2014-01-30 02:50:05.314407,29003
9513606,102,Active,7,16,2014-01-30 02:50:05.319391,29003
9513607,103,Active,0,38,2014-01-30 02:50:05.324438,29003
9513608,104,Active,22,7,2014-01-30 02:50:05.329381,29003
9513609,105,Active,9,32,2014-01-30 02:50:05.334368,29003
9513610,106,Active,20,6,2014-01-30 02:50:05.339348,29003
9513611,107,Active,17,14,2014-01-30 02:50:05.344207,29003
9513612,108,Active,16,19,2014-01-30 02:50:05.349759,29003
9513613,109,Active,4,35,2014-01-30 02:50:05.354688,29003
9513614,110,Inactive,0,3,2014-01-30 02:50:05.359124,29003
9513615,111,Active,2,29,2014-01-30 02:50:05.363293,29003
9513616,112,Active,9,30,2014-01-30 02:50:05.393742,29003
9513617,113,Active,34,17,2014-01-30 02:50:05.399331,29003
9513618,114,Active,14,21,2014-01-30 02:50:05.404183,29003
9513619,115,Active,15,12,2014-01-30 02:50:05.408735,29003
9513620,116,Active,17,22,2014-01-30 02:50:05.413465,29003
9513621,117,Active,0,23,2014-01-30 02:50:05.418548,29003
9513622,118,Active,0,31,2014-01-30 02:50:05.423427,29003
9513623,119,Active,14,24,2014-01-30 02:50:05.428195,29003
9513624,120,Active,3,24,2014-01-30 02:50:05.433309,29003
9513625,121,Active,5,19,2014-01-30 02:50:05.438073,29003
9513626,122,Active,17,13,2014-01-30 02:50:05.442822,29003
9513627,123,Active,8,19,2014-01-30 02:50:05.447639,29003
9513628,124,Active,30,5,2014-01-30 02:50:05.452242,29003
9513629,125,Active,14,23,2014-01-30 02:50:05.456972,29003
9513630,126,Active,1,23,2014-01-30 02:50:05.461969,29003
9513631,127,Active,8,18,2014-01-30 02:50:05.466474,29003
9513632,128,Active,6,12,2014-01-30 02:50:05.471141,29003
9513633,129,Active,11,18,2014-01-30 02:50:05.475809,29003
9513634,130,Active,2,21,2014-01-30 02:50:05.480596,29003
9513635,131,Active,3,20,2014-01-30 02:50:05.485385,29003
9513636,132,Active,28,6,2014-01-30 02:50:05.490189,29003
9513637,133,Active,25,2,2014-01-30 02:50:05.494856,29003
9513638,134,Active,18,15,2014-01-30 02:50:05.503625,29003
9513639,135,Active,29,13,2014-01-30 02:50:05.509662,29003
9513640,136,Active,3,20,2014-01-30 02:50:05.514971,29003
9513641,137,Active,10,18,2014-01-30 02:50:05.519993,29003
9513642,138,Active,19,20,2014-01-30 02:50:05.525218,29003
9513643,139,Active,4,32,2014-01-30 02:50:05.529982,29003
9513644,140,Active,1,26,2014-01-30 02:50:05.535077,29003
9513645,141,Active,14,17,2014-01-30 02:50:05.540239,29003
9513646,142,Active,36,6,2014-01-30 02:50:05.544924,29003
9513647,143,Active,17,6,2014-01-30 02:50:05.549739,29003
9513648,144,Active,6,21,2014-01-30 02:50:05.554526,29003
9513649,145,Active,34,2,2014-01-30 02:50:05.559068,29003
9513650,146,Active,1,54,2014-01-30 02:50:05.564191,29003
9513651,147,Active,3,36,2014-01-30 02:50:05.569736,29003
9513652,148,Active,10,32,2014-01-30 02:50:05.574785,29003
9513653,149,Inactive,0,57,2014-01-30 02:50:05.581372,29003
9513654,150,Active,18,31,2014-01-30 02:50:05.58661,29003
9513655,151,Active,3,23,2014-01-30 02:50:05.592237,29003
9513656,152,Active,13,17,2014-01-30 02:50:05.597697,29003
9513657,153,Active,17,16,2014-01-30 02:50:05.604156,29003
9513658,154,Active,3,31,2014-01-30 02:50:05.609522,29003
9513659,155,Active,34,5,2014-01-30 02:50:05.615691,29003
9513660,156,Active,14,21,2014-01-30 02:50:05.620899,29003
9513661,157,Active,6,21,2014-01-30 02:50:05.628283,29003
9513662,158,Active,13,6,2014-01-30 02:50:05.633449,29003
9513663,159,Active,21,7,2014-01-30 02:50:05.638121,29003
9513664,160,Active,6,37,2014-01-30 02:50:05.642904,29003
9513665,161,Active,31,15,2014-01-30 02:50:05.647592,29003
9513666,162,Active,39,2,2014-01-30 02:50:05.652351,29003
9513667,163,Active,24,14,2014-01-30 02:50:05.657214,29003
9513668,164,Active,26,10,2014-01-30 02:50:05.662077,29003
9513669,165,Active,33,4,2014-01-30 02:50:05.666961,29003
9513670,166,Active,3,28,2014-01-30 02:50:05.67206,29003
9513671,167,Active,8,21,2014-01-30 02:50:05.677215,29003
9513672,168,Active,15,27,2014-01-30 02:50:05.703994,29003
9513673,169,Active,2,37,2014-01-30 02:50:05.709302,29003
9513674,170,Active,0,35,2014-01-30 02:50:05.71405,29003
9513675,171,Active,11,16,2014-01-30 02:50:05.718882,29003
9513676,172,Active,7,24,2014-01-30 02:50:05.723912,29003
9513677,173,Active,0,31,2014-01-30 02:50:05.728554,29003
9513678,174,Active,24,8,2014-01-30 02:50:05.733796,29003
9513679,175,Active,13,18,2014-01-30 02:50:05.7386,29003
9513680,176,Active,13,19,2014-01-30 02:50:05.743418,29003
9513681,177,Active,16,14,2014-01-30 02:50:05.747943,29003
9513682,178,Active,7,18,2014-01-30 02:50:05.752761,29003
9513683,179,Active,2,25,2014-01-30 02:50:05.761406,29003
9513684,180,Active,21,10,2014-01-30 02:50:05.766501,29003
9513685,181,Active,4,22,2014-01-30 02:50:05.771222,29003
9513686,182,Active,2,13,2014-01-30 02:50:05.775993,29003
9513687,183,Active,13,27,2014-01-30 02:50:05.78083,29003
9513688,184,Active,0,38,2014-01-30 02:50:05.785517,29003
9513689,185,Active,26,5,2014-01-30 02:50:05.790248,29003
9513690,186,Active,20,18,2014-01-30 02:50:05.794685,29003
9513691,187,Active,7,33,2014-01-30 02:50:05.799583,29003
9513692,188,Active,7,27,2014-01-30 02:50:05.804364,29003
9513693,189,Active,3,40,2014-01-30 02:50:05.809121,29003
9513694,190,Active,13,10,2014-01-30 02:50:05.813891,29003
9513695,191,Active,5,14,2014-01-30 02:50:05.819662,29003
9513696,192,Active,29,6,2014-01-30 02:50:05.824731,29003
9513697,193,Active,9,14,2014-01-30 02:50:05.82959,29003
9513698,194,Active,7,22,2014-01-30 02:50:05.834383,29003
9513699,195,Active,13,11,2014-01-30 02:50:05.839154,29003
9513700,196,Active,7,35,2014-01-30 02:50:05.844433,29003
9513701,197,Active,4,27,2014-01-30 02:50:05.849324,29003
9513702,198,Active,28,16,2014-01-30 02:50:05.854168,29003
9513703,199,Active,6,17,2014-01-30 02:50:05.858923,29003
9513704,200,Active,3,20,2014-01-30 02:50:05.863595,29003
9513705,201,Active,2,21,2014-01-30 02:50:05.87183,29003
9513706,202,Active,3,16,2014-01-30 02:50:05.876649,29003
9513707,203,Active,10,45,2014-01-30 02:50:05.881483,29003
9513708,204,Active,0,39,2014-01-30 02:50:05.886275,29003
9513709,205,Active,7,22,2014-01-30 02:50:05.891158,29003
9513710,206,Active,10,49,2014-01-30 02:50:05.895959,29003
9513711,207,Active,4,26,2014-01-30 02:50:05.900725,29003
9513712,208,Active,8,18,2014-01-30 02:50:05.905465,29003
9513713,209,Active,10,20,2014-01-30 02:50:05.910247,29003
9513714,210,Active,19,10,2014-01-30 02:50:05.914979,29003
9513715,211,Active,9,30,2014-01-30 02:50:05.919656,29003
9513716,212,Active,24,1,2014-01-30 02:50:05.924589,29003
9513717,213,Active,1,46,2014-01-30 02:50:05.929232,29003
9513718,214,Active,0,27,2014-01-30 02:50:05.933981,29003
9513719,215,Active,0,27,2014-01-30 02:50:05.938908,29003
9513720,216,Active,23,2,2014-01-30 02:50:05.943662,29003
9513721,217,Active,9,29,2014-01-30 02:50:05.948425,29003
9513722,218,Active,0,32,2014-01-30 02:50:05.953348,29003
9513723,219,Active,33,2,2014-01-30 02:50:05.958166,29003
9513724,220,Active,1,49,2014-01-30 02:50:05.962897,29003
9513725,221,Active,12,11,2014-01-30 02:50:05.967595,29003
9513726,222,Active,6,46,2014-01-30 02:50:05.97264,29003
9513727,223,Active,24,18,2014-01-30 02:50:05.977447,29003
9513728,224,Active,22,16,2014-01-30 02:50:06.021648,29003
9513729,225,Active,5,26,2014-01-30 02:50:06.027754,29003
9513730,226,Active,25,6,2014-01-30 02:50:06.034634,29003
9513731,227,Active,6,24,2014-01-30 02:50:06.043453,29003
9513732,228,Active,7,51,2014-01-30 02:50:06.050252,29003
9513733,229,Active,25,14,2014-01-30 02:50:06.055579,29003
9513734,230,Active,14,20,2014-01-30 02:50:06.060541,29003
9513735,231,Active,1,37,2014-01-30 02:50:06.065326,29003
9513736,232,Active,0,35,2014-01-30 02:50:06.070079,29003
9513737,233,Active,4,55,2014-01-30 02:50:06.074774,29003
9513738,234,Active,0,31,2014-01-30 02:50:06.079444,29003
9513739,235,Active,25,23,2014-01-30 02:50:06.084044,29003
9513740,236,Active,7,16,2014-01-30 02:50:06.088659,29003
9513741,237,Active,28,11,2014-01-30 02:50:06.093415,29003
9513742,238,Active,10,37,2014-01-30 02:50:06.098069,29003
9513743,239,Active,2,21,2014-01-30 02:50:06.10276,29003
9513744,240,Active,21,37,2014-01-30 02:50:06.107449,29003
9513745,241,Inactive,0,39,2014-01-30 02:50:06.112246,29003
9513746,242,Active,18,16,2014-01-30 02:50:06.116962,29003
9513747,243,Active,16,18,2014-01-30 02:50:06.121698,29003
9513748,244,Active,17,42,2014-01-30 02:50:06.126684,29003
9513749,245,Active,0,52,2014-01-30 02:50:06.131625,29003
9513750,246,Active,8,29,2014-01-30 02:50:06.139455,29003
9513751,247,Active,16,11,2014-01-30 02:50:06.144249,29003
9513752,248,Active,0,41,2014-01-30 02:50:06.148938,29003
9513753,249,Active,5,37,2014-01-30 02:50:06.153607,29003
9513754,250,Active,8,37,2014-01-30 02:50:06.15833,29003
9513755,251,Active,12,24,2014-01-30 02:50:06.162949,29003
9513756,252,Active,27,19,2014-01-30 02:50:06.167672,29003
9513757,253,Active,59,0,2014-01-30 02:50:06.172418,29003
9513758,254,Active,16,15,2014-01-30 02:50:06.177094,29003
9513759,255,Active,29,2,2014-01-30 02:50:06.181733,29003
9513760,256,Active,18,9,2014-01-30 02:50:06.186395,29003
9513761,257,Active,17,8,2014-01-30 02:50:06.191098,29003
9513762,258,Active,32,7,2014-01-30 02:50:06.195947,29003
9513763,259,Active,26,8,2014-01-30 02:50:06.200722,29003
9513764,260,Active,2,41,2014-01-30 02:50:06.205621,29003
9513765,261,Active,0,39,2014-01-30 02:50:06.210454,29003
9513766,262,Active,9,29,2014-01-30 02:50:06.215113,29003
9513767,263,Active,28,7,2014-01-30 02:50:06.220093,29003
9513768,264,Active,38,1,2014-01-30 02:50:06.224875,29003
9513769,265,Active,22,15,2014-01-30 02:50:06.229674,29003
9513770,266,Active,57,2,2014-01-30 02:50:06.235112,29003
9513771,267,Active,0,52,2014-01-30 02:50:06.239928,29003
9513772,268,Active,48,0,2014-01-30 02:50:06.247406,29003
9513773,269,Active,7,27,2014-01-30 02:50:06.252311,29003
9513774,270,Active,25,10,2014-01-30 02:50:06.257058,29003
9513775,271,Active,21,4,2014-01-30 02:50:06.261716,29003
9513776,272,Active,31,13,2014-01-30 02:50:06.266368,29003
9513777,273,Active,23,35,2014-01-30 02:50:06.271309,29003
9513778,274,Active,13,17,2014-01-30 02:50:06.276042,29003
9513779,275,Active,20,15,2014-01-30 02:50:06.280776,29003
9513780,276,Active,1,42,2014-01-30 02:50:06.285544,29003
9513781,277,Active,43,0,2014-01-30 02:50:06.290229,29003
9513782,330,Active,9,21,2014-01-30 02:50:06.295014,29003
9513783,278,Active,11,17,2014-01-30 02:50:06.299894,29003
9513784,279,Active,13,30,2014-01-30 02:50:06.32721,29003
9513785,280,Active,32,3,2014-01-30 02:50:06.332388,29003
9513786,281,Active,9,37,2014-01-30 02:50:06.337993,29003
9513787,282,Active,5,19,2014-01-30 02:50:06.343219,29003
9513788,283,Active,20,16,2014-01-30 02:50:06.348839,29003
9513789,284,Active,1,50,2014-01-30 02:50:06.354517,29003
9513790,285,Active,7,23,2014-01-30 02:50:06.360141,29003
9513791,286,Active,6,20,2014-01-30 02:50:06.365612,29003
9513792,287,Active,3,24,2014-01-30 02:50:06.37029,29003
9513793,288,Active,46,7,2014-01-30 02:50:06.374967,29003
9513794,289,Active,32,2,2014-01-30 02:50:06.379629,29003
9513795,290,Active,1,37,2014-01-30 02:50:06.385483,29003
9513796,291,Active,1,54,2014-01-30 02:50:06.390221,29003
9513797,292,Active,4,34,2014-01-30 02:50:06.394827,29003
9513798,293,Active,11,47,2014-01-30 02:50:06.399552,29003
9513799,294,Active,0,39,2014-01-30 02:50:06.404094,29003
9513800,295,Active,64,0,2014-01-30 02:50:06.408763,29003
9513801,296,Active,11,40,2014-01-30 02:50:06.413413,29003
9513802,297,Active,50,1,2014-01-30 02:50:06.41812,29003
9513803,298,Active,27,29,2014-01-30 02:50:06.422762,29003
9513804,299,Active,24,15,2014-01-30 02:50:06.427196,29003
9513805,300,Active,12,28,2014-01-30 02:50:06.432027,29003
9513806,301,Active,11,48,2014-01-30 02:50:06.436823,29003
9513807,302,Active,34,5,2014-01-30 02:50:06.441526,29003
9513808,303,Active,40,0,2014-01-30 02:50:06.446071,29003
9513809,305,Active,21,17,2014-01-30 02:50:06.45075,29003
9513810,306,Active,38,5,2014-01-30 02:50:06.455249,29003
9513811,307,Inactive,0,50,2014-01-30 02:50:06.459858,29003
9513812,308,Active,0,30,2014-01-30 02:50:06.46511,29003
9513813,309,Active,2,26,2014-01-30 02:50:06.470027,29003
9513814,310,Active,14,25,2014-01-30 02:50:06.47473,29003
9513815,311,Active,0,37,2014-01-30 02:50:06.479421,29003
9513816,312,Active,21,10,2014-01-30 02:50:06.484072,29003
9513817,313,Active,7,30,2014-01-30 02:50:06.492212,29003
9513818,314,Active,13,12,2014-01-30 02:50:06.497081,29003
9513819,315,Active,5,32,2014-01-30 02:50:06.501878,29003
9513820,316,Active,18,12,2014-01-30 02:50:06.50682,29003
9513821,317,Active,9,6,2014-01-30 02:50:06.512264,29003
9513822,318,Active,18,9,2014-01-30 02:50:06.516921,29003
9513823,319,Active,16,14,2014-01-30 02:50:06.522123,29003
9513824,320,Active,6,30,2014-01-30 02:50:06.527172,29003
9513825,321,Active,10,2,2014-01-30 02:50:06.532078,29003
9513826,322,Active,16,33,2014-01-30 02:50:06.537107,29003
9513827,332,Active,14,10,2014-01-30 02:50:06.541932,29003
9513828,327,Active,14,21,2014-01-30 02:50:06.546941,29003
9513829,328,Active,13,26,2014-01-30 02:50:06.552658,29003
9513830,331,Active,2,34,2014-01-30 02:50:06.557804,29003
9513831,323,Active,2,37,2014-01-30 02:50:06.563787,29003
9513832,324,Active,40,3,2014-01-30 02:50:06.568926,29003
9513833,329,Active,27,5,2014-01-30 02:50:06.573691,29003
9513834,325,Active,2,32,2014-01-30 02:50:06.578471,29003
9513835,326,Active,11,13,2014-01-30 02:50:06.583202,29003
9513836,1,Active,10,29,2014-01-30 03:00:05.643992,29004
9513837,2,Active,10,23,2014-01-30 03:00:05.654484,29004
9513838,3,Active,18,7,2014-01-30 03:00:05.658835,29004
9513839,4,Active,33,28,2014-01-30 03:00:05.663196,29004
9513840,5,Active,19,19,2014-01-30 03:00:05.669545,29004
9513841,6,Active,6,12,2014-01-30 03:00:05.674011,29004
9513842,7,Active,4,15,2014-01-30 03:00:05.6967,29004
9513843,8,Active,20,11,2014-01-30 03:00:05.701569,29004
9513844,9,Active,22,8,2014-01-30 03:00:05.706051,29004
9513845,10,Active,4,42,2014-01-30 03:00:05.71041,29004
9513846,11,Active,7,17,2014-01-30 03:00:05.715024,29004
9513847,12,Active,1,18,2014-01-30 03:00:05.720796,29004
9513848,13,Active,11,28,2014-01-30 03:00:05.724852,29004
9513849,14,Active,18,14,2014-01-30 03:00:05.728846,29004
9513850,15,Active,3,28,2014-01-30 03:00:05.750029,29004
9513851,16,Active,15,17,2014-01-30 03:00:05.761637,29004
9513852,17,Active,15,12,2014-01-30 03:00:05.765833,29004
9513853,18,Active,1,53,2014-01-30 03:00:05.770098,29004
9513854,19,Active,12,11,2014-01-30 03:00:05.774307,29004
9513855,20,Active,11,14,2014-01-30 03:00:05.779155,29004
9513856,21,Active,24,10,2014-01-30 03:00:05.801846,29004
9513857,22,Active,1,46,2014-01-30 03:00:05.806586,29004
9513858,23,Active,21,23,2014-01-30 03:00:05.81093,29004
9513859,24,Active,1,43,2014-01-30 03:00:05.815455,29004
9513860,25,Active,3,46,2014-01-30 03:00:05.820162,29004
9513861,26,Active,3,27,2014-01-30 03:00:05.824117,29004
9513862,27,Active,0,45,2014-01-30 03:00:05.829014,29004
9513863,28,Active,1,25,2014-01-30 03:00:05.833456,29004
9513864,29,Active,4,19,2014-01-30 03:00:05.855454,29004
9513865,30,Active,31,8,2014-01-30 03:00:05.860256,29004
9513866,31,Active,12,26,2014-01-30 03:00:05.864679,29004
9513867,32,Active,27,6,2014-01-30 03:00:05.869465,29004
9513868,33,Active,2,29,2014-01-30 03:00:05.873867,29004
9513869,34,Active,6,30,2014-01-30 03:00:05.878919,29004
9513870,35,Active,2,52,2014-01-30 03:00:05.884421,29004
9513871,36,Active,14,12,2014-01-30 03:00:05.907709,29004
9513872,37,Active,10,12,2014-01-30 03:00:05.912442,29004
9513873,38,Active,1,38,2014-01-30 03:00:05.920929,29004
9513874,39,Active,6,32,2014-01-30 03:00:05.926333,29004
9513875,40,Active,25,14,2014-01-30 03:00:05.930395,29004
9513876,41,Active,25,5,2014-01-30 03:00:05.934393,29004
9513877,42,Active,13,18,2014-01-30 03:00:05.938482,29004
9513878,43,Active,5,17,2014-01-30 03:00:05.959695,29004
9513879,44,Active,9,12,2014-01-30 03:00:05.964666,29004
9513880,45,Inactive,0,3,2014-01-30 03:00:05.970596,29004
9513881,46,Active,3,28,2014-01-30 03:00:05.977067,29004
9513882,47,Active,3,20,2014-01-30 03:00:05.982876,29004
9513883,48,Active,18,1,2014-01-30 03:00:05.988864,29004
9513884,49,Active,7,16,2014-01-30 03:00:06.012286,29004
9513885,50,Active,6,21,2014-01-30 03:00:06.018666,29004
9513886,51,Active,7,33,2014-01-30 03:00:06.023464,29004
9513887,52,Active,17,9,2014-01-30 03:00:06.034063,29004
9513888,53,Active,17,16,2014-01-30 03:00:06.038947,29004
9513889,54,Inactive,0,47,2014-01-30 03:00:06.043851,29004
9513890,55,Active,28,0,2014-01-30 03:00:06.067192,29004
9513891,56,Active,22,17,2014-01-30 03:00:06.097659,29004
9513892,57,Active,5,18,2014-01-30 03:00:06.119441,29004
9513893,58,Active,16,23,2014-01-30 03:00:06.124687,29004
9513894,59,Active,8,27,2014-01-30 03:00:06.129797,29004
9513895,60,Active,2,25,2014-01-30 03:00:06.134674,29004
9513896,61,Active,5,19,2014-01-30 03:00:06.139499,29004
9513897,62,Active,18,13,2014-01-30 03:00:06.14536,29004
9513898,63,Active,10,15,2014-01-30 03:00:06.151189,29004
9513899,64,Active,24,9,2014-01-30 03:00:06.173404,29004
9513900,65,Active,5,19,2014-01-30 03:00:06.1787,29004
9513901,66,Inactive,0,33,2014-01-30 03:00:06.184244,29004
9513902,67,Active,15,12,2014-01-30 03:00:06.189439,29004
9513903,68,Active,12,11,2014-01-30 03:00:06.197686,29004
9513904,69,Active,20,17,2014-01-30 03:00:06.202667,29004
9513905,70,Active,8,22,2014-01-30 03:00:06.22589,29004
9513906,71,Active,5,14,2014-01-30 03:00:06.231746,29004
9513907,72,Active,7,17,2014-01-30 03:00:06.236664,29004
9513908,73,Active,5,14,2014-01-30 03:00:06.24188,29004
9513909,74,Active,8,11,2014-01-30 03:00:06.246793,29004
9513910,75,Active,22,9,2014-01-30 03:00:06.251484,29004
9513911,76,Active,19,40,2014-01-30 03:00:06.274561,29004
9513912,77,Active,23,3,2014-01-30 03:00:06.280134,29004
9513913,78,Active,35,8,2014-01-30 03:00:06.285342,29004
9513914,79,Active,30,15,2014-01-30 03:00:06.290194,29004
9513915,80,Active,5,14,2014-01-30 03:00:06.29639,29004
9513916,81,Active,11,17,2014-01-30 03:00:06.302488,29004
9513917,82,Active,2,18,2014-01-30 03:00:06.307652,29004
9513918,83,Active,17,34,2014-01-30 03:00:06.329465,29004
9513919,84,Active,21,10,2014-01-30 03:00:06.335806,29004
9513920,85,Active,5,19,2014-01-30 03:00:06.341951,29004
9513921,86,Active,33,1,2014-01-30 03:00:06.347932,29004
9513922,87,Active,24,3,2014-01-30 03:00:06.354944,29004
9513923,88,Active,14,20,2014-01-30 03:00:06.361671,29004
9513924,89,Active,7,46,2014-01-30 03:00:06.38272,29004
9513925,90,Active,15,22,2014-01-30 03:00:06.390067,29004
9513926,91,Active,13,10,2014-01-30 03:00:06.397747,29004
9513927,92,Active,24,7,2014-01-30 03:00:06.402955,29004
9513928,93,Active,15,19,2014-01-30 03:00:06.408534,29004
9513929,94,Active,14,19,2014-01-30 03:00:06.413844,29004
9513930,95,Active,6,31,2014-01-30 03:00:06.436342,29004
9513931,96,Active,9,22,2014-01-30 03:00:06.442114,29004
9513932,97,Active,26,0,2014-01-30 03:00:06.447394,29004
9513933,98,Active,3,37,2014-01-30 03:00:06.452296,29004
9513934,99,Active,19,17,2014-01-30 03:00:06.457412,29004
9513935,100,Active,1,28,2014-01-30 03:00:06.462646,29004
9513936,101,Active,14,17,2014-01-30 03:00:06.485638,29004
9513937,102,Active,7,16,2014-01-30 03:00:06.490935,29004
9513938,103,Active,0,38,2014-01-30 03:00:06.495903,29004
9513939,104,Active,22,7,2014-01-30 03:00:06.501013,29004
