id,station_id,status,available_bike_count,available_dock_count,created_at,station_summary_id
5219933,228,Active,8,51,2013-10-31 13:20:07.235415,15968
5219934,229,Active,0,39,2013-10-31 13:20:07.240525,15968
5219935,230,Active,5,30,2013-10-31 13:20:07.246505,15968
5219936,231,Active,14,25,2013-10-31 13:20:07.251711,15968
5219937,232,Active,18,17,2013-10-31 13:20:07.257184,15968
5219938,233,Active,1,58,2013-10-31 13:20:07.262293,15968
5219939,234,Active,12,19,2013-10-31 13:20:07.267381,15968
5219940,235,Active,8,13,2013-10-31 13:20:07.274478,15968
5219941,236,Active,12,11,2013-10-31 13:20:07.279574,15968
5219942,237,Inactive,0,39,2013-10-31 13:20:07.284616,15968
5219943,238,Active,13,34,2013-10-31 13:20:07.289807,15968
5219944,239,Active,23,2,2013-10-31 13:20:07.295252,15968
5219945,240,Active,9,50,2013-10-31 13:20:07.300677,15968
5219946,241,Active,3,36,2013-10-31 13:20:07.306053,15968
5219947,242,Active,9,26,2013-10-31 13:20:07.312277,15968
5219948,243,Active,17,17,2013-10-31 13:20:07.317578,15968
5219949,244,Active,3,56,2013-10-31 13:20:07.326396,15968
5219950,245,Active,0,57,2013-10-31 13:20:07.331578,15968
5219951,246,Active,0,37,2013-10-31 13:20:07.336678,15968
5219952,247,Active,21,6,2013-10-31 13:20:07.341689,15968
5219953,248,Active,13,28,2013-10-31 13:20:07.346776,15968
5219954,249,Active,5,37,2013-10-31 13:20:07.353401,15968
5219955,250,Active,22,25,2013-10-31 13:20:07.358524,15968
5219956,251,Active,19,18,2013-10-31 13:20:07.363538,15968
5219957,252,Inactive,0,44,2013-10-31 13:20:07.368614,15968
5219958,253,Active,0,59,2013-10-31 13:20:07.373694,15968
5219959,254,Active,0,24,2013-10-31 13:20:07.378808,15968
5219960,255,Active,0,31,2013-10-31 13:20:07.383922,15968
5219961,256,Active,1,26,2013-10-31 13:20:07.38918,15968
5219962,257,Active,18,7,2013-10-31 13:20:07.394372,15968
5219963,258,Active,0,39,2013-10-31 13:20:07.399512,15968
5219964,259,Active,2,33,2013-10-31 13:20:07.406334,15968
5219965,260,Active,41,3,2013-10-31 13:20:07.411395,15968
5219966,261,Active,19,20,2013-10-31 13:20:07.417154,15968
5219967,262,Active,2,37,2013-10-31 13:20:07.422286,15968
5219968,263,Active,1,35,2013-10-31 13:20:07.431095,15968
5219969,264,Active,1,40,2013-10-31 13:20:07.436251,15968
5219970,265,Active,12,25,2013-10-31 13:20:07.441436,15968
5219971,266,Active,0,59,2013-10-31 13:20:07.446624,15968
5219972,267,Active,48,5,2013-10-31 13:20:07.451743,15968
5219973,268,Active,0,49,2013-10-31 13:20:07.457119,15968
5219974,269,Active,19,15,2013-10-31 13:20:07.4625,15968
5219975,270,Active,0,35,2013-10-31 13:20:07.467863,15968
5219976,271,Active,2,23,2013-10-31 13:20:07.473357,15968
5219977,272,Inactive,0,35,2013-10-31 13:20:07.479034,15968
5219978,273,Active,54,5,2013-10-31 13:20:07.484509,15968
5219979,274,Active,0,30,2013-10-31 13:20:07.489862,15968
5219980,275,Active,2,34,2013-10-31 13:20:07.496221,15968
5219981,276,Active,20,32,2013-10-31 13:20:07.504026,15968
5219982,277,Active,5,38,2013-10-31 13:20:07.513175,15968
5219983,330,Active,1,29,2013-10-31 13:20:07.522902,15968
5219984,278,Inactive,0,27,2013-10-31 13:20:07.531112,15968
5219985,279,Active,1,44,2013-10-31 13:20:07.559402,15968
5219986,280,Active,0,36,2013-10-31 13:20:07.565187,15968
5219987,281,Active,14,33,2013-10-31 13:20:07.570916,15968
5219988,282,Active,14,10,2013-10-31 13:20:07.57652,15968
5219989,283,Active,0,36,2013-10-31 13:20:07.582114,15968
5219990,284,Active,48,3,2013-10-31 13:20:07.587533,15968
5219991,285,Active,1,32,2013-10-31 13:20:07.592607,15968
5219992,286,Active,0,27,2013-10-31 13:20:07.59786,15968
5219993,287,Active,1,26,2013-10-31 13:20:07.603124,15968
5219994,288,Active,39,14,2013-10-31 13:20:07.608174,15968
5219995,289,Active,0,35,2013-10-31 13:20:07.613781,15968
5219996,290,Active,10,21,2013-10-31 13:20:07.619329,15968
5219997,291,Active,2,57,2013-10-31 13:20:07.624454,15968
5219998,292,Active,5,34,2013-10-31 13:20:07.629566,15968
5219999,293,Active,0,61,2013-10-31 13:20:07.634613,15968
5220000,294,Active,38,1,2013-10-31 13:20:07.639751,15968
5220001,295,Active,2,65,2013-10-31 13:20:07.645004,15968
5220002,296,Active,42,9,2013-10-31 13:20:07.650163,15968
5220003,297,Active,0,51,2013-10-31 13:20:07.655431,15968
5220004,298,Active,38,19,2013-10-31 13:20:07.662767,15968
5220005,299,Active,35,4,2013-10-31 13:20:07.667881,15968
5220006,300,Active,8,35,2013-10-31 13:20:07.67313,15968
5220007,301,Inactive,0,7,2013-10-31 13:20:07.67822,15968
5220008,302,Active,4,35,2013-10-31 13:20:07.683363,15968
5220009,303,Active,0,41,2013-10-31 13:20:07.68853,15968
5220010,305,Active,0,39,2013-10-31 13:20:07.693751,15968
5220011,306,Active,19,24,2013-10-31 13:20:07.698827,15968
5220012,307,Active,0,50,2013-10-31 13:20:07.705189,15968
5220013,308,Active,19,12,2013-10-31 13:20:07.7104,15968
5220014,309,Active,22,7,2013-10-31 13:20:07.71557,15968
5220015,310,Active,16,23,2013-10-31 13:20:07.720712,15968
5220016,311,Active,35,4,2013-10-31 13:20:07.725818,15968
5220017,312,Active,27,4,2013-10-31 13:20:07.731081,15968
5220018,313,Active,6,33,2013-10-31 13:20:07.736246,15968
5220019,314,Active,0,27,2013-10-31 13:20:07.741388,15968
5220020,315,Active,12,26,2013-10-31 13:20:07.746849,15968
5220021,316,Active,13,17,2013-10-31 13:20:07.75195,15968
5220022,317,Active,4,11,2013-10-31 13:20:07.757402,15968
5220023,318,Active,21,6,2013-10-31 13:20:07.762624,15968
5220024,319,Active,0,30,2013-10-31 13:20:07.767783,15968
5220025,320,Active,2,34,2013-10-31 13:20:07.773092,15968
5220026,321,Active,5,7,2013-10-31 13:20:07.778222,15968
5220027,322,Active,3,46,2013-10-31 13:20:07.783389,15968
5220028,332,Active,10,14,2013-10-31 13:20:07.788523,15968
5220029,327,Active,12,23,2013-10-31 13:20:07.793673,15968
5220030,328,Active,26,13,2013-10-31 13:20:07.798784,15968
5220031,331,Active,29,7,2013-10-31 13:20:07.80404,15968
5220032,323,Active,3,36,2013-10-31 13:20:07.809346,15968
5220033,324,Active,0,43,2013-10-31 13:20:07.814545,15968
5220034,329,Active,4,29,2013-10-31 13:20:07.819651,15968
5220035,325,Active,18,18,2013-10-31 13:20:07.82496,15968
5220036,326,Active,20,5,2013-10-31 13:20:07.830131,15968
5220037,1,Active,9,30,2013-10-31 13:30:05.561907,15969
5220038,2,Active,15,18,2013-10-31 13:30:05.577084,15969
5220039,3,Active,10,16,2013-10-31 13:30:05.582139,15969
5220040,4,Active,0,62,2013-10-31 13:30:05.587024,15969
5220041,5,Active,5,34,2013-10-31 13:30:05.591602,15969
5220042,6,Active,6,13,2013-10-31 13:30:05.595988,15969
5220043,7,Active,0,19,2013-10-31 13:30:05.600374,15969
5220044,8,Active,0,31,2013-10-31 13:30:05.604842,15969
5220045,9,Active,29,1,2013-10-31 13:30:05.609288,15969
5220046,10,Active,42,4,2013-10-31 13:30:05.614232,15969
5220047,11,Active,1,23,2013-10-31 13:30:05.619167,15969
5220048,12,Active,4,15,2013-10-31 13:30:05.624085,15969
5220049,13,Active,3,36,2013-10-31 13:30:05.629017,15969
5220050,14,Active,26,7,2013-10-31 13:30:05.63403,15969
5220051,15,Active,0,31,2013-10-31 13:30:05.638595,15969
5220052,16,Active,12,21,2013-10-31 13:30:05.646808,15969
5220053,17,Active,7,22,2013-10-31 13:30:05.65118,15969
5220054,18,Active,26,29,2013-10-31 13:30:05.655794,15969
5220055,19,Active,2,21,2013-10-31 13:30:05.660363,15969
5220056,20,Active,0,26,2013-10-31 13:30:05.66479,15969
5220057,21,Active,7,28,2013-10-31 13:30:05.669529,15969
5220058,22,Active,4,43,2013-10-31 13:30:05.674213,15969
5220059,23,Active,28,17,2013-10-31 13:30:05.678613,15969
5220060,24,Active,31,16,2013-10-31 13:30:05.683506,15969
5220061,25,Active,29,22,2013-10-31 13:30:05.690275,15969
5220062,26,Active,1,29,2013-10-31 13:30:05.69455,15969
5220063,27,Active,36,9,2013-10-31 13:30:05.698942,15969
5220064,28,Active,5,23,2013-10-31 13:30:05.704153,15969
5220065,29,Active,0,23,2013-10-31 13:30:05.708524,15969
5220066,30,Active,23,16,2013-10-31 13:30:05.713131,15969
5220067,31,Active,4,34,2013-10-31 13:30:05.717579,15969
5220068,32,Active,20,13,2013-10-31 13:30:05.722469,15969
5220069,33,Active,0,31,2013-10-31 13:30:05.726861,15969
5220070,34,Active,29,8,2013-10-31 13:30:05.731518,15969
5220071,35,Active,52,3,2013-10-31 13:30:05.735921,15969
5220072,36,Active,25,2,2013-10-31 13:30:05.740274,15969
5220073,37,Active,2,21,2013-10-31 13:30:05.744582,15969
5220074,38,Active,17,22,2013-10-31 13:30:05.749138,15969
5220075,39,Active,12,27,2013-10-31 13:30:05.75556,15969
5220076,40,Active,0,39,2013-10-31 13:30:05.760396,15969
5220077,41,Active,5,26,2013-10-31 13:30:05.764934,15969
5220078,42,Active,22,9,2013-10-31 13:30:05.769379,15969
5220079,43,Active,0,23,2013-10-31 13:30:05.773809,15969
5220080,44,Active,0,23,2013-10-31 13:30:05.779298,15969
5220081,45,Active,15,24,2013-10-31 13:30:05.783621,15969
5220082,46,Active,4,27,2013-10-31 13:30:05.788092,15969
5220083,47,Active,0,23,2013-10-31 13:30:05.79521,15969
5220084,48,Active,0,20,2013-10-31 13:30:05.800445,15969
5220085,49,Active,16,7,2013-10-31 13:30:05.805431,15969
5220086,50,Active,18,9,2013-10-31 13:30:05.810198,15969
5220087,51,Active,32,8,2013-10-31 13:30:05.814864,15969
5220088,52,Active,7,20,2013-10-31 13:30:05.819733,15969
5220089,53,Active,0,33,2013-10-31 13:30:05.824337,15969
5220090,54,Active,16,31,2013-10-31 13:30:05.831494,15969
5220091,55,Active,1,30,2013-10-31 13:30:05.836357,15969
5220092,56,Active,15,24,2013-10-31 13:30:05.864569,15969
5220093,57,Active,0,23,2013-10-31 13:30:05.870459,15969
5220094,58,Active,28,11,2013-10-31 13:30:05.877223,15969
5220095,59,Active,30,5,2013-10-31 13:30:05.882422,15969
5220096,60,Active,5,22,2013-10-31 13:30:05.888502,15969
5220097,61,Active,1,23,2013-10-31 13:30:05.894273,15969
5220098,62,Active,13,18,2013-10-31 13:30:05.902587,15969
5220099,63,Active,27,0,2013-10-31 13:30:05.908339,15969
5220100,64,Active,15,20,2013-10-31 13:30:05.914113,15969
5220101,65,Active,0,24,2013-10-31 13:30:05.920279,15969
5220102,66,Active,1,56,2013-10-31 13:30:05.925888,15969
5220103,67,Active,19,8,2013-10-31 13:30:05.93095,15969
5220104,68,Active,0,23,2013-10-31 13:30:05.938077,15969
5220105,69,Active,2,37,2013-10-31 13:30:05.943808,15969
5220106,70,Active,5,26,2013-10-31 13:30:05.950118,15969
5220107,71,Active,4,15,2013-10-31 13:30:05.957842,15969
5220108,72,Active,4,21,2013-10-31 13:30:05.966898,15969
5220109,73,Active,0,19,2013-10-31 13:30:05.972499,15969
5220110,74,Active,5,14,2013-10-31 13:30:05.97765,15969
5220111,75,Active,1,30,2013-10-31 13:30:05.983707,15969
5220112,76,Active,39,20,2013-10-31 13:30:05.989499,15969
5220113,77,Active,5,22,2013-10-31 13:30:05.994955,15969
5220114,78,Active,26,17,2013-10-31 13:30:06.001601,15969
5220115,79,Active,19,25,2013-10-31 13:30:06.007293,15969
5220116,80,Active,0,19,2013-10-31 13:30:06.019143,15969
5220117,81,Active,3,26,2013-10-31 13:30:06.02746,15969
5220118,82,Active,5,15,2013-10-31 13:30:06.032914,15969
5220119,83,Active,39,13,2013-10-31 13:30:06.040366,15969
5220120,84,Active,15,16,2013-10-31 13:30:06.047253,15969
5220121,85,Active,10,14,2013-10-31 13:30:06.052674,15969
5220122,86,Active,26,9,2013-10-31 13:30:06.057896,15969
5220123,87,Active,1,26,2013-10-31 13:30:06.063135,15969
5220124,88,Active,0,35,2013-10-31 13:30:06.068894,15969
5220125,89,Active,14,41,2013-10-31 13:30:06.074068,15969
5220126,90,Active,0,37,2013-10-31 13:30:06.079543,15969
5220127,91,Active,3,20,2013-10-31 13:30:06.084895,15969
5220128,92,Active,16,15,2013-10-31 13:30:06.090131,15969
5220129,93,Active,28,8,2013-10-31 13:30:06.09678,15969
5220130,94,Active,29,4,2013-10-31 13:30:06.102216,15969
5220131,95,Active,25,12,2013-10-31 13:30:06.107925,15969
5220132,96,Active,5,26,2013-10-31 13:30:06.113195,15969
5220133,97,Active,11,16,2013-10-31 13:30:06.11841,15969
5220134,98,Active,38,3,2013-10-31 13:30:06.123396,15969
5220135,99,Active,17,18,2013-10-31 13:30:06.128584,15969
5220136,100,Active,20,10,2013-10-31 13:30:06.133958,15969
5220137,101,Active,5,26,2013-10-31 13:30:06.139154,15969
5220138,102,Active,14,9,2013-10-31 13:30:06.14496,15969
5220139,103,Active,0,39,2013-10-31 13:30:06.150201,15969
5220140,104,Active,19,10,2013-10-31 13:30:06.155711,15969
5220141,105,Active,9,34,2013-10-31 13:30:06.16097,15969
5220142,106,Active,0,27,2013-10-31 13:30:06.167356,15969
5220143,107,Active,0,31,2013-10-31 13:30:06.172603,15969
5220144,108,Active,20,15,2013-10-31 13:30:06.177972,15969
5220145,109,Active,12,27,2013-10-31 13:30:06.183371,15969
5220146,110,Active,2,25,2013-10-31 13:30:06.188474,15969
5220147,111,Active,1,30,2013-10-31 13:30:06.193175,15969
5220148,112,Active,7,32,2013-10-31 13:30:06.220245,15969
5220149,113,Active,51,0,2013-10-31 13:30:06.226709,15969
5220150,114,Active,0,35,2013-10-31 13:30:06.231996,15969
5220151,115,Active,0,27,2013-10-31 13:30:06.237255,15969
5220152,116,Active,37,2,2013-10-31 13:30:06.24246,15969
5220153,117,Active,23,0,2013-10-31 13:30:06.24803,15969
5220154,118,Active,26,5,2013-10-31 13:30:06.253336,15969
5220155,119,Active,19,20,2013-10-31 13:30:06.258464,15969
5220156,120,Active,16,11,2013-10-31 13:30:06.264186,15969
5220157,121,Active,3,21,2013-10-31 13:30:06.26936,15969
5220158,122,Active,2,29,2013-10-31 13:30:06.27456,15969
5220159,123,Active,24,3,2013-10-31 13:30:06.281038,15969
5220160,124,Active,4,32,2013-10-31 13:30:06.28598,15969
5220161,125,Active,33,4,2013-10-31 13:30:06.291161,15969
5220162,126,Active,0,24,2013-10-31 13:30:06.296673,15969
5220163,127,Active,12,15,2013-10-31 13:30:06.301608,15969
5220164,128,Active,17,2,2013-10-31 13:30:06.308077,15969
5220165,129,Active,11,18,2013-10-31 13:30:06.315696,15969
5220166,130,Active,11,12,2013-10-31 13:30:06.321049,15969
5220167,131,Active,7,16,2013-10-31 13:30:06.326345,15969
5220168,132,Active,5,30,2013-10-31 13:30:06.332758,15969
5220169,133,Active,0,27,2013-10-31 13:30:06.337737,15969
5220170,134,Active,23,12,2013-10-31 13:30:06.342992,15969
5220171,135,Active,31,11,2013-10-31 13:30:06.349927,15969
5220172,136,Active,13,10,2013-10-31 13:30:06.358096,15969
5220173,137,Active,1,27,2013-10-31 13:30:06.366282,15969
5220174,138,Active,38,1,2013-10-31 13:30:06.371617,15969
5220175,139,Active,31,5,2013-10-31 13:30:06.376929,15969
5220176,140,Active,1,26,2013-10-31 13:30:06.382089,15969
5220177,141,Active,5,26,2013-10-31 13:30:06.38726,15969
5220178,142,Active,2,41,2013-10-31 13:30:06.392415,15969
5220179,143,Active,0,23,2013-10-31 13:30:06.398004,15969
5220180,144,Active,6,21,2013-10-31 13:30:06.403353,15969
5220181,145,Active,1,35,2013-10-31 13:30:06.408632,15969
5220182,146,Active,32,23,2013-10-31 13:30:06.413781,15969
5220183,147,Active,16,23,2013-10-31 13:30:06.41885,15969
5220184,148,Active,18,25,2013-10-31 13:30:06.424273,15969
5220185,149,Active,0,57,2013-10-31 13:30:06.429439,15969
5220186,150,Active,10,38,2013-10-31 13:30:06.434845,15969
5220187,151,Active,1,26,2013-10-31 13:30:06.443531,15969
5220188,152,Active,0,31,2013-10-31 13:30:06.448729,15969
5220189,153,Active,2,31,2013-10-31 13:30:06.45447,15969
5220190,154,Active,30,4,2013-10-31 13:30:06.459672,15969
5220191,155,Active,0,39,2013-10-31 13:30:06.464834,15969
5220192,156,Active,0,35,2013-10-31 13:30:06.470396,15969
5220193,157,Active,9,18,2013-10-31 13:30:06.475523,15969
5220194,158,Active,4,15,2013-10-31 13:30:06.480827,15969
5220195,159,Active,29,1,2013-10-31 13:30:06.486584,15969
5220196,160,Active,15,28,2013-10-31 13:30:06.491849,15969
5220197,161,Active,31,16,2013-10-31 13:30:06.496961,15969
5220198,162,Inactive,0,59,2013-10-31 13:30:06.503582,15969
5220199,163,Active,1,38,2013-10-31 13:30:06.509648,15969
5220200,164,Active,25,11,2013-10-31 13:30:06.514816,15969
5220201,165,Active,3,36,2013-10-31 13:30:06.520395,15969
5220202,166,Active,9,22,2013-10-31 13:30:06.526069,15969
5220203,167,Active,0,29,2013-10-31 13:30:06.531382,15969
5220204,168,Active,25,18,2013-10-31 13:30:06.558339,15969
5220205,169,Active,13,26,2013-10-31 13:30:06.564289,15969
5220206,170,Active,26,9,2013-10-31 13:30:06.569535,15969
5220207,171,Active,7,20,2013-10-31 13:30:06.576482,15969
5220208,172,Active,5,26,2013-10-31 13:30:06.583251,15969
5220209,173,Active,5,26,2013-10-31 13:30:06.588375,15969
5220210,174,Active,6,26,2013-10-31 13:30:06.595847,15969
5220211,175,Active,0,31,2013-10-31 13:30:06.601036,15969
5220212,176,Active,0,36,2013-10-31 13:30:06.608354,15969
5220213,177,Active,4,26,2013-10-31 13:30:06.613381,15969
5220214,178,Inactive,0,25,2013-10-31 13:30:06.619114,15969
5220215,179,Active,2,25,2013-10-31 13:30:06.625027,15969
5220216,180,Active,0,31,2013-10-31 13:30:06.630593,15969
5220217,181,Active,0,27,2013-10-31 13:30:06.635899,15969
5220218,182,Active,6,9,2013-10-31 13:30:06.641167,15969
5220219,183,Active,0,41,2013-10-31 13:30:06.646574,15969
5220220,184,Active,35,7,2013-10-31 13:30:06.653229,15969
5220221,185,Active,11,20,2013-10-31 13:30:06.658443,15969
5220222,186,Active,32,7,2013-10-31 13:30:06.66368,15969
5220223,187,Active,19,21,2013-10-31 13:30:06.669461,15969
5220224,188,Active,12,22,2013-10-31 13:30:06.676426,15969
5220225,189,Active,1,42,2013-10-31 13:30:06.682129,15969
5220226,190,Active,2,21,2013-10-31 13:30:06.68739,15969
5220227,191,Active,5,14,2013-10-31 13:30:06.693644,15969
5220228,192,Active,4,31,2013-10-31 13:30:06.699343,15969
5220229,193,Active,5,18,2013-10-31 13:30:06.706554,15969
5220230,194,Active,19,10,2013-10-31 13:30:06.712496,15969
5220231,195,Active,9,15,2013-10-31 13:30:06.71897,15969
5220232,196,Active,36,6,2013-10-31 13:30:06.728392,15969
5220233,197,Active,1,30,2013-10-31 13:30:06.73559,15969
5220234,198,Active,5,42,2013-10-31 13:30:06.741126,15969
5220235,199,Active,14,9,2013-10-31 13:30:06.746487,15969
5220236,200,Active,0,23,2013-10-31 13:30:06.751675,15969
5220237,201,Active,0,23,2013-10-31 13:30:06.756897,15969
5220238,202,Active,4,15,2013-10-31 13:30:06.762218,15969
5220239,203,Active,6,44,2013-10-31 13:30:06.767514,15969
5220240,204,Active,0,39,2013-10-31 13:30:06.772846,15969
5220241,205,Active,21,10,2013-10-31 13:30:06.778412,15969
5220242,206,Active,31,28,2013-10-31 13:30:06.783504,15969
5220243,207,Active,0,31,2013-10-31 13:30:06.788698,15969
5220244,208,Active,19,8,2013-10-31 13:30:06.795174,15969
5220245,209,Active,2,28,2013-10-31 13:30:06.800799,15969
5220246,210,Active,0,31,2013-10-31 13:30:06.806334,15969
5220247,211,Active,0,39,2013-10-31 13:30:06.811716,15969
5220248,212,Active,5,22,2013-10-31 13:30:06.816845,15969
5220249,213,Active,32,15,2013-10-31 13:30:06.821952,15969
5220250,214,Active,1,26,2013-10-31 13:30:06.827363,15969
5220251,215,Active,8,19,2013-10-31 13:30:06.832484,15969
5220252,216,Active,0,27,2013-10-31 13:30:06.837801,15969
5220253,217,Active,0,39,2013-10-31 13:30:06.843346,15969
5220254,218,Active,24,8,2013-10-31 13:30:06.848891,15969
5220255,219,Active,4,31,2013-10-31 13:30:06.854084,15969
5220256,220,Active,1,50,2013-10-31 13:30:06.859293,15969
5220257,221,Active,7,16,2013-10-31 13:30:06.864355,15969
5220258,222,Active,38,14,2013-10-31 13:30:06.871063,15969
5220259,223,Active,1,35,2013-10-31 13:30:06.876588,15969
5220260,224,Active,2,37,2013-10-31 13:30:06.90399,15969
5220261,225,Active,4,27,2013-10-31 13:30:06.909708,15969
5220262,226,Active,3,28,2013-10-31 13:30:06.915866,15969
5220263,227,Active,1,30,2013-10-31 13:30:06.92115,15969
5220264,228,Active,8,51,2013-10-31 13:30:06.926094,15969
5220265,229,Active,0,39,2013-10-31 13:30:06.935385,15969
5220266,230,Active,3,32,2013-10-31 13:30:06.940972,15969
5220267,231,Active,17,22,2013-10-31 13:30:06.94647,15969
5220268,232,Active,21,14,2013-10-31 13:30:06.95197,15969
5220269,233,Active,3,56,2013-10-31 13:30:06.957336,15969
5220270,234,Active,11,20,2013-10-31 13:30:06.962699,15969
5220271,235,Active,7,14,2013-10-31 13:30:06.969196,15969
5220272,236,Active,12,11,2013-10-31 13:30:06.974531,15969
5220273,237,Inactive,0,39,2013-10-31 13:30:06.980385,15969
5220274,238,Active,13,34,2013-10-31 13:30:06.985612,15969
5220275,239,Active,21,4,2013-10-31 13:30:06.990971,15969
5220276,240,Active,10,49,2013-10-31 13:30:06.996725,15969
5220277,241,Active,3,36,2013-10-31 13:30:07.002003,15969
5220278,242,Active,13,22,2013-10-31 13:30:07.007489,15969
5220279,243,Active,15,19,2013-10-31 13:30:07.01297,15969
5220280,244,Active,1,58,2013-10-31 13:30:07.018465,15969
5220281,245,Active,0,57,2013-10-31 13:30:07.023954,15969
5220282,246,Active,0,37,2013-10-31 13:30:07.031273,15969
5220283,247,Active,20,7,2013-10-31 13:30:07.036491,15969
5220284,248,Active,11,30,2013-10-31 13:30:07.04229,15969
5220285,249,Active,1,41,2013-10-31 13:30:07.047707,15969
5220286,250,Active,16,31,2013-10-31 13:30:07.053036,15969
5220287,251,Active,14,23,2013-10-31 13:30:07.059128,15969
5220288,252,Inactive,0,44,2013-10-31 13:30:07.065936,15969
5220289,253,Active,4,55,2013-10-31 13:30:07.073701,15969
5220290,254,Active,0,24,2013-10-31 13:30:07.081243,15969
5220291,255,Active,0,31,2013-10-31 13:30:07.092284,15969
5220292,256,Active,0,27,2013-10-31 13:30:07.098391,15969
5220293,257,Active,18,7,2013-10-31 13:30:07.105019,15969
5220294,258,Active,4,35,2013-10-31 13:30:07.110596,15969
5220295,259,Active,1,34,2013-10-31 13:30:07.115929,15969
5220296,260,Active,40,4,2013-10-31 13:30:07.1215,15969
5220297,261,Active,17,22,2013-10-31 13:30:07.126777,15969
5220298,262,Active,3,36,2013-10-31 13:30:07.132001,15969
5220299,263,Active,1,35,2013-10-31 13:30:07.137335,15969
5220300,264,Active,1,40,2013-10-31 13:30:07.142591,15969
5220301,265,Active,14,23,2013-10-31 13:30:07.148797,15969
5220302,266,Active,7,52,2013-10-31 13:30:07.154394,15969
5220303,267,Active,50,3,2013-10-31 13:30:07.159645,15969
5220304,268,Active,1,48,2013-10-31 13:30:07.165069,15969
5220305,269,Active,20,14,2013-10-31 13:30:07.170582,15969
5220306,270,Active,0,35,2013-10-31 13:30:07.175977,15969
5220307,271,Active,1,24,2013-10-31 13:30:07.181756,15969
5220308,272,Inactive,0,35,2013-10-31 13:30:07.186837,15969
5220309,273,Active,53,6,2013-10-31 13:30:07.192098,15969
5220310,274,Active,0,30,2013-10-31 13:30:07.19748,15969
5220311,275,Active,5,31,2013-10-31 13:30:07.202805,15969
5220312,276,Active,19,33,2013-10-31 13:30:07.208168,15969
5220313,277,Active,9,34,2013-10-31 13:30:07.215197,15969
5220314,330,Active,1,29,2013-10-31 13:30:07.22077,15969
5220315,278,Inactive,0,27,2013-10-31 13:30:07.226798,15969
5220316,279,Active,1,44,2013-10-31 13:30:07.254289,15969
5220317,280,Active,1,35,2013-10-31 13:30:07.2616,15969
5220318,281,Active,14,33,2013-10-31 13:30:07.266645,15969
5220319,282,Active,16,8,2013-10-31 13:30:07.271983,15969
5220320,283,Active,0,36,2013-10-31 13:30:07.277231,15969
5220321,284,Active,49,2,2013-10-31 13:30:07.282588,15969
5220322,285,Active,0,33,2013-10-31 13:30:07.287832,15969
5220323,286,Active,0,27,2013-10-31 13:30:07.293162,15969
5220324,287,Active,0,27,2013-10-31 13:30:07.298414,15969
5220325,288,Active,36,17,2013-10-31 13:30:07.303617,15969
5220326,289,Active,0,35,2013-10-31 13:30:07.308855,15969
5220327,290,Active,10,21,2013-10-31 13:30:07.314327,15969
5220328,291,Active,1,58,2013-10-31 13:30:07.319638,15969
5220329,292,Active,6,33,2013-10-31 13:30:07.324816,15969
5220330,293,Active,4,57,2013-10-31 13:30:07.330129,15969
5220331,294,Active,38,1,2013-10-31 13:30:07.334986,15969
5220332,295,Active,4,63,2013-10-31 13:30:07.34028,15969
5220333,296,Active,42,9,2013-10-31 13:30:07.34549,15969
5220334,297,Active,2,49,2013-10-31 13:30:07.350564,15969
5220335,298,Active,38,19,2013-10-31 13:30:07.359931,15969
5220336,299,Active,35,4,2013-10-31 13:30:07.368516,15969
5220337,300,Active,7,36,2013-10-31 13:30:07.374056,15969
5220338,301,Inactive,0,7,2013-10-31 13:30:07.380458,15969
5220339,302,Active,6,33,2013-10-31 13:30:07.385584,15969
5220340,303,Active,3,38,2013-10-31 13:30:07.393419,15969
5220341,305,Active,0,39,2013-10-31 13:30:07.398552,15969
5220342,306,Active,18,25,2013-10-31 13:30:07.404332,15969
5220343,307,Active,1,49,2013-10-31 13:30:07.410058,15969
5220344,308,Active,12,19,2013-10-31 13:30:07.415334,15969
5220345,309,Active,25,4,2013-10-31 13:30:07.420663,15969
5220346,310,Active,22,17,2013-10-31 13:30:07.425957,15969
5220347,311,Active,36,3,2013-10-31 13:30:07.431125,15969
5220348,312,Active,26,5,2013-10-31 13:30:07.436566,15969
5220349,313,Active,7,32,2013-10-31 13:30:07.44236,15969
5220350,314,Active,0,27,2013-10-31 13:30:07.450576,15969
5220351,315,Active,11,27,2013-10-31 13:30:07.463818,15969
5220352,316,Active,14,16,2013-10-31 13:30:07.476659,15969
5220353,317,Active,4,11,2013-10-31 13:30:07.482099,15969
5220354,318,Active,19,8,2013-10-31 13:30:07.487208,15969
5220355,319,Active,0,30,2013-10-31 13:30:07.49239,15969
5220356,320,Active,2,34,2013-10-31 13:30:07.497622,15969
5220357,321,Active,5,7,2013-10-31 13:30:07.503817,15969
5220358,322,Active,3,46,2013-10-31 13:30:07.509016,15969
5220359,332,Active,10,14,2013-10-31 13:30:07.514501,15969
5220360,327,Active,10,25,2013-10-31 13:30:07.519692,15969
5220361,328,Active,28,11,2013-10-31 13:30:07.524907,15969
5220362,331,Active,28,8,2013-10-31 13:30:07.530212,15969
5220363,323,Active,2,37,2013-10-31 13:30:07.535601,15969
5220364,324,Active,3,40,2013-10-31 13:30:07.540662,15969
5220365,329,Active,5,28,2013-10-31 13:30:07.545872,15969
5220366,325,Active,17,19,2013-10-31 13:30:07.551172,15969
5220367,326,Active,18,7,2013-10-31 13:30:07.556963,15969
5220368,1,Active,15,24,2013-10-31 13:40:05.281073,15970
5220369,2,Active,18,15,2013-10-31 13:40:05.289329,15970
5220370,3,Active,10,16,2013-10-31 13:40:05.295577,15970
5220371,4,Active,1,61,2013-10-31 13:40:05.300119,15970
5220372,5,Active,8,31,2013-10-31 13:40:05.30477,15970
5220373,6,Active,5,14,2013-10-31 13:40:05.309867,15970
5220374,7,Active,0,19,2013-10-31 13:40:05.314574,15970
5220375,8,Active,1,30,2013-10-31 13:40:05.319244,15970
5220376,9,Active,29,1,2013-10-31 13:40:05.324249,15970
5220377,10,Active,42,4,2013-10-31 13:40:05.329103,15970
5220378,11,Active,0,24,2013-10-31 13:40:05.333682,15970
5220379,12,Active,6,13,2013-10-31 13:40:05.338407,15970
5220380,13,Active,3,36,2013-10-31 13:40:05.343073,15970
5220381,14,Active,29,4,2013-10-31 13:40:05.347317,15970
5220382,15,Active,0,31,2013-10-31 13:40:05.351629,15970
5220383,16,Active,13,20,2013-10-31 13:40:05.356193,15970
5220384,17,Active,8,21,2013-10-31 13:40:05.363643,15970
5220385,18,Active,28,27,2013-10-31 13:40:05.368542,15970
5220386,19,Active,1,22,2013-10-31 13:40:05.37332,15970
5220387,20,Active,0,26,2013-10-31 13:40:05.377639,15970
5220388,21,Active,10,25,2013-10-31 13:40:05.381944,15970
5220389,22,Active,9,38,2013-10-31 13:40:05.386376,15970
5220390,23,Active,23,22,2013-10-31 13:40:05.390647,15970
5220391,24,Active,30,17,2013-10-31 13:40:05.394905,15970
5220392,25,Active,27,24,2013-10-31 13:40:05.399308,15970
5220393,26,Active,0,30,2013-10-31 13:40:05.405737,15970
5220394,27,Active,34,11,2013-10-31 13:40:05.410387,15970
5220395,28,Active,9,19,2013-10-31 13:40:05.414898,15970
5220396,29,Active,0,23,2013-10-31 13:40:05.419544,15970
5220397,30,Active,23,16,2013-10-31 13:40:05.423877,15970
5220398,31,Active,4,34,2013-10-31 13:40:05.428342,15970
5220399,32,Active,18,15,2013-10-31 13:40:05.43281,15970
5220400,33,Active,1,30,2013-10-31 13:40:05.437589,15970
5220401,34,Active,29,8,2013-10-31 13:40:05.442111,15970
5220402,35,Active,52,3,2013-10-31 13:40:05.446365,15970
5220403,36,Active,25,2,2013-10-31 13:40:05.450668,15970
5220404,37,Active,3,20,2013-10-31 13:40:05.455358,15970
5220405,38,Active,19,20,2013-10-31 13:40:05.459874,15970
5220406,39,Active,4,35,2013-10-31 13:40:05.467697,15970
5220407,40,Active,0,39,2013-10-31 13:40:05.472167,15970
5220408,41,Active,3,28,2013-10-31 13:40:05.477267,15970
5220409,42,Active,23,8,2013-10-31 13:40:05.481776,15970
5220410,43,Active,0,23,2013-10-31 13:40:05.486173,15970
5220411,44,Active,1,22,2013-10-31 13:40:05.490879,15970
5220412,45,Active,16,23,2013-10-31 13:40:05.495263,15970
5220413,46,Active,3,28,2013-10-31 13:40:05.499598,15970
5220414,47,Active,0,23,2013-10-31 13:40:05.503971,15970
5220415,48,Active,0,20,2013-10-31 13:40:05.508497,15970
5220416,49,Active,17,6,2013-10-31 13:40:05.513404,15970
5220417,50,Active,20,7,2013-10-31 13:40:05.518073,15970
5220418,51,Active,36,4,2013-10-31 13:40:05.522454,15970
5220419,52,Active,9,18,2013-10-31 13:40:05.526738,15970
5220420,53,Active,0,33,2013-10-31 13:40:05.531065,15970
5220421,54,Active,12,35,2013-10-31 13:40:05.535789,15970
5220422,55,Active,2,29,2013-10-31 13:40:05.540507,15970
5220423,56,Active,19,20,2013-10-31 13:40:05.567522,15970
5220424,57,Active,0,23,2013-10-31 13:40:05.573364,15970
5220425,58,Active,29,10,2013-10-31 13:40:05.578788,15970
5220426,59,Active,30,5,2013-10-31 13:40:05.584358,15970
5220427,60,Active,6,21,2013-10-31 13:40:05.593777,15970
5220428,61,Active,1,23,2013-10-31 13:40:05.599483,15970
5220429,62,Active,13,18,2013-10-31 13:40:05.605741,15970
5220430,63,Active,27,0,2013-10-31 13:40:05.613518,15970
5220431,64,Active,15,20,2013-10-31 13:40:05.622598,15970
5220432,65,Active,0,24,2013-10-31 13:40:05.629356,15970
5220433,66,Active,1,56,2013-10-31 13:40:05.635936,15970
5220434,67,Active,19,8,2013-10-31 13:40:05.64115,15970
5220435,68,Active,0,23,2013-10-31 13:40:05.647989,15970
5220436,69,Active,2,37,2013-10-31 13:40:05.653362,15970
5220437,70,Active,4,27,2013-10-31 13:40:05.659014,15970
5220438,71,Active,4,15,2013-10-31 13:40:05.665096,15970
5220439,72,Active,3,22,2013-10-31 13:40:05.67068,15970
5220440,73,Active,0,19,2013-10-31 13:40:05.675976,15970
5220441,74,Active,5,14,2013-10-31 13:40:05.681462,15970
5220442,75,Active,1,30,2013-10-31 13:40:05.686761,15970
5220443,76,Active,40,19,2013-10-31 13:40:05.692125,15970
5220444,77,Active,5,22,2013-10-31 13:40:05.697427,15970
5220445,78,Active,28,15,2013-10-31 13:40:05.702563,15970
5220446,79,Active,17,27,2013-10-31 13:40:05.7076,15970
5220447,80,Active,0,19,2013-10-31 13:40:05.713089,15970
5220448,81,Active,3,26,2013-10-31 13:40:05.71822,15970
5220449,82,Active,3,17,2013-10-31 13:40:05.723411,15970
5220450,83,Active,38,14,2013-10-31 13:40:05.728239,15970
5220451,84,Active,21,10,2013-10-31 13:40:05.733607,15970
5220452,85,Active,9,15,2013-10-31 13:40:05.738917,15970
5220453,86,Active,25,10,2013-10-31 13:40:05.748673,15970
5220454,87,Active,1,26,2013-10-31 13:40:05.754169,15970
5220455,88,Active,0,35,2013-10-31 13:40:05.759183,15970
5220456,89,Active,14,41,2013-10-31 13:40:05.76458,15970
5220457,90,Active,0,37,2013-10-31 13:40:05.770373,15970
5220458,91,Active,2,21,2013-10-31 13:40:05.776007,15970
5220459,92,Active,18,13,2013-10-31 13:40:05.781947,15970
5220460,93,Active,29,7,2013-10-31 13:40:05.787561,15970
5220461,94,Active,28,5,2013-10-31 13:40:05.793618,15970
5220462,95,Active,27,10,2013-10-31 13:40:05.802632,15970
5220463,96,Active,2,29,2013-10-31 13:40:05.808087,15970
5220464,97,Active,11,16,2013-10-31 13:40:05.813851,15970
5220465,98,Active,38,3,2013-10-31 13:40:05.819283,15970
5220466,99,Active,15,20,2013-10-31 13:40:05.824979,15970
5220467,100,Active,15,15,2013-10-31 13:40:05.830268,15970
5220468,101,Active,4,27,2013-10-31 13:40:05.835574,15970
5220469,102,Active,12,11,2013-10-31 13:40:05.841007,15970
5220470,103,Active,1,38,2013-10-31 13:40:05.846182,15970
5220471,104,Active,21,8,2013-10-31 13:40:05.851455,15970
5220472,105,Active,8,35,2013-10-31 13:40:05.856919,15970
5220473,106,Active,0,27,2013-10-31 13:40:05.864558,15970
5220474,107,Active,3,28,2013-10-31 13:40:05.870291,15970
5220475,108,Active,20,15,2013-10-31 13:40:05.875759,15970
5220476,109,Active,14,25,2013-10-31 13:40:05.880998,15970
5220477,110,Active,1,26,2013-10-31 13:40:05.886056,15970
5220478,111,Active,0,31,2013-10-31 13:40:05.890875,15970
5220479,112,Active,7,32,2013-10-31 13:40:05.919361,15970
5220480,113,Active,51,0,2013-10-31 13:40:05.926519,15970
5220481,114,Active,0,35,2013-10-31 13:40:05.932254,15970
5220482,115,Active,0,27,2013-10-31 13:40:05.937999,15970
5220483,116,Active,38,1,2013-10-31 13:40:05.943501,15970
5220484,117,Active,23,0,2013-10-31 13:40:05.95035,15970
5220485,118,Active,23,8,2013-10-31 13:40:05.956959,15970
5220486,119,Active,20,19,2013-10-31 13:40:05.963868,15970
5220487,120,Active,14,13,2013-10-31 13:40:05.970444,15970
5220488,121,Active,3,21,2013-10-31 13:40:05.982979,15970
5220489,122,Active,0,31,2013-10-31 13:40:05.988581,15970
5220490,123,Active,24,3,2013-10-31 13:40:05.994024,15970
5220491,124,Active,6,30,2013-10-31 13:40:05.999415,15970
5220492,125,Active,35,2,2013-10-31 13:40:06.006987,15970
5220493,126,Active,0,24,2013-10-31 13:40:06.017934,15970
5220494,127,Active,11,16,2013-10-31 13:40:06.024163,15970
5220495,128,Active,19,0,2013-10-31 13:40:06.035299,15970
5220496,129,Active,9,20,2013-10-31 13:40:06.040897,15970
5220497,130,Active,11,12,2013-10-31 13:40:06.046805,15970
5220498,131,Active,7,16,2013-10-31 13:40:06.052824,15970
5220499,132,Active,2,33,2013-10-31 13:40:06.058374,15970
5220500,133,Active,2,25,2013-10-31 13:40:06.064203,15970
5220501,134,Active,26,9,2013-10-31 13:40:06.069511,15970
5220502,135,Active,31,11,2013-10-31 13:40:06.075572,15970
5220503,136,Active,11,12,2013-10-31 13:40:06.080757,15970
5220504,137,Active,1,27,2013-10-31 13:40:06.08808,15970
5220505,138,Active,38,1,2013-10-31 13:40:06.093456,15970
5220506,139,Active,30,6,2013-10-31 13:40:06.099842,15970
5220507,140,Active,1,26,2013-10-31 13:40:06.105162,15970
5220508,141,Active,4,27,2013-10-31 13:40:06.110186,15970
5220509,142,Active,2,41,2013-10-31 13:40:06.115939,15970
5220510,143,Active,0,23,2013-10-31 13:40:06.125334,15970
5220511,144,Active,7,20,2013-10-31 13:40:06.130555,15970
5220512,145,Active,0,36,2013-10-31 13:40:06.136358,15970
5220513,146,Active,36,19,2013-10-31 13:40:06.142751,15970
5220514,147,Active,18,21,2013-10-31 13:40:06.147968,15970
5220515,148,Active,15,28,2013-10-31 13:40:06.15348,15970
5220516,149,Active,0,57,2013-10-31 13:40:06.15885,15970
5220517,150,Active,10,38,2013-10-31 13:40:06.164484,15970
5220518,151,Active,1,26,2013-10-31 13:40:06.17007,15970
5220519,152,Active,0,31,2013-10-31 13:40:06.175097,15970
5220520,153,Active,0,33,2013-10-31 13:40:06.180365,15970
5220521,154,Active,32,2,2013-10-31 13:40:06.185704,15970
5220522,155,Active,4,35,2013-10-31 13:40:06.190961,15970
5220523,156,Active,0,35,2013-10-31 13:40:06.196118,15970
5220524,157,Active,9,18,2013-10-31 13:40:06.229011,15970
5220525,158,Active,4,15,2013-10-31 13:40:06.234803,15970
5220526,159,Active,26,4,2013-10-31 13:40:06.24002,15970
5220527,160,Active,17,26,2013-10-31 13:40:06.245555,15970
5220528,161,Active,35,12,2013-10-31 13:40:06.251213,15970
5220529,162,Inactive,0,59,2013-10-31 13:40:06.256717,15970
5220530,163,Active,1,38,2013-10-31 13:40:06.26392,15970
5220531,164,Active,28,8,2013-10-31 13:40:06.269491,15970
5220532,165,Active,0,39,2013-10-31 13:40:06.274808,15970
5220533,166,Active,10,21,2013-10-31 13:40:06.281413,15970
5220534,167,Active,1,28,2013-10-31 13:40:06.286867,15970
5220535,168,Active,25,18,2013-10-31 13:40:06.315933,15970
5220536,169,Active,12,27,2013-10-31 13:40:06.323387,15970
5220537,170,Active,30,5,2013-10-31 13:40:06.330275,15970
5220538,171,Active,6,21,2013-10-31 13:40:06.33896,15970
5220539,172,Active,4,27,2013-10-31 13:40:06.34492,15970
5220540,173,Active,2,29,2013-10-31 13:40:06.350359,15970
5220541,174,Active,7,25,2013-10-31 13:40:06.356146,15970
5220542,175,Active,0,31,2013-10-31 13:40:06.362941,15970
5220543,176,Active,0,36,2013-10-31 13:40:06.369861,15970
5220544,177,Active,3,27,2013-10-31 13:40:06.375049,15970
5220545,178,Inactive,0,25,2013-10-31 13:40:06.382554,15970
5220546,179,Active,2,25,2013-10-31 13:40:06.389185,15970
5220547,180,Active,0,31,2013-10-31 13:40:06.395961,15970
5220548,181,Active,0,27,2013-10-31 13:40:06.401888,15970
5220549,182,Active,5,10,2013-10-31 13:40:06.408422,15970
5220550,183,Active,0,41,2013-10-31 13:40:06.414013,15970
5220551,184,Active,33,9,2013-10-31 13:40:06.419371,15970
5220552,185,Active,12,19,2013-10-31 13:40:06.425404,15970
5220553,186,Active,33,6,2013-10-31 13:40:06.430768,15970
5220554,187,Active,19,21,2013-10-31 13:40:06.436057,15970
5220555,188,Active,11,23,2013-10-31 13:40:06.444655,15970
5220556,189,Active,0,43,2013-10-31 13:40:06.449859,15970
5220557,190,Active,2,21,2013-10-31 13:40:06.455029,15970
5220558,191,Active,5,14,2013-10-31 13:40:06.460009,15970
5220559,192,Active,3,32,2013-10-31 13:40:06.465503,15970
5220560,193,Active,0,23,2013-10-31 13:40:06.470827,15970
5220561,194,Active,17,12,2013-10-31 13:40:06.476036,15970
5220562,195,Active,10,14,2013-10-31 13:40:06.482127,15970
5220563,196,Active,38,4,2013-10-31 13:40:06.487444,15970
5220564,197,Active,0,31,2013-10-31 13:40:06.492598,15970
5220565,198,Active,4,43,2013-10-31 13:40:06.497855,15970
5220566,199,Active,14,9,2013-10-31 13:40:06.502903,15970
5220567,200,Active,0,23,2013-10-31 13:40:06.508324,15970
5220568,201,Active,0,23,2013-10-31 13:40:06.513806,15970
5220569,202,Active,3,16,2013-10-31 13:40:06.5204,15970
5220570,203,Active,4,46,2013-10-31 13:40:06.525537,15970
5220571,204,Active,0,39,2013-10-31 13:40:06.530752,15970
5220572,205,Active,25,6,2013-10-31 13:40:06.535982,15970
5220573,206,Active,31,28,2013-10-31 13:40:06.541489,15970
5220574,207,Active,0,31,2013-10-31 13:40:06.546707,15970
5220575,208,Active,22,5,2013-10-31 13:40:06.555804,15970
5220576,209,Active,3,27,2013-10-31 13:40:06.561221,15970
5220577,210,Active,0,31,2013-10-31 13:40:06.566599,15970
5220578,211,Active,0,39,2013-10-31 13:40:06.571989,15970
5220579,212,Active,4,23,2013-10-31 13:40:06.579314,15970
5220580,213,Active,41,6,2013-10-31 13:40:06.584592,15970
5220581,214,Active,1,26,2013-10-31 13:40:06.590332,15970
5220582,215,Active,8,19,2013-10-31 13:40:06.59674,15970
5220583,216,Active,0,27,2013-10-31 13:40:06.602436,15970
5220584,217,Active,0,39,2013-10-31 13:40:06.607976,15970
5220585,218,Active,25,7,2013-10-31 13:40:06.613681,15970
5220586,219,Active,1,34,2013-10-31 13:40:06.621863,15970
5220587,220,Active,3,48,2013-10-31 13:40:06.627578,15970
5220588,221,Active,7,16,2013-10-31 13:40:06.632748,15970
5220589,222,Active,41,11,2013-10-31 13:40:06.638437,15970
5220590,223,Active,1,35,2013-10-31 13:40:06.644132,15970
5220591,224,Active,4,35,2013-10-31 13:40:06.672158,15970
5220592,225,Active,2,29,2013-10-31 13:40:06.67933,15970
5220593,226,Active,5,26,2013-10-31 13:40:06.684833,15970
5220594,227,Active,0,31,2013-10-31 13:40:06.690489,15970
5220595,228,Active,8,51,2013-10-31 13:40:06.695803,15970
5220596,229,Active,0,39,2013-10-31 13:40:06.703055,15970
5220597,230,Active,1,34,2013-10-31 13:40:06.708246,15970
5220598,231,Active,21,18,2013-10-31 13:40:06.718825,15970
5220599,232,Active,22,13,2013-10-31 13:40:06.72624,15970
5220600,233,Active,7,52,2013-10-31 13:40:06.733612,15970
5220601,234,Active,11,20,2013-10-31 13:40:06.740513,15970
5220602,235,Active,10,11,2013-10-31 13:40:06.748417,15970
5220603,236,Active,12,11,2013-10-31 13:40:06.757127,15970
5220604,237,Inactive,0,39,2013-10-31 13:40:06.763022,15970
5220605,238,Active,13,34,2013-10-31 13:40:06.768677,15970
5220606,239,Active,22,3,2013-10-31 13:40:06.774484,15970
5220607,240,Active,11,48,2013-10-31 13:40:06.780005,15970
5220608,241,Active,5,34,2013-10-31 13:40:06.785373,15970
5220609,242,Active,13,22,2013-10-31 13:40:06.790996,15970
5220610,243,Active,15,19,2013-10-31 13:40:06.797339,15970
5220611,244,Active,3,56,2013-10-31 13:40:06.803307,15970
5220612,245,Active,1,56,2013-10-31 13:40:06.808563,15970
5220613,246,Active,0,37,2013-10-31 13:40:06.813855,15970
5220614,247,Active,19,8,2013-10-31 13:40:06.819329,15970
5220615,248,Active,11,30,2013-10-31 13:40:06.824788,15970
5220616,249,Active,1,41,2013-10-31 13:40:06.830374,15970
5220617,250,Active,21,26,2013-10-31 13:40:06.835768,15970
5220618,251,Active,15,22,2013-10-31 13:40:06.841425,15970
5220619,252,Inactive,0,44,2013-10-31 13:40:06.846911,15970
5220620,253,Active,0,59,2013-10-31 13:40:06.854775,15970
5220621,254,Active,0,24,2013-10-31 13:40:06.861087,15970
5220622,255,Active,0,31,2013-10-31 13:40:06.866727,15970
5220623,256,Active,0,27,2013-10-31 13:40:06.872486,15970
5220624,257,Active,18,7,2013-10-31 13:40:06.877748,15970
5220625,258,Active,2,37,2013-10-31 13:40:06.883026,15970
5220626,259,Active,0,35,2013-10-31 13:40:06.888627,15970
5220627,260,Active,40,4,2013-10-31 13:40:06.894058,15970
5220628,261,Active,17,22,2013-10-31 13:40:06.899398,15970
5220629,262,Active,1,38,2013-10-31 13:40:06.904543,15970
5220630,263,Active,0,36,2013-10-31 13:40:06.909672,15970
5220631,264,Active,2,39,2013-10-31 13:40:06.914776,15970
5220632,265,Active,22,15,2013-10-31 13:40:06.920383,15970
5220633,266,Active,9,50,2013-10-31 13:40:06.925871,15970
5220634,267,Active,49,4,2013-10-31 13:40:06.931528,15970
5220635,268,Active,2,47,2013-10-31 13:40:06.936868,15970
5220636,269,Active,20,14,2013-10-31 13:40:06.942222,15970
5220637,270,Active,1,34,2013-10-31 13:40:06.948546,15970
5220638,271,Active,1,24,2013-10-31 13:40:06.953989,15970
5220639,272,Inactive,0,35,2013-10-31 13:40:06.959847,15970
5220640,273,Active,56,3,2013-10-31 13:40:06.96564,15970
5220641,274,Active,0,30,2013-10-31 13:40:06.971553,15970
5220642,275,Active,4,32,2013-10-31 13:40:06.980872,15970
5220643,276,Active,19,33,2013-10-31 13:40:06.986771,15970
5220644,277,Active,9,34,2013-10-31 13:40:06.992907,15970
5220645,330,Active,1,29,2013-10-31 13:40:06.998773,15970
5220646,278,Inactive,0,27,2013-10-31 13:40:07.004603,15970
5220647,279,Active,1,44,2013-10-31 13:40:07.03362,15970
5220648,280,Active,0,36,2013-10-31 13:40:07.039441,15970
5220649,281,Active,13,34,2013-10-31 13:40:07.045277,15970
5220650,282,Active,15,9,2013-10-31 13:40:07.051762,15970
5220651,283,Active,0,36,2013-10-31 13:40:07.060505,15970
5220652,284,Active,49,2,2013-10-31 13:40:07.066132,15970
5220653,285,Active,0,33,2013-10-31 13:40:07.072899,15970
5220654,286,Active,2,25,2013-10-31 13:40:07.080049,15970
5220655,287,Active,2,25,2013-10-31 13:40:07.085583,15970
5220656,288,Active,36,17,2013-10-31 13:40:07.092913,15970
5220657,289,Active,0,35,2013-10-31 13:40:07.101475,15970
5220658,290,Active,10,21,2013-10-31 13:40:07.10834,15970
5220659,291,Active,6,53,2013-10-31 13:40:07.115892,15970
5220660,292,Active,6,33,2013-10-31 13:40:07.120918,15970
5220661,293,Active,0,61,2013-10-31 13:40:07.12622,15970
5220662,294,Active,38,1,2013-10-31 13:40:07.131954,15970
5220663,295,Active,1,66,2013-10-31 13:40:07.137288,15970
5220664,296,Active,43,8,2013-10-31 13:40:07.142853,15970
5220665,297,Active,5,46,2013-10-31 13:40:07.152411,15970
5220666,298,Active,39,18,2013-10-31 13:40:07.157867,15970
5220667,299,Active,35,4,2013-10-31 13:40:07.163691,15970
5220668,300,Active,4,39,2013-10-31 13:40:07.172399,15970
5220669,301,Inactive,0,7,2013-10-31 13:40:07.177923,15970
5220670,302,Active,6,33,2013-10-31 13:40:07.183349,15970
5220671,303,Active,0,41,2013-10-31 13:40:07.189381,15970
5220672,305,Active,1,38,2013-10-31 13:40:07.194941,15970
5220673,306,Active,19,24,2013-10-31 13:40:07.200574,15970
5220674,307,Active,3,47,2013-10-31 13:40:07.205666,15970
5220675,308,Active,8,23,2013-10-31 13:40:07.211013,15970
5220676,309,Active,25,4,2013-10-31 13:40:07.216106,15970
5220677,310,Active,25,14,2013-10-31 13:40:07.221385,15970
5220678,311,Active,37,2,2013-10-31 13:40:07.226693,15970
5220679,312,Active,26,5,2013-10-31 13:40:07.233396,15970
5220680,313,Active,10,29,2013-10-31 13:40:07.238678,15970
5220681,314,Active,0,27,2013-10-31 13:40:07.244191,15970
5220682,315,Active,14,24,2013-10-31 13:40:07.249822,15970
5220683,316,Active,15,15,2013-10-31 13:40:07.25529,15970
5220684,317,Active,5,10,2013-10-31 13:40:07.260652,15970
5220685,318,Active,19,8,2013-10-31 13:40:07.266084,15970
5220686,319,Active,0,30,2013-10-31 13:40:07.271768,15970
5220687,320,Active,2,34,2013-10-31 13:40:07.277221,15970
5220688,321,Active,5,7,2013-10-31 13:40:07.282852,15970
5220689,322,Active,5,44,2013-10-31 13:40:07.288026,15970
5220690,332,Active,10,14,2013-10-31 13:40:07.29527,15970
5220691,327,Active,9,26,2013-10-31 13:40:07.305497,15970
5220692,328,Active,29,10,2013-10-31 13:40:07.310886,15970
5220693,331,Active,25,11,2013-10-31 13:40:07.316051,15970
5220694,323,Active,5,34,2013-10-31 13:40:07.322192,15970
5220695,324,Active,1,42,2013-10-31 13:40:07.327523,15970
5220696,329,Active,6,27,2013-10-31 13:40:07.333063,15970
5220697,325,Active,18,18,2013-10-31 13:40:07.340376,15970
5220698,326,Active,19,6,2013-10-31 13:40:07.345586,15970
5220699,1,Active,10,29,2013-10-31 13:50:05.313305,15971
5220700,2,Active,17,16,2013-10-31 13:50:05.322679,15971
5220701,3,Active,10,16,2013-10-31 13:50:05.329025,15971
5220702,4,Active,1,61,2013-10-31 13:50:05.336412,15971
5220703,5,Active,16,23,2013-10-31 13:50:05.341189,15971
5220704,6,Active,5,14,2013-10-31 13:50:05.346057,15971
5220705,7,Active,0,19,2013-10-31 13:50:05.350596,15971
5220706,8,Active,1,30,2013-10-31 13:50:05.355156,15971
5220707,9,Active,29,1,2013-10-31 13:50:05.360065,15971
5220708,10,Active,41,5,2013-10-31 13:50:05.364727,15971
5220709,11,Active,0,24,2013-10-31 13:50:05.369514,15971
5220710,12,Active,6,13,2013-10-31 13:50:05.374758,15971
5220711,13,Active,3,36,2013-10-31 13:50:05.37953,15971
5220712,14,Active,29,4,2013-10-31 13:50:05.383869,15971
5220713,15,Active,0,31,2013-10-31 13:50:05.388583,15971
5220714,16,Active,14,19,2013-10-31 13:50:05.393668,15971
5220715,17,Active,8,21,2013-10-31 13:50:05.398725,15971
5220716,18,Active,29,26,2013-10-31 13:50:05.403702,15971
5220717,19,Active,0,23,2013-10-31 13:50:05.408107,15971
5220718,20,Active,0,26,2013-10-31 13:50:05.417,15971
5220719,21,Active,14,21,2013-10-31 13:50:05.422704,15971
5220720,22,Active,11,36,2013-10-31 13:50:05.427425,15971
5220721,23,Active,23,22,2013-10-31 13:50:05.43179,15971
5220722,24,Active,27,20,2013-10-31 13:50:05.436359,15971
5220723,25,Active,30,21,2013-10-31 13:50:05.440925,15971
5220724,26,Active,0,30,2013-10-31 13:50:05.44581,15971
5220725,27,Active,38,7,2013-10-31 13:50:05.450383,15971
5220726,28,Active,15,13,2013-10-31 13:50:05.45494,15971
5220727,29,Active,0,23,2013-10-31 13:50:05.460437,15971
5220728,30,Active,22,17,2013-10-31 13:50:05.466022,15971
5220729,31,Active,3,35,2013-10-31 13:50:05.47244,15971
5220730,32,Active,16,17,2013-10-31 13:50:05.479599,15971
5220731,33,Active,1,30,2013-10-31 13:50:05.484201,15971
5220732,34,Active,29,8,2013-10-31 13:50:05.489098,15971
5220733,35,Active,51,4,2013-10-31 13:50:05.49433,15971
5220734,36,Active,23,4,2013-10-31 13:50:05.498732,15971
5220735,37,Active,2,21,2013-10-31 13:50:05.503364,15971
5220736,38,Active,18,21,2013-10-31 13:50:05.507984,15971
5220737,39,Active,2,37,2013-10-31 13:50:05.512386,15971
5220738,40,Active,0,39,2013-10-31 13:50:05.519058,15971
5220739,41,Active,3,28,2013-10-31 13:50:05.523364,15971
5220740,42,Active,25,6,2013-10-31 13:50:05.529916,15971
5220741,43,Active,0,23,2013-10-31 13:50:05.534594,15971
5220742,44,Active,1,22,2013-10-31 13:50:05.539262,15971
5220743,45,Active,15,24,2013-10-31 13:50:05.54433,15971
5220744,46,Active,2,29,2013-10-31 13:50:05.548808,15971
5220745,47,Active,0,23,2013-10-31 13:50:05.553967,15971
5220746,48,Active,0,20,2013-10-31 13:50:05.55934,15971
5220747,49,Active,18,5,2013-10-31 13:50:05.564093,15971
5220748,50,Active,20,7,2013-10-31 13:50:05.569414,15971
5220749,51,Active,37,3,2013-10-31 13:50:05.573885,15971
5220750,52,Active,10,17,2013-10-31 13:50:05.580293,15971
5220751,53,Active,0,33,2013-10-31 13:50:05.5849,15971
5220752,54,Active,8,39,2013-10-31 13:50:05.589908,15971
5220753,55,Active,2,29,2013-10-31 13:50:05.594578,15971
5220754,56,Active,22,17,2013-10-31 13:50:05.622908,15971
5220755,57,Active,0,23,2013-10-31 13:50:05.628359,15971
5220756,58,Active,31,8,2013-10-31 13:50:05.634509,15971
5220757,59,Active,31,4,2013-10-31 13:50:05.639942,15971
5220758,60,Active,3,24,2013-10-31 13:50:05.645612,15971
5220759,61,Active,1,23,2013-10-31 13:50:05.652792,15971
5220760,62,Active,13,18,2013-10-31 13:50:05.659388,15971
5220761,63,Active,27,0,2013-10-31 13:50:05.668142,15971
5220762,64,Active,12,23,2013-10-31 13:50:05.674008,15971
5220763,65,Active,0,24,2013-10-31 13:50:05.679762,15971
5220764,66,Active,1,56,2013-10-31 13:50:05.685144,15971
5220765,67,Active,25,2,2013-10-31 13:50:05.695789,15971
5220766,68,Active,0,23,2013-10-31 13:50:05.70233,15971
5220767,69,Active,3,36,2013-10-31 13:50:05.708081,15971
5220768,70,Active,4,27,2013-10-31 13:50:05.713666,15971
5220769,71,Active,4,15,2013-10-31 13:50:05.725241,15971
5220770,72,Active,2,23,2013-10-31 13:50:05.731356,15971
5220771,73,Active,0,19,2013-10-31 13:50:05.736796,15971
5220772,74,Active,5,14,2013-10-31 13:50:05.74197,15971
5220773,75,Active,0,31,2013-10-31 13:50:05.747003,15971
5220774,76,Active,44,15,2013-10-31 13:50:05.752106,15971
5220775,77,Active,5,22,2013-10-31 13:50:05.757345,15971
5220776,78,Active,23,20,2013-10-31 13:50:05.762616,15971
5220777,79,Active,16,28,2013-10-31 13:50:05.767857,15971
5220778,80,Active,0,19,2013-10-31 13:50:05.773165,15971
5220779,81,Active,2,27,2013-10-31 13:50:05.77826,15971
5220780,82,Active,3,17,2013-10-31 13:50:05.783319,15971
5220781,83,Active,41,11,2013-10-31 13:50:05.788367,15971
5220782,84,Active,23,8,2013-10-31 13:50:05.793615,15971
5220783,85,Active,8,16,2013-10-31 13:50:05.798743,15971
5220784,86,Active,25,10,2013-10-31 13:50:05.804221,15971
5220785,87,Active,3,24,2013-10-31 13:50:05.809569,15971
5220786,88,Active,1,34,2013-10-31 13:50:05.815014,15971
5220787,89,Active,14,41,2013-10-31 13:50:05.821659,15971
5220788,90,Active,1,36,2013-10-31 13:50:05.827304,15971
5220789,91,Active,0,23,2013-10-31 13:50:05.8325,15971
5220790,92,Active,19,12,2013-10-31 13:50:05.841949,15971
5220791,93,Active,30,6,2013-10-31 13:50:05.846996,15971
5220792,94,Active,26,7,2013-10-31 13:50:05.852118,15971
5220793,95,Active,29,8,2013-10-31 13:50:05.857128,15971
5220794,96,Active,0,31,2013-10-31 13:50:05.862445,15971
5220795,97,Active,10,17,2013-10-31 13:50:05.868503,15971
5220796,98,Active,38,3,2013-10-31 13:50:05.874032,15971
5220797,99,Active,15,20,2013-10-31 13:50:05.879371,15971
5220798,100,Active,13,17,2013-10-31 13:50:05.886275,15971
5220799,101,Active,2,29,2013-10-31 13:50:05.891597,15971
5220800,102,Active,11,12,2013-10-31 13:50:05.898461,15971
5220801,103,Active,0,39,2013-10-31 13:50:05.903658,15971
5220802,104,Active,24,5,2013-10-31 13:50:05.910501,15971
5220803,105,Active,9,34,2013-10-31 13:50:05.915957,15971
5220804,106,Active,0,27,2013-10-31 13:50:05.921158,15971
5220805,107,Active,1,30,2013-10-31 13:50:05.926744,15971
5220806,108,Active,24,11,2013-10-31 13:50:05.932552,15971
5220807,109,Active,13,26,2013-10-31 13:50:05.940359,15971
5220808,110,Active,2,25,2013-10-31 13:50:05.946641,15971
5220809,111,Active,1,30,2013-10-31 13:50:05.951853,15971
5220810,112,Active,8,31,2013-10-31 13:50:05.980139,15971
5220811,113,Active,51,0,2013-10-31 13:50:05.986952,15971
5220812,114,Active,0,35,2013-10-31 13:50:05.993187,15971
5220813,115,Active,0,27,2013-10-31 13:50:05.9988,15971
5220814,116,Active,36,3,2013-10-31 13:50:06.003999,15971
5220815,117,Active,23,0,2013-10-31 13:50:06.015663,15971
5220816,118,Active,26,5,2013-10-31 13:50:06.029532,15971
5220817,119,Active,21,18,2013-10-31 13:50:06.036014,15971
5220818,120,Active,13,14,2013-10-31 13:50:06.04209,15971
5220819,121,Active,2,22,2013-10-31 13:50:06.047443,15971
5220820,122,Active,2,29,2013-10-31 13:50:06.055551,15971
5220821,123,Active,24,3,2013-10-31 13:50:06.060923,15971
5220822,124,Active,7,29,2013-10-31 13:50:06.067401,15971
5220823,125,Active,37,0,2013-10-31 13:50:06.072773,15971
5220824,126,Active,0,24,2013-10-31 13:50:06.078601,15971
5220825,127,Active,11,16,2013-10-31 13:50:06.08388,15971
5220826,128,Active,16,3,2013-10-31 13:50:06.088738,15971
5220827,129,Active,8,21,2013-10-31 13:50:06.094324,15971
5220828,130,Active,10,13,2013-10-31 13:50:06.099658,15971
5220829,131,Active,7,16,2013-10-31 13:50:06.105107,15971
5220830,132,Active,5,30,2013-10-31 13:50:06.110646,15971
5220831,133,Active,0,27,2013-10-31 13:50:06.115608,15971
5220832,134,Active,28,7,2013-10-31 13:50:06.121004,15971
5220833,135,Active,35,7,2013-10-31 13:50:06.126188,15971
5220834,136,Active,10,13,2013-10-31 13:50:06.132418,15971
5220835,137,Active,0,28,2013-10-31 13:50:06.137849,15971
5220836,138,Active,38,1,2013-10-31 13:50:06.14319,15971
5220837,139,Active,31,5,2013-10-31 13:50:06.148326,15971
5220838,140,Active,1,26,2013-10-31 13:50:06.153526,15971
5220839,141,Active,3,28,2013-10-31 13:50:06.159557,15971
5220840,142,Active,2,41,2013-10-31 13:50:06.164865,15971
5220841,143,Active,0,23,2013-10-31 13:50:06.170102,15971
5220842,144,Active,4,23,2013-10-31 13:50:06.175393,15971
5220843,145,Active,0,36,2013-10-31 13:50:06.180667,15971
5220844,146,Active,37,18,2013-10-31 13:50:06.186289,15971
5220845,147,Active,17,22,2013-10-31 13:50:06.191898,15971
5220846,148,Active,12,31,2013-10-31 13:50:06.197208,15971
5220847,149,Active,0,57,2013-10-31 13:50:06.202938,15971
5220848,150,Active,8,40,2013-10-31 13:50:06.208832,15971
5220849,151,Active,1,26,2013-10-31 13:50:06.214274,15971
5220850,152,Active,0,31,2013-10-31 13:50:06.220331,15971
5220851,153,Active,0,33,2013-10-31 13:50:06.22614,15971
5220852,154,Active,33,1,2013-10-31 13:50:06.231341,15971
5220853,155,Active,6,33,2013-10-31 13:50:06.236921,15971
5220854,156,Active,0,35,2013-10-31 13:50:06.242262,15971
5220855,157,Active,9,18,2013-10-31 13:50:06.24759,15971
5220856,158,Active,5,14,2013-10-31 13:50:06.252583,15971
5220857,159,Active,25,5,2013-10-31 13:50:06.259178,15971
5220858,160,Active,18,25,2013-10-31 13:50:06.264475,15971
5220859,161,Active,39,8,2013-10-31 13:50:06.270796,15971
5220860,162,Inactive,0,59,2013-10-31 13:50:06.276425,15971
5220861,163,Active,0,39,2013-10-31 13:50:06.282243,15971
5220862,164,Active,31,5,2013-10-31 13:50:06.289585,15971
5220863,165,Active,0,39,2013-10-31 13:50:06.294955,15971
5220864,166,Active,9,22,2013-10-31 13:50:06.301772,15971
5220865,167,Active,0,29,2013-10-31 13:50:06.307663,15971
5220866,168,Active,25,18,2013-10-31 13:50:06.33682,15971
5220867,169,Active,11,28,2013-10-31 13:50:06.34368,15971
5220868,170,Active,29,6,2013-10-31 13:50:06.349028,15971
5220869,171,Active,6,21,2013-10-31 13:50:06.354243,15971
5220870,172,Active,5,26,2013-10-31 13:50:06.359901,15971
5220871,173,Active,1,30,2013-10-31 13:50:06.367305,15971
5220872,174,Active,8,24,2013-10-31 13:50:06.373018,15971
5220873,175,Active,0,31,2013-10-31 13:50:06.379802,15971
5220874,176,Active,0,36,2013-10-31 13:50:06.386568,15971
5220875,177,Active,3,27,2013-10-31 13:50:06.393899,15971
5220876,178,Inactive,0,25,2013-10-31 13:50:06.400719,15971
5220877,179,Active,3,24,2013-10-31 13:50:06.407849,15971
5220878,180,Active,0,31,2013-10-31 13:50:06.414085,15971
5220879,181,Active,0,27,2013-10-31 13:50:06.419545,15971
5220880,182,Active,2,13,2013-10-31 13:50:06.424865,15971
5220881,183,Active,2,39,2013-10-31 13:50:06.430033,15971
5220882,184,Active,32,10,2013-10-31 13:50:06.435654,15971
5220883,185,Active,8,23,2013-10-31 13:50:06.440806,15971
5220884,186,Active,29,10,2013-10-31 13:50:06.446107,15971
5220885,187,Active,15,25,2013-10-31 13:50:06.451369,15971
5220886,188,Active,11,23,2013-10-31 13:50:06.456827,15971
5220887,189,Active,0,43,2013-10-31 13:50:06.462017,15971
5220888,190,Active,2,21,2013-10-31 13:50:06.467469,15971
5220889,191,Active,5,14,2013-10-31 13:50:06.473253,15971
5220890,192,Active,3,32,2013-10-31 13:50:06.478702,15971
5220891,193,Active,0,23,2013-10-31 13:50:06.483987,15971
5220892,194,Active,18,11,2013-10-31 13:50:06.489258,15971
5220893,195,Active,12,12,2013-10-31 13:50:06.495226,15971
5220894,196,Active,39,3,2013-10-31 13:50:06.500177,15971
5220895,197,Active,0,31,2013-10-31 13:50:06.505652,15971
5220896,198,Active,1,46,2013-10-31 13:50:06.511155,15971
5220897,199,Active,16,7,2013-10-31 13:50:06.516398,15971
5220898,200,Active,0,23,2013-10-31 13:50:06.522754,15971
5220899,201,Active,0,23,2013-10-31 13:50:06.527924,15971
5220900,202,Active,3,16,2013-10-31 13:50:06.533448,15971
5220901,203,Active,6,44,2013-10-31 13:50:06.538837,15971
5220902,204,Active,0,39,2013-10-31 13:50:06.544216,15971
5220903,205,Active,23,8,2013-10-31 13:50:06.549755,15971
5220904,206,Active,34,25,2013-10-31 13:50:06.555045,15971
5220905,207,Active,0,31,2013-10-31 13:50:06.560277,15971
5220906,208,Active,23,4,2013-10-31 13:50:06.565686,15971
5220907,209,Active,4,26,2013-10-31 13:50:06.570836,15971
5220908,210,Active,0,31,2013-10-31 13:50:06.575996,15971
5220909,211,Active,0,39,2013-10-31 13:50:06.581246,15971
5220910,212,Active,4,23,2013-10-31 13:50:06.586533,15971
5220911,213,Active,41,6,2013-10-31 13:50:06.593277,15971
5220912,214,Active,1,26,2013-10-31 13:50:06.598828,15971
5220913,215,Active,5,22,2013-10-31 13:50:06.605079,15971
5220914,216,Active,0,27,2013-10-31 13:50:06.610444,15971
5220915,217,Active,0,39,2013-10-31 13:50:06.615735,15971
5220916,218,Active,24,8,2013-10-31 13:50:06.621124,15971
5220917,219,Active,1,34,2013-10-31 13:50:06.627129,15971
5220918,220,Active,5,46,2013-10-31 13:50:06.632316,15971
5220919,221,Active,7,16,2013-10-31 13:50:06.637473,15971
5220920,222,Active,46,6,2013-10-31 13:50:06.643018,15971
5220921,223,Active,0,36,2013-10-31 13:50:06.648606,15971
5220922,224,Active,5,34,2013-10-31 13:50:06.677626,15971
5220923,225,Active,0,31,2013-10-31 13:50:06.683643,15971
5220924,226,Active,1,30,2013-10-31 13:50:06.690525,15971
5220925,227,Active,0,31,2013-10-31 13:50:06.696884,15971
5220926,228,Active,6,53,2013-10-31 13:50:06.70204,15971
5220927,229,Active,1,38,2013-10-31 13:50:06.70731,15971
5220928,230,Active,1,34,2013-10-31 13:50:06.713101,15971
5220929,231,Active,22,17,2013-10-31 13:50:06.718479,15971
5220930,232,Active,24,11,2013-10-31 13:50:06.724205,15971
5220931,233,Active,5,54,2013-10-31 13:50:06.72992,15971
5220932,234,Active,10,21,2013-10-31 13:50:06.735517,15971
5220933,235,Active,10,11,2013-10-31 13:50:06.744046,15971
5220934,236,Active,11,12,2013-10-31 13:50:06.749369,15971
5220935,237,Inactive,0,39,2013-10-31 13:50:06.758566,15971
5220936,238,Active,12,35,2013-10-31 13:50:06.764007,15971
5220937,239,Active,23,2,2013-10-31 13:50:06.77451,15971
5220938,240,Active,11,48,2013-10-31 13:50:06.77942,15971
5220939,241,Active,5,34,2013-10-31 13:50:06.784551,15971
5220940,242,Active,19,16,2013-10-31 13:50:06.789653,15971
5220941,243,Active,15,19,2013-10-31 13:50:06.795321,15971
5220942,244,Active,4,55,2013-10-31 13:50:06.800413,15971
5220943,245,Active,2,55,2013-10-31 13:50:06.805876,15971
5220944,246,Active,1,36,2013-10-31 13:50:06.811103,15971
5220945,247,Active,20,7,2013-10-31 13:50:06.816805,15971
5220946,248,Active,11,30,2013-10-31 13:50:06.82214,15971
5220947,249,Active,0,42,2013-10-31 13:50:06.827548,15971
5220948,250,Active,26,21,2013-10-31 13:50:06.832682,15971
5220949,251,Active,15,22,2013-10-31 13:50:06.8378,15971
5220950,252,Inactive,0,44,2013-10-31 13:50:06.843088,15971
5220951,253,Active,1,58,2013-10-31 13:50:06.848671,15971
5220952,254,Active,0,24,2013-10-31 13:50:06.854536,15971
5220953,255,Active,0,31,2013-10-31 13:50:06.860052,15971
5220954,256,Active,0,27,2013-10-31 13:50:06.865707,15971
5220955,257,Active,18,7,2013-10-31 13:50:06.871286,15971
5220956,258,Active,0,39,2013-10-31 13:50:06.877597,15971
5220957,259,Active,1,34,2013-10-31 13:50:06.883535,15971
5220958,260,Active,40,4,2013-10-31 13:50:06.889202,15971
5220959,261,Active,18,21,2013-10-31 13:50:06.894597,15971
5220960,262,Active,1,38,2013-10-31 13:50:06.899996,15971
5220961,263,Active,0,36,2013-10-31 13:50:06.905578,15971
5220962,264,Active,1,40,2013-10-31 13:50:06.91102,15971
5220963,265,Active,33,4,2013-10-31 13:50:06.9165,15971
5220964,266,Active,9,50,2013-10-31 13:50:06.921962,15971
5220965,267,Active,50,3,2013-10-31 13:50:06.927643,15971
5220966,268,Active,0,49,2013-10-31 13:50:06.934515,15971
5220967,269,Active,21,13,2013-10-31 13:50:06.940405,15971
5220968,270,Active,3,32,2013-10-31 13:50:06.946043,15971
5220969,271,Active,1,24,2013-10-31 13:50:06.9516,15971
5220970,272,Inactive,0,35,2013-10-31 13:50:06.957468,15971
5220971,273,Active,55,4,2013-10-31 13:50:06.963439,15971
5220972,274,Active,0,30,2013-10-31 13:50:06.969103,15971
5220973,275,Active,1,35,2013-10-31 13:50:06.974471,15971
5220974,276,Active,25,27,2013-10-31 13:50:06.980377,15971
5220975,277,Active,8,35,2013-10-31 13:50:06.985854,15971
5220976,330,Active,1,29,2013-10-31 13:50:06.991673,15971
5220977,278,Inactive,0,27,2013-10-31 13:50:06.998039,15971
5220978,279,Active,0,45,2013-10-31 13:50:07.029054,15971
5220979,280,Active,3,33,2013-10-31 13:50:07.035187,15971
5220980,281,Active,10,37,2013-10-31 13:50:07.041442,15971
5220981,282,Active,17,7,2013-10-31 13:50:07.047378,15971
5220982,283,Active,0,36,2013-10-31 13:50:07.052771,15971
5220983,284,Active,49,2,2013-10-31 13:50:07.058585,15971
5220984,285,Active,0,33,2013-10-31 13:50:07.064697,15971
5220985,286,Active,3,24,2013-10-31 13:50:07.070917,15971
5220986,287,Active,0,27,2013-10-31 13:50:07.076532,15971
5220987,288,Active,36,17,2013-10-31 13:50:07.082003,15971
5220988,289,Active,0,35,2013-10-31 13:50:07.088231,15971
5220989,290,Active,10,21,2013-10-31 13:50:07.094396,15971
5220990,291,Active,5,54,2013-10-31 13:50:07.100434,15971
5220991,292,Active,8,31,2013-10-31 13:50:07.106549,15971
5220992,293,Active,11,50,2013-10-31 13:50:07.112906,15971
5220993,294,Active,37,2,2013-10-31 13:50:07.119134,15971
5220994,295,Active,8,59,2013-10-31 13:50:07.126515,15971
5220995,296,Active,44,7,2013-10-31 13:50:07.13196,15971
5220996,297,Active,2,49,2013-10-31 13:50:07.138026,15971
5220997,298,Active,41,16,2013-10-31 13:50:07.143923,15971
5220998,299,Active,35,4,2013-10-31 13:50:07.151753,15971
5220999,300,Active,5,38,2013-10-31 13:50:07.157771,15971
5221000,301,Inactive,0,7,2013-10-31 13:50:07.164668,15971
5221001,302,Active,6,33,2013-10-31 13:50:07.170832,15971
5221002,303,Active,4,37,2013-10-31 13:50:07.176542,15971
5221003,305,Active,0,39,2013-10-31 13:50:07.182405,15971
5221004,306,Active,20,23,2013-10-31 13:50:07.191253,15971
5221005,307,Active,2,48,2013-10-31 13:50:07.199048,15971
5221006,308,Active,9,22,2013-10-31 13:50:07.204432,15971
5221007,309,Active,25,4,2013-10-31 13:50:07.210163,15971
5221008,310,Active,27,12,2013-10-31 13:50:07.215603,15971
5221009,311,Active,35,4,2013-10-31 13:50:07.221573,15971
5221010,312,Active,25,6,2013-10-31 13:50:07.227368,15971
5221011,313,Active,10,29,2013-10-31 13:50:07.232671,15971
5221012,314,Active,0,27,2013-10-31 13:50:07.238307,15971
5221013,315,Active,14,24,2013-10-31 13:50:07.244284,15971
5221014,316,Active,15,15,2013-10-31 13:50:07.249972,15971
5221015,317,Active,6,9,2013-10-31 13:50:07.255659,15971
5221016,318,Active,19,8,2013-10-31 13:50:07.261282,15971
5221017,319,Active,0,30,2013-10-31 13:50:07.267485,15971
5221018,320,Active,2,34,2013-10-31 13:50:07.273347,15971
5221019,321,Active,5,7,2013-10-31 13:50:07.27898,15971
5221020,322,Active,6,43,2013-10-31 13:50:07.284178,15971
5221021,332,Active,9,15,2013-10-31 13:50:07.289538,15971
5221022,327,Active,9,26,2013-10-31 13:50:07.29657,15971
5221023,328,Active,30,9,2013-10-31 13:50:07.302954,15971
5221024,331,Active,25,11,2013-10-31 13:50:07.310388,15971
5221025,323,Active,4,35,2013-10-31 13:50:07.316686,15971
5221026,324,Active,1,42,2013-10-31 13:50:07.323302,15971
5221027,329,Active,5,28,2013-10-31 13:50:07.329122,15971
5221028,325,Active,20,16,2013-10-31 13:50:07.335233,15971
5221029,326,Active,16,9,2013-10-31 13:50:07.34123,15971
5221030,1,Active,11,28,2013-10-31 14:00:05.298001,15972
5221031,2,Active,21,12,2013-10-31 14:00:05.307837,15972
5221032,3,Active,9,17,2013-10-31 14:00:05.312992,15972
5221033,4,Active,2,60,2013-10-31 14:00:05.322499,15972
5221034,5,Active,16,23,2013-10-31 14:00:05.327373,15972
5221035,6,Active,5,14,2013-10-31 14:00:05.332561,15972
5221036,7,Active,0,19,2013-10-31 14:00:05.337125,15972
5221037,8,Active,0,31,2013-10-31 14:00:05.341651,15972
5221038,9,Active,29,1,2013-10-31 14:00:05.345844,15972
5221039,10,Active,41,5,2013-10-31 14:00:05.352149,15972
5221040,11,Active,0,24,2013-10-31 14:00:05.356782,15972
5221041,12,Active,6,13,2013-10-31 14:00:05.362662,15972
5221042,13,Active,4,35,2013-10-31 14:00:05.368523,15972
5221043,14,Active,30,3,2013-10-31 14:00:05.37326,15972
5221044,15,Active,0,31,2013-10-31 14:00:05.377972,15972
5221045,16,Active,18,15,2013-10-31 14:00:05.382659,15972
5221046,17,Active,10,19,2013-10-31 14:00:05.38713,15972
5221047,18,Active,29,26,2013-10-31 14:00:05.391439,15972
5221048,19,Active,0,23,2013-10-31 14:00:05.396579,15972
5221049,20,Active,0,26,2013-10-31 14:00:05.401327,15972
5221050,21,Active,15,20,2013-10-31 14:00:05.406039,15972
5221051,22,Active,13,34,2013-10-31 14:00:05.411305,15972
5221052,23,Active,26,19,2013-10-31 14:00:05.415892,15972
5221053,24,Active,27,20,2013-10-31 14:00:05.420155,15972
5221054,25,Active,31,20,2013-10-31 14:00:05.424714,15972
5221055,26,Active,0,30,2013-10-31 14:00:05.429455,15972
5221056,27,Active,40,5,2013-10-31 14:00:05.434439,15972
5221057,28,Active,16,12,2013-10-31 14:00:05.438738,15972
5221058,29,Active,0,23,2013-10-31 14:00:05.443707,15972
5221059,30,Active,23,16,2013-10-31 14:00:05.451538,15972
5221060,31,Active,3,35,2013-10-31 14:00:05.45647,15972
5221061,32,Active,12,21,2013-10-31 14:00:05.460777,15972
5221062,33,Active,1,30,2013-10-31 14:00:05.465369,15972
5221063,34,Active,30,7,2013-10-31 14:00:05.47008,15972
5221064,35,Active,50,5,2013-10-31 14:00:05.478011,15972
5221065,36,Active,25,2,2013-10-31 14:00:05.483342,15972
5221066,37,Active,1,22,2013-10-31 14:00:05.487818,15972
5221067,38,Active,16,23,2013-10-31 14:00:05.492275,15972
5221068,39,Active,2,37,2013-10-31 14:00:05.496763,15972
5221069,40,Active,0,39,2013-10-31 14:00:05.501502,15972
5221070,41,Active,1,30,2013-10-31 14:00:05.505827,15972
5221071,42,Active,26,5,2013-10-31 14:00:05.512526,15972
5221072,43,Active,0,23,2013-10-31 14:00:05.516846,15972
5221073,44,Active,0,23,2013-10-31 14:00:05.521129,15972
5221074,45,Active,15,24,2013-10-31 14:00:05.52643,15972
5221075,46,Active,2,29,2013-10-31 14:00:05.531016,15972
5221076,47,Active,0,23,2013-10-31 14:00:05.535366,15972
5221077,48,Active,0,20,2013-10-31 14:00:05.539753,15972
5221078,49,Active,17,6,2013-10-31 14:00:05.545111,15972
5221079,50,Active,19,8,2013-10-31 14:00:05.549904,15972
5221080,51,Active,34,6,2013-10-31 14:00:05.55472,15972
5221081,52,Active,10,17,2013-10-31 14:00:05.561959,15972
5221082,53,Active,0,33,2013-10-31 14:00:05.567504,15972
5221083,54,Active,10,37,2013-10-31 14:00:05.572168,15972
5221084,55,Active,0,31,2013-10-31 14:00:05.578428,15972
5221085,56,Active,23,16,2013-10-31 14:00:05.605865,15972
5221086,57,Active,0,23,2013-10-31 14:00:05.611424,15972
5221087,58,Active,31,8,2013-10-31 14:00:05.620645,15972
5221088,59,Active,32,3,2013-10-31 14:00:05.629583,15972
5221089,60,Active,4,23,2013-10-31 14:00:05.637166,15972
5221090,61,Active,0,24,2013-10-31 14:00:05.642322,15972
5221091,62,Active,20,11,2013-10-31 14:00:05.647294,15972
5221092,63,Active,27,0,2013-10-31 14:00:05.652542,15972
5221093,64,Active,13,22,2013-10-31 14:00:05.658609,15972
5221094,65,Active,0,24,2013-10-31 14:00:05.663571,15972
5221095,66,Active,0,57,2013-10-31 14:00:05.668987,15972
5221096,67,Active,26,1,2013-10-31 14:00:05.675138,15972
5221097,68,Active,1,22,2013-10-31 14:00:05.681309,15972
5221098,69,Active,2,37,2013-10-31 14:00:05.686465,15972
5221099,70,Active,5,26,2013-10-31 14:00:05.691426,15972
5221100,71,Active,3,16,2013-10-31 14:00:05.696672,15972
5221101,72,Active,3,22,2013-10-31 14:00:05.702144,15972
5221102,73,Active,0,19,2013-10-31 14:00:05.707235,15972
5221103,74,Active,5,14,2013-10-31 14:00:05.712531,15972
5221104,75,Active,0,31,2013-10-31 14:00:05.717763,15972
5221105,76,Active,49,10,2013-10-31 14:00:05.72287,15972
5221106,77,Active,5,22,2013-10-31 14:00:05.729365,15972
5221107,78,Active,23,20,2013-10-31 14:00:05.734513,15972
5221108,79,Active,23,21,2013-10-31 14:00:05.739635,15972
5221109,80,Active,0,19,2013-10-31 14:00:05.746725,15972
5221110,81,Active,0,29,2013-10-31 14:00:05.752366,15972
5221111,82,Active,3,17,2013-10-31 14:00:05.7575,15972
5221112,83,Active,44,8,2013-10-31 14:00:05.762826,15972
5221113,84,Active,22,9,2013-10-31 14:00:05.768442,15972
5221114,85,Active,8,16,2013-10-31 14:00:05.77407,15972
5221115,86,Active,27,8,2013-10-31 14:00:05.779346,15972
5221116,87,Active,3,24,2013-10-31 14:00:05.78463,15972
5221117,88,Active,1,34,2013-10-31 14:00:05.789723,15972
5221118,89,Active,14,41,2013-10-31 14:00:05.795202,15972
5221119,90,Active,0,37,2013-10-31 14:00:05.800411,15972
5221120,91,Active,0,23,2013-10-31 14:00:05.805387,15972
5221121,92,Active,23,8,2013-10-31 14:00:05.810476,15972
5221122,93,Active,31,5,2013-10-31 14:00:05.815711,15972
5221123,94,Active,26,7,2013-10-31 14:00:05.821082,15972
5221124,95,Active,31,6,2013-10-31 14:00:05.82632,15972
5221125,96,Active,0,31,2013-10-31 14:00:05.83149,15972
5221126,97,Active,10,17,2013-10-31 14:00:05.836698,15972
5221127,98,Active,38,3,2013-10-31 14:00:05.84215,15972
5221128,99,Active,15,20,2013-10-31 14:00:05.847778,15972
5221129,100,Active,13,17,2013-10-31 14:00:05.853248,15972
5221130,101,Active,3,28,2013-10-31 14:00:05.858584,15972
5221131,102,Active,10,13,2013-10-31 14:00:05.86625,15972
5221132,103,Active,0,39,2013-10-31 14:00:05.871787,15972
5221133,104,Active,27,2,2013-10-31 14:00:05.877078,15972
5221134,105,Active,9,34,2013-10-31 14:00:05.882357,15972
5221135,106,Active,2,25,2013-10-31 14:00:05.887661,15972
5221136,107,Active,2,29,2013-10-31 14:00:05.894831,15972
5221137,108,Active,18,17,2013-10-31 14:00:05.900548,15972
5221138,109,Active,14,25,2013-10-31 14:00:05.905615,15972
5221139,110,Active,4,23,2013-10-31 14:00:05.910552,15972
5221140,111,Active,1,30,2013-10-31 14:00:05.918219,15972
5221141,112,Active,7,32,2013-10-31 14:00:05.947025,15972
5221142,113,Active,50,1,2013-10-31 14:00:05.954128,15972
5221143,114,Active,0,35,2013-10-31 14:00:05.959725,15972
5221144,115,Active,0,27,2013-10-31 14:00:05.966167,15972
5221145,116,Active,37,2,2013-10-31 14:00:05.971201,15972
5221146,117,Active,21,2,2013-10-31 14:00:05.976588,15972
5221147,118,Active,25,6,2013-10-31 14:00:05.981705,15972
5221148,119,Active,20,19,2013-10-31 14:00:05.987176,15972
5221149,120,Active,13,14,2013-10-31 14:00:05.992662,15972
5221150,121,Active,2,22,2013-10-31 14:00:05.99847,15972
5221151,122,Active,2,29,2013-10-31 14:00:06.005052,15972
5221152,123,Active,24,3,2013-10-31 14:00:06.01581,15972
5221153,124,Active,1,35,2013-10-31 14:00:06.022037,15972
5221154,125,Active,37,0,2013-10-31 14:00:06.031007,15972
5221155,126,Active,0,24,2013-10-31 14:00:06.040288,15972
5221156,127,Active,11,16,2013-10-31 14:00:06.045737,15972
5221157,128,Active,15,4,2013-10-31 14:00:06.050935,15972
5221158,129,Active,6,23,2013-10-31 14:00:06.056894,15972
5221159,130,Active,11,12,2013-10-31 14:00:06.063628,15972
5221160,131,Active,8,15,2013-10-31 14:00:06.069149,15972
5221161,132,Active,5,30,2013-10-31 14:00:06.074371,15972
5221162,133,Active,0,27,2013-10-31 14:00:06.079867,15972
5221163,134,Active,28,7,2013-10-31 14:00:06.085223,15972
5221164,135,Active,41,1,2013-10-31 14:00:06.090558,15972
5221165,136,Active,6,17,2013-10-31 14:00:06.095866,15972
5221166,137,Active,0,28,2013-10-31 14:00:06.103599,15972
5221167,138,Active,38,1,2013-10-31 14:00:06.111886,15972
5221168,139,Active,30,6,2013-10-31 14:00:06.117101,15972
5221169,140,Active,1,26,2013-10-31 14:00:06.123526,15972
5221170,141,Active,3,28,2013-10-31 14:00:06.130695,15972
5221171,142,Active,4,39,2013-10-31 14:00:06.13875,15972
5221172,143,Active,0,23,2013-10-31 14:00:06.143869,15972
5221173,144,Active,3,24,2013-10-31 14:00:06.149351,15972
5221174,145,Active,0,36,2013-10-31 14:00:06.154329,15972
5221175,146,Active,37,18,2013-10-31 14:00:06.159683,15972
5221176,147,Active,17,22,2013-10-31 14:00:06.166693,15972
5221177,148,Active,11,32,2013-10-31 14:00:06.171788,15972
5221178,149,Active,0,57,2013-10-31 14:00:06.177268,15972
5221179,150,Active,6,42,2013-10-31 14:00:06.182511,15972
5221180,151,Active,1,26,2013-10-31 14:00:06.187679,15972
5221181,152,Active,1,30,2013-10-31 14:00:06.193059,15972
5221182,153,Active,0,33,2013-10-31 14:00:06.198806,15972
5221183,154,Active,32,2,2013-10-31 14:00:06.203898,15972
5221184,155,Active,9,30,2013-10-31 14:00:06.209433,15972
5221185,156,Active,0,35,2013-10-31 14:00:06.215293,15972
5221186,157,Active,9,18,2013-10-31 14:00:06.220629,15972
5221187,158,Active,3,16,2013-10-31 14:00:06.22606,15972
5221188,159,Active,28,2,2013-10-31 14:00:06.231542,15972
5221189,160,Active,15,28,2013-10-31 14:00:06.23703,15972
5221190,161,Active,43,4,2013-10-31 14:00:06.242538,15972
5221191,162,Inactive,0,59,2013-10-31 14:00:06.247658,15972
5221192,163,Active,0,39,2013-10-31 14:00:06.255201,15972
5221193,164,Active,32,4,2013-10-31 14:00:06.260888,15972
5221194,165,Active,1,38,2013-10-31 14:00:06.266175,15972
5221195,166,Active,9,22,2013-10-31 14:00:06.271485,15972
5221196,167,Active,0,29,2013-10-31 14:00:06.276851,15972
5221197,168,Active,27,16,2013-10-31 14:00:06.305749,15972
5221198,169,Active,12,27,2013-10-31 14:00:06.312487,15972
5221199,170,Active,29,6,2013-10-31 14:00:06.320061,15972
5221200,171,Active,7,20,2013-10-31 14:00:06.325996,15972
5221201,172,Active,5,26,2013-10-31 14:00:06.331271,15972
5221202,173,Active,1,30,2013-10-31 14:00:06.336773,15972
5221203,174,Active,8,24,2013-10-31 14:00:06.342195,15972
5221204,175,Active,0,31,2013-10-31 14:00:06.347769,15972
5221205,176,Active,0,36,2013-10-31 14:00:06.35323,15972
5221206,177,Active,2,28,2013-10-31 14:00:06.359132,15972
5221207,178,Inactive,0,25,2013-10-31 14:00:06.364478,15972
5221208,179,Active,2,25,2013-10-31 14:00:06.370464,15972
5221209,180,Active,0,31,2013-10-31 14:00:06.376227,15972
5221210,181,Active,0,27,2013-10-31 14:00:06.381601,15972
5221211,182,Active,1,14,2013-10-31 14:00:06.387755,15972
5221212,183,Active,1,40,2013-10-31 14:00:06.394285,15972
5221213,184,Active,35,7,2013-10-31 14:00:06.400538,15972
5221214,185,Active,4,27,2013-10-31 14:00:06.406068,15972
5221215,186,Active,29,10,2013-10-31 14:00:06.41179,15972
5221216,187,Active,18,22,2013-10-31 14:00:06.416859,15972
5221217,188,Active,11,23,2013-10-31 14:00:06.42214,15972
5221218,189,Active,0,43,2013-10-31 14:00:06.42986,15972
5221219,190,Active,2,21,2013-10-31 14:00:06.43523,15972
5221220,191,Active,5,14,2013-10-31 14:00:06.440238,15972
5221221,192,Active,1,34,2013-10-31 14:00:06.448564,15972
5221222,193,Active,0,23,2013-10-31 14:00:06.454,15972
5221223,194,Active,20,9,2013-10-31 14:00:06.459138,15972
5221224,195,Active,14,10,2013-10-31 14:00:06.469329,15972
5221225,196,Active,41,1,2013-10-31 14:00:06.475374,15972
5221226,197,Active,0,31,2013-10-31 14:00:06.483477,15972
5221227,198,Active,1,46,2013-10-31 14:00:06.488873,15972
5221228,199,Active,16,7,2013-10-31 14:00:06.502977,15972
5221229,200,Active,1,22,2013-10-31 14:00:06.508373,15972
5221230,201,Active,0,23,2013-10-31 14:00:06.513893,15972
5221231,202,Active,2,17,2013-10-31 14:00:06.518943,15972
5221232,203,Active,4,46,2013-10-31 14:00:06.524871,15972
5221233,204,Active,1,38,2013-10-31 14:00:06.530241,15972
5221234,205,Active,23,8,2013-10-31 14:00:06.535431,15972
5221235,206,Active,37,22,2013-10-31 14:00:06.540722,15972
5221236,207,Active,0,31,2013-10-31 14:00:06.546143,15972
5221237,208,Active,23,4,2013-10-31 14:00:06.551879,15972
5221238,209,Active,4,26,2013-10-31 14:00:06.557354,15972
5221239,210,Active,1,30,2013-10-31 14:00:06.562986,15972
5221240,211,Active,0,39,2013-10-31 14:00:06.570718,15972
5221241,212,Active,8,19,2013-10-31 14:00:06.576582,15972
5221242,213,Active,43,4,2013-10-31 14:00:06.582009,15972
5221243,214,Active,0,27,2013-10-31 14:00:06.587646,15972
5221244,215,Active,4,23,2013-10-31 14:00:06.592624,15972
5221245,216,Active,0,27,2013-10-31 14:00:06.597908,15972
5221246,217,Active,2,37,2013-10-31 14:00:06.603451,15972
5221247,218,Active,27,5,2013-10-31 14:00:06.608556,15972
5221248,219,Active,1,34,2013-10-31 14:00:06.614133,15972
5221249,220,Active,12,39,2013-10-31 14:00:06.62015,15972
5221250,221,Active,7,16,2013-10-31 14:00:06.626005,15972
5221251,222,Active,46,6,2013-10-31 14:00:06.633355,15972
5221252,223,Active,5,31,2013-10-31 14:00:06.639376,15972
5221253,224,Active,4,35,2013-10-31 14:00:06.668653,15972
5221254,225,Active,2,29,2013-10-31 14:00:06.676929,15972
5221255,226,Active,5,26,2013-10-31 14:00:06.682791,15972
5221256,227,Active,0,31,2013-10-31 14:00:06.688162,15972
5221257,228,Active,4,55,2013-10-31 14:00:06.694928,15972
5221258,229,Active,4,35,2013-10-31 14:00:06.702698,15972
5221259,230,Active,1,34,2013-10-31 14:00:06.708844,15972
5221260,231,Active,23,16,2013-10-31 14:00:06.71485,15972
5221261,232,Active,24,11,2013-10-31 14:00:06.720128,15972
5221262,233,Active,5,54,2013-10-31 14:00:06.728142,15972
5221263,234,Active,10,21,2013-10-31 14:00:06.733979,15972
5221264,235,Active,12,9,2013-10-31 14:00:06.741528,15972
5221265,236,Active,11,12,2013-10-31 14:00:06.746971,15972
5221266,237,Inactive,0,39,2013-10-31 14:00:06.752198,15972
5221267,238,Active,12,35,2013-10-31 14:00:06.757402,15972
5221268,239,Active,23,2,2013-10-31 14:00:06.762897,15972
5221269,240,Active,12,47,2013-10-31 14:00:06.76826,15972
5221270,241,Active,7,32,2013-10-31 14:00:06.775544,15972
5221271,242,Active,20,15,2013-10-31 14:00:06.78166,15972
5221272,243,Active,13,21,2013-10-31 14:00:06.788324,15972
5221273,244,Active,5,54,2013-10-31 14:00:06.798263,15972
5221274,245,Active,4,53,2013-10-31 14:00:06.806488,15972
5221275,246,Active,2,35,2013-10-31 14:00:06.816284,15972
5221276,247,Active,20,7,2013-10-31 14:00:06.822213,15972
5221277,248,Active,12,29,2013-10-31 14:00:06.83158,15972
5221278,249,Active,0,42,2013-10-31 14:00:06.837287,15972
5221279,250,Active,24,23,2013-10-31 14:00:06.842853,15972
5221280,251,Active,15,22,2013-10-31 14:00:06.848231,15972
5221281,252,Inactive,0,44,2013-10-31 14:00:06.853452,15972
5221282,253,Active,1,58,2013-10-31 14:00:06.858734,15972
5221283,254,Active,1,23,2013-10-31 14:00:06.864986,15972
5221284,255,Active,0,31,2013-10-31 14:00:06.870794,15972
5221285,256,Active,1,26,2013-10-31 14:00:06.876393,15972
5221286,257,Active,18,7,2013-10-31 14:00:06.8815,15972
5221287,258,Active,1,38,2013-10-31 14:00:06.887175,15972
5221288,259,Active,0,35,2013-10-31 14:00:06.892391,15972
5221289,260,Active,39,5,2013-10-31 14:00:06.897857,15972
5221290,261,Active,16,23,2013-10-31 14:00:06.904071,15972
5221291,262,Active,4,35,2013-10-31 14:00:06.909971,15972
5221292,263,Active,0,36,2013-10-31 14:00:06.916237,15972
5221293,264,Active,2,39,2013-10-31 14:00:06.922818,15972
5221294,265,Active,35,2,2013-10-31 14:00:06.928083,15972
5221295,266,Active,13,46,2013-10-31 14:00:06.933336,15972
5221296,267,Active,47,6,2013-10-31 14:00:06.938553,15972
5221297,268,Active,1,48,2013-10-31 14:00:06.943787,15972
5221298,269,Active,19,15,2013-10-31 14:00:06.949112,15972
5221299,270,Active,4,31,2013-10-31 14:00:06.954172,15972
5221300,271,Active,1,24,2013-10-31 14:00:06.959378,15972
5221301,272,Inactive,0,35,2013-10-31 14:00:06.964488,15972
5221302,273,Active,56,3,2013-10-31 14:00:06.970214,15972
5221303,274,Active,1,29,2013-10-31 14:00:06.975447,15972
5221304,275,Active,2,34,2013-10-31 14:00:06.980755,15972
5221305,276,Active,23,29,2013-10-31 14:00:06.986049,15972
5221306,277,Active,9,34,2013-10-31 14:00:06.991466,15972
5221307,330,Active,1,29,2013-10-31 14:00:06.997124,15972
5221308,278,Inactive,0,27,2013-10-31 14:00:07.003445,15972
5221309,279,Active,0,45,2013-10-31 14:00:07.034255,15972
5221310,280,Active,1,35,2013-10-31 14:00:07.040349,15972
5221311,281,Active,9,38,2013-10-31 14:00:07.046251,15972
5221312,282,Active,21,3,2013-10-31 14:00:07.052281,15972
5221313,283,Active,1,35,2013-10-31 14:00:07.057989,15972
5221314,284,Active,48,3,2013-10-31 14:00:07.063457,15972
5221315,285,Active,0,33,2013-10-31 14:00:07.069279,15972
5221316,286,Active,1,26,2013-10-31 14:00:07.074647,15972
5221317,287,Active,2,25,2013-10-31 14:00:07.080382,15972
5221318,288,Active,36,17,2013-10-31 14:00:07.085861,15972
5221319,289,Active,0,35,2013-10-31 14:00:07.091166,15972
5221320,290,Active,8,23,2013-10-31 14:00:07.099003,15972
5221321,291,Active,28,31,2013-10-31 14:00:07.10508,15972
5221322,292,Active,6,33,2013-10-31 14:00:07.11039,15972
5221323,293,Active,19,42,2013-10-31 14:00:07.116058,15972
5221324,294,Active,37,2,2013-10-31 14:00:07.12189,15972
5221325,295,Active,4,63,2013-10-31 14:00:07.127344,15972
5221326,296,Active,45,6,2013-10-31 14:00:07.132924,15972
5221327,297,Active,5,46,2013-10-31 14:00:07.138777,15972
5221328,298,Active,42,15,2013-10-31 14:00:07.144479,15972
5221329,299,Active,35,4,2013-10-31 14:00:07.150028,15972
5221330,300,Active,14,29,2013-10-31 14:00:07.155925,15972
5221331,301,Inactive,0,7,2013-10-31 14:00:07.161775,15972
5221332,302,Active,6,33,2013-10-31 14:00:07.16805,15972
5221333,303,Active,3,38,2013-10-31 14:00:07.173822,15972
5221334,305,Active,1,38,2013-10-31 14:00:07.179224,15972
5221335,306,Active,18,25,2013-10-31 14:00:07.184804,15972
5221336,307,Active,2,48,2013-10-31 14:00:07.192027,15972
5221337,308,Active,11,20,2013-10-31 14:00:07.197393,15972
5221338,309,Active,23,6,2013-10-31 14:00:07.20425,15972
5221339,310,Active,31,8,2013-10-31 14:00:07.210177,15972
5221340,311,Active,35,4,2013-10-31 14:00:07.218416,15972
5221341,312,Active,26,5,2013-10-31 14:00:07.223865,15972
5221342,313,Active,11,28,2013-10-31 14:00:07.231149,15972
5221343,314,Active,0,27,2013-10-31 14:00:07.239561,15972
5221344,315,Active,14,24,2013-10-31 14:00:07.245656,15972
5221345,316,Active,17,13,2013-10-31 14:00:07.252306,15972
5221346,317,Active,6,9,2013-10-31 14:00:07.257734,15972
5221347,318,Active,20,7,2013-10-31 14:00:07.265915,15972
5221348,319,Active,1,29,2013-10-31 14:00:07.27491,15972
5221349,320,Active,2,34,2013-10-31 14:00:07.284385,15972
5221350,321,Active,5,7,2013-10-31 14:00:07.294643,15972
5221351,322,Active,6,43,2013-10-31 14:00:07.300575,15972
5221352,332,Active,8,16,2013-10-31 14:00:07.306408,15972
5221353,327,Active,11,24,2013-10-31 14:00:07.313186,15972
5221354,328,Active,31,8,2013-10-31 14:00:07.319516,15972
5221355,331,Active,21,15,2013-10-31 14:00:07.325382,15972
5221356,323,Active,2,37,2013-10-31 14:00:07.330883,15972
5221357,324,Active,0,43,2013-10-31 14:00:07.337104,15972
5221358,329,Active,3,30,2013-10-31 14:00:07.342623,15972
5221359,325,Active,22,14,2013-10-31 14:00:07.348269,15972
5221360,326,Active,16,9,2013-10-31 14:00:07.354221,15972
5221361,1,Active,10,29,2013-10-31 14:10:05.550861,15973
5221362,2,Active,22,11,2013-10-31 14:10:05.563479,15973
5221363,3,Active,9,17,2013-10-31 14:10:05.571303,15973
5221364,4,Active,2,60,2013-10-31 14:10:05.577801,15973
5221365,5,Active,15,24,2013-10-31 14:10:05.584131,15973
5221366,6,Active,4,15,2013-10-31 14:10:05.589809,15973
5221367,7,Active,0,19,2013-10-31 14:10:05.597762,15973
5221368,8,Active,0,31,2013-10-31 14:10:05.603211,15973
5221369,9,Active,29,1,2013-10-31 14:10:05.608245,15973
5221370,10,Active,41,5,2013-10-31 14:10:05.613626,15973
5221371,11,Active,0,24,2013-10-31 14:10:05.618531,15973
5221372,12,Active,6,13,2013-10-31 14:10:05.623989,15973
5221373,13,Active,5,34,2013-10-31 14:10:05.630355,15973
5221374,14,Active,30,3,2013-10-31 14:10:05.639543,15973
5221375,15,Active,0,31,2013-10-31 14:10:05.645312,15973
5221376,16,Active,23,10,2013-10-31 14:10:05.650723,15973
5221377,17,Active,10,19,2013-10-31 14:10:05.655714,15973
5221378,18,Active,31,24,2013-10-31 14:10:05.662008,15973
5221379,19,Active,0,23,2013-10-31 14:10:05.669356,15973
5221380,20,Active,0,26,2013-10-31 14:10:05.674688,15973
5221381,21,Active,12,23,2013-10-31 14:10:05.680147,15973
5221382,22,Active,15,32,2013-10-31 14:10:05.685268,15973
5221383,23,Active,25,20,2013-10-31 14:10:05.690895,15973
5221384,24,Active,8,39,2013-10-31 14:10:05.696187,15973
5221385,25,Active,30,21,2013-10-31 14:10:05.701734,15973
5221386,26,Active,0,30,2013-10-31 14:10:05.707961,15973
5221387,27,Active,40,5,2013-10-31 14:10:05.713348,15973
5221388,28,Active,16,12,2013-10-31 14:10:05.718503,15973
5221389,29,Active,0,23,2013-10-31 14:10:05.725833,15973
5221390,30,Active,22,17,2013-10-31 14:10:05.733459,15973
5221391,31,Active,3,35,2013-10-31 14:10:05.739853,15973
5221392,32,Active,13,20,2013-10-31 14:10:05.745063,15973
5221393,33,Active,3,28,2013-10-31 14:10:05.750073,15973
5221394,34,Active,30,7,2013-10-31 14:10:05.754943,15973
5221395,35,Active,50,5,2013-10-31 14:10:05.76091,15973
5221396,36,Active,25,2,2013-10-31 14:10:05.767052,15973
5221397,37,Active,1,22,2013-10-31 14:10:05.773626,15973
5221398,38,Active,15,24,2013-10-31 14:10:05.779326,15973
5221399,39,Active,0,39,2013-10-31 14:10:05.785161,15973
5221400,40,Active,0,39,2013-10-31 14:10:05.790406,15973
5221401,41,Active,2,29,2013-10-31 14:10:05.799773,15973
5221402,42,Active,26,5,2013-10-31 14:10:05.804652,15973
5221403,43,Active,0,23,2013-10-31 14:10:05.809967,15973
5221404,44,Active,1,22,2013-10-31 14:10:05.815009,15973
5221405,45,Active,14,25,2013-10-31 14:10:05.820013,15973
5221406,46,Active,2,29,2013-10-31 14:10:05.825086,15973
5221407,47,Active,0,23,2013-10-31 14:10:05.830817,15973
5221408,48,Active,0,20,2013-10-31 14:10:05.836111,15973
5221409,49,Active,18,5,2013-10-31 14:10:05.84143,15973
5221410,50,Active,20,7,2013-10-31 14:10:05.846574,15973
5221411,51,Active,37,3,2013-10-31 14:10:05.853457,15973
5221412,52,Active,10,17,2013-10-31 14:10:05.858871,15973
5221413,53,Active,1,32,2013-10-31 14:10:05.865663,15973
5221414,54,Active,10,37,2013-10-31 14:10:05.870815,15973
5221415,55,Active,0,31,2013-10-31 14:10:05.877293,15973
5221416,56,Active,25,14,2013-10-31 14:10:05.907674,15973
5221417,57,Active,0,23,2013-10-31 14:10:05.915464,15973
5221418,58,Active,33,6,2013-10-31 14:10:05.923893,15973
5221419,59,Active,33,2,2013-10-31 14:10:05.931373,15973
5221420,60,Active,4,23,2013-10-31 14:10:05.937228,15973
5221421,61,Active,0,24,2013-10-31 14:10:05.943346,15973
5221422,62,Active,20,11,2013-10-31 14:10:05.949349,15973
5221423,63,Active,27,0,2013-10-31 14:10:05.95511,15973
5221424,64,Active,8,27,2013-10-31 14:10:05.963868,15973
5221425,65,Active,1,23,2013-10-31 14:10:05.969312,15973
5221426,66,Active,0,57,2013-10-31 14:10:05.975896,15973
5221427,67,Active,25,2,2013-10-31 14:10:05.98264,15973
5221428,68,Active,0,23,2013-10-31 14:10:05.988645,15973
5221429,69,Active,1,38,2013-10-31 14:10:05.996388,15973
5221430,70,Active,5,26,2013-10-31 14:10:06.003894,15973
5221431,71,Active,0,19,2013-10-31 14:10:06.011527,15973
5221432,72,Active,3,22,2013-10-31 14:10:06.022885,15973
5221433,73,Active,0,19,2013-10-31 14:10:06.036395,15973
5221434,74,Active,5,14,2013-10-31 14:10:06.043319,15973
5221435,75,Active,2,29,2013-10-31 14:10:06.049795,15973
5221436,76,Active,50,9,2013-10-31 14:10:06.055738,15973
5221437,77,Active,5,22,2013-10-31 14:10:06.061354,15973
5221438,78,Active,17,26,2013-10-31 14:10:06.06867,15973
5221439,79,Active,26,18,2013-10-31 14:10:06.080508,15973
5221440,80,Active,0,19,2013-10-31 14:10:06.097213,15973
5221441,81,Active,1,28,2013-10-31 14:10:06.103164,15973
5221442,82,Active,2,18,2013-10-31 14:10:06.109066,15973
5221443,83,Active,42,10,2013-10-31 14:10:06.114672,15973
5221444,84,Active,22,9,2013-10-31 14:10:06.120925,15973
5221445,85,Active,7,17,2013-10-31 14:10:06.126538,15973
5221446,86,Active,27,8,2013-10-31 14:10:06.135906,15973
5221447,87,Active,3,24,2013-10-31 14:10:06.141913,15973
5221448,88,Active,1,34,2013-10-31 14:10:06.147438,15973
5221449,89,Active,13,42,2013-10-31 14:10:06.153097,15973
5221450,90,Active,0,37,2013-10-31 14:10:06.159595,15973
5221451,91,Active,0,23,2013-10-31 14:10:06.165353,15973
5221452,92,Active,28,3,2013-10-31 14:10:06.171342,15973
5221453,93,Active,34,2,2013-10-31 14:10:06.17707,15973
5221454,94,Active,27,6,2013-10-31 14:10:06.18311,15973
5221455,95,Active,29,8,2013-10-31 14:10:06.188363,15973
5221456,96,Active,1,30,2013-10-31 14:10:06.193833,15973
5221457,97,Active,9,18,2013-10-31 14:10:06.199182,15973
5221458,98,Active,38,3,2013-10-31 14:10:06.204784,15973
5221459,99,Active,16,19,2013-10-31 14:10:06.21008,15973
5221460,100,Active,11,19,2013-10-31 14:10:06.215369,15973
5221461,101,Active,2,29,2013-10-31 14:10:06.220923,15973
5221462,102,Active,14,9,2013-10-31 14:10:06.226362,15973
5221463,103,Active,0,39,2013-10-31 14:10:06.231964,15973
5221464,104,Active,27,2,2013-10-31 14:10:06.238619,15973
5221465,105,Active,9,34,2013-10-31 14:10:06.244077,15973
5221466,106,Active,1,26,2013-10-31 14:10:06.250825,15973
5221467,107,Active,3,28,2013-10-31 14:10:06.260394,15973
5221468,108,Active,17,18,2013-10-31 14:10:06.265959,15973
5221469,109,Active,13,26,2013-10-31 14:10:06.27125,15973
5221470,110,Active,5,22,2013-10-31 14:10:06.305146,15973
5221471,111,Active,1,30,2013-10-31 14:10:06.310315,15973
5221472,112,Active,7,32,2013-10-31 14:10:06.338393,15973
5221473,113,Active,51,0,2013-10-31 14:10:06.344606,15973
5221474,114,Active,0,35,2013-10-31 14:10:06.350319,15973
5221475,115,Active,0,27,2013-10-31 14:10:06.359204,15973
5221476,116,Active,37,2,2013-10-31 14:10:06.36505,15973
5221477,117,Active,22,1,2013-10-31 14:10:06.370609,15973
5221478,118,Active,26,5,2013-10-31 14:10:06.376181,15973
5221479,119,Active,20,19,2013-10-31 14:10:06.381737,15973
5221480,120,Active,11,16,2013-10-31 14:10:06.388707,15973
5221481,121,Active,2,22,2013-10-31 14:10:06.394542,15973
5221482,122,Active,3,28,2013-10-31 14:10:06.401214,15973
5221483,123,Active,24,3,2013-10-31 14:10:06.436764,15973
5221484,124,Active,1,35,2013-10-31 14:10:06.443613,15973
5221485,125,Active,37,0,2013-10-31 14:10:06.453837,15973
5221486,126,Active,0,24,2013-10-31 14:10:06.462398,15973
5221487,127,Active,10,17,2013-10-31 14:10:06.469115,15973
5221488,128,Active,14,5,2013-10-31 14:10:06.476469,15973
5221489,129,Active,7,22,2013-10-31 14:10:06.482068,15973
5221490,130,Active,11,12,2013-10-31 14:10:06.492174,15973
5221491,131,Active,9,14,2013-10-31 14:10:06.501173,15973
5221492,132,Active,6,29,2013-10-31 14:10:06.50677,15973
5221493,133,Active,1,26,2013-10-31 14:10:06.540975,15973
5221494,134,Active,30,5,2013-10-31 14:10:06.54834,15973
5221495,135,Active,42,0,2013-10-31 14:10:06.555055,15973
5221496,136,Active,6,17,2013-10-31 14:10:06.562372,15973
5221497,137,Active,0,28,2013-10-31 14:10:06.569786,15973
5221498,138,Active,38,1,2013-10-31 14:10:06.602221,15973
5221499,139,Active,30,6,2013-10-31 14:10:06.608224,15973
5221500,140,Active,1,26,2013-10-31 14:10:06.616411,15973
5221501,141,Active,3,28,2013-10-31 14:10:06.621992,15973
5221502,142,Active,5,38,2013-10-31 14:10:06.627407,15973
5221503,143,Active,0,23,2013-10-31 14:10:06.633497,15973
5221504,144,Active,5,22,2013-10-31 14:10:06.638994,15973
5221505,145,Active,0,36,2013-10-31 14:10:06.644807,15973
5221506,146,Active,38,17,2013-10-31 14:10:06.653025,15973
5221507,147,Active,20,19,2013-10-31 14:10:06.661341,15973
5221508,148,Active,10,33,2013-10-31 14:10:06.669244,15973
5221509,149,Active,0,57,2013-10-31 14:10:06.674936,15973
5221510,150,Active,4,44,2013-10-31 14:10:06.681291,15973
5221511,151,Active,1,26,2013-10-31 14:10:06.68802,15973
5221512,152,Active,1,30,2013-10-31 14:10:06.694795,15973
5221513,153,Active,0,33,2013-10-31 14:10:06.702411,15973
5221514,154,Active,32,2,2013-10-31 14:10:06.717653,15973
5221515,155,Active,10,29,2013-10-31 14:10:06.723104,15973
5221516,156,Active,0,35,2013-10-31 14:10:06.729241,15973
5221517,157,Active,8,19,2013-10-31 14:10:06.734785,15973
5221518,158,Active,3,16,2013-10-31 14:10:06.74071,15973
5221519,159,Active,27,3,2013-10-31 14:10:06.74703,15973
5221520,160,Active,15,28,2013-10-31 14:10:06.754038,15973
5221521,161,Active,43,4,2013-10-31 14:10:06.759714,15973
5221522,162,Inactive,0,59,2013-10-31 14:10:06.764877,15973
5221523,163,Active,1,38,2013-10-31 14:10:06.799243,15973
5221524,164,Active,32,4,2013-10-31 14:10:06.805242,15973
5221525,165,Active,1,38,2013-10-31 14:10:06.811495,15973
5221526,166,Active,8,23,2013-10-31 14:10:06.817344,15973
5221527,167,Active,2,27,2013-10-31 14:10:06.823017,15973
5221528,168,Active,29,14,2013-10-31 14:10:06.852909,15973
5221529,169,Active,12,27,2013-10-31 14:10:06.858831,15973
5221530,170,Active,30,5,2013-10-31 14:10:06.865841,15973
5221531,171,Active,7,20,2013-10-31 14:10:06.873603,15973
5221532,172,Active,5,26,2013-10-31 14:10:06.879086,15973
5221533,173,Active,1,30,2013-10-31 14:10:06.885184,15973
5221534,174,Active,8,24,2013-10-31 14:10:06.891607,15973
5221535,175,Active,0,31,2013-10-31 14:10:06.89741,15973
5221536,176,Active,0,36,2013-10-31 14:10:06.931002,15973
5221537,177,Active,2,28,2013-10-31 14:10:06.936877,15973
5221538,178,Inactive,0,25,2013-10-31 14:10:06.942889,15973
5221539,179,Active,2,25,2013-10-31 14:10:06.948742,15973
5221540,180,Active,0,31,2013-10-31 14:10:06.954471,15973
5221541,181,Active,0,27,2013-10-31 14:10:06.959879,15973
5221542,182,Active,1,14,2013-10-31 14:10:06.965193,15973
5221543,183,Active,0,41,2013-10-31 14:10:06.970416,15973
5221544,184,Active,37,5,2013-10-31 14:10:06.976102,15973
5221545,185,Active,8,23,2013-10-31 14:10:06.984302,15973
5221546,186,Active,27,12,2013-10-31 14:10:06.992511,15973
5221547,187,Active,19,21,2013-10-31 14:10:06.998151,15973
5221548,188,Active,11,23,2013-10-31 14:10:07.005426,15973
5221549,189,Active,0,43,2013-10-31 14:10:07.039707,15973
5221550,190,Active,1,22,2013-10-31 14:10:07.045857,15973
5221551,191,Active,5,14,2013-10-31 14:10:07.051711,15973
5221552,192,Active,0,35,2013-10-31 14:10:07.057372,15973
5221553,193,Active,0,23,2013-10-31 14:10:07.063068,15973
5221554,194,Active,20,9,2013-10-31 14:10:07.068705,15973
5221555,195,Active,16,8,2013-10-31 14:10:07.074835,15973
5221556,196,Active,41,1,2013-10-31 14:10:07.080566,15973
5221557,197,Active,0,31,2013-10-31 14:10:07.086409,15973
5221558,198,Active,2,45,2013-10-31 14:10:07.092545,15973
5221559,199,Active,16,7,2013-10-31 14:10:07.100713,15973
5221560,200,Active,0,23,2013-10-31 14:10:07.108799,15973
5221561,201,Active,0,23,2013-10-31 14:10:07.144668,15973
5221562,202,Active,1,18,2013-10-31 14:10:07.151551,15973
5221563,203,Active,5,45,2013-10-31 14:10:07.157115,15973
5221564,204,Active,1,38,2013-10-31 14:10:07.163708,15973
5221565,205,Active,24,7,2013-10-31 14:10:07.169703,15973
5221566,206,Active,35,24,2013-10-31 14:10:07.175855,15973
5221567,207,Active,1,30,2013-10-31 14:10:07.184624,15973
5221568,208,Active,25,2,2013-10-31 14:10:07.192296,15973
5221569,209,Active,4,26,2013-10-31 14:10:07.199571,15973
5221570,210,Active,0,31,2013-10-31 14:10:07.208443,15973
5221571,211,Active,0,39,2013-10-31 14:10:07.214343,15973
5221572,212,Active,14,13,2013-10-31 14:10:07.219717,15973
5221573,213,Active,44,3,2013-10-31 14:10:07.22506,15973
5221574,214,Active,0,27,2013-10-31 14:10:07.230711,15973
5221575,215,Active,4,23,2013-10-31 14:10:07.237014,15973
5221576,216,Active,0,27,2013-10-31 14:10:07.243224,15973
5221577,217,Active,1,38,2013-10-31 14:10:07.27532,15973
5221578,218,Active,27,5,2013-10-31 14:10:07.282227,15973
5221579,219,Active,0,35,2013-10-31 14:10:07.288712,15973
5221580,220,Active,11,40,2013-10-31 14:10:07.29538,15973
5221581,221,Active,7,16,2013-10-31 14:10:07.301839,15973
5221582,222,Active,49,3,2013-10-31 14:10:07.308232,15973
5221583,223,Active,1,35,2013-10-31 14:10:07.313772,15973
5221584,224,Active,3,36,2013-10-31 14:10:07.341769,15973
5221585,225,Active,0,31,2013-10-31 14:10:07.348601,15973
5221586,226,Active,5,26,2013-10-31 14:10:07.354555,15973
5221587,227,Active,0,31,2013-10-31 14:10:07.360168,15973
5221588,228,Active,3,56,2013-10-31 14:10:07.365866,15973
5221589,229,Active,6,33,2013-10-31 14:10:07.371321,15973
5221590,230,Active,1,34,2013-10-31 14:10:07.379942,15973
5221591,231,Active,20,19,2013-10-31 14:10:07.386092,15973
5221592,232,Active,26,9,2013-10-31 14:10:07.392626,15973
5221593,233,Active,3,56,2013-10-31 14:10:07.398584,15973
5221594,234,Active,11,20,2013-10-31 14:10:07.432238,15973
5221595,235,Active,13,8,2013-10-31 14:10:07.43915,15973
5221596,236,Active,11,12,2013-10-31 14:10:07.444685,15973
5221597,237,Inactive,0,39,2013-10-31 14:10:07.451044,15973
5221598,238,Active,13,34,2013-10-31 14:10:07.456457,15973
5221599,239,Active,23,2,2013-10-31 14:10:07.462315,15973
5221600,240,Active,11,48,2013-10-31 14:10:07.467562,15973
5221601,241,Active,10,29,2013-10-31 14:10:07.473273,15973
5221602,242,Active,26,9,2013-10-31 14:10:07.479033,15973
5221603,243,Active,13,21,2013-10-31 14:10:07.484498,15973
5221604,244,Active,6,53,2013-10-31 14:10:07.49055,15973
5221605,245,Active,3,54,2013-10-31 14:10:07.495765,15973
5221606,246,Active,1,36,2013-10-31 14:10:07.501845,15973
5221607,247,Active,19,8,2013-10-31 14:10:07.507697,15973
5221608,248,Active,17,24,2013-10-31 14:10:07.513268,15973
5221609,249,Active,1,41,2013-10-31 14:10:07.518662,15973
5221610,250,Active,24,23,2013-10-31 14:10:07.524376,15973
5221611,251,Active,15,22,2013-10-31 14:10:07.530305,15973
5221612,252,Inactive,0,44,2013-10-31 14:10:07.541917,15973
5221613,253,Active,2,57,2013-10-31 14:10:07.550648,15973
5221614,254,Active,2,22,2013-10-31 14:10:07.556926,15973
5221615,255,Active,0,31,2013-10-31 14:10:07.56546,15973
5221616,256,Active,1,26,2013-10-31 14:10:07.573395,15973
5221617,257,Active,18,7,2013-10-31 14:10:07.580612,15973
5221618,258,Active,1,38,2013-10-31 14:10:07.586524,15973
5221619,259,Active,2,33,2013-10-31 14:10:07.592304,15973
5221620,260,Active,38,6,2013-10-31 14:10:07.59848,15973
5221621,261,Active,16,23,2013-10-31 14:10:07.604047,15973
5221622,262,Active,6,33,2013-10-31 14:10:07.609968,15973
5221623,263,Active,0,36,2013-10-31 14:10:07.615515,15973
5221624,264,Active,3,38,2013-10-31 14:10:07.621231,15973
5221625,265,Active,36,1,2013-10-31 14:10:07.627283,15973
5221626,266,Active,20,39,2013-10-31 14:10:07.632754,15973
5221627,267,Active,49,4,2013-10-31 14:10:07.6381,15973
5221628,268,Active,2,47,2013-10-31 14:10:07.643869,15973
5221629,269,Active,17,17,2013-10-31 14:10:07.651442,15973
5221630,270,Active,1,34,2013-10-31 14:10:07.656842,15973
5221631,271,Active,4,21,2013-10-31 14:10:07.662468,15973
5221632,272,Inactive,0,35,2013-10-31 14:10:07.667961,15973
5221633,273,Active,54,5,2013-10-31 14:10:07.673915,15973
5221634,274,Active,0,30,2013-10-31 14:10:07.683669,15973
5221635,275,Active,2,34,2013-10-31 14:10:07.691771,15973
5221636,276,Active,23,29,2013-10-31 14:10:07.697914,15973
5221637,277,Active,10,33,2013-10-31 14:10:07.704339,15973
5221638,330,Active,1,29,2013-10-31 14:10:07.712998,15973
5221639,278,Inactive,0,27,2013-10-31 14:10:07.719699,15973
5221640,279,Active,0,45,2013-10-31 14:10:07.750878,15973
5221641,280,Active,1,35,2013-10-31 14:10:07.756936,15973
5221642,281,Active,3,44,2013-10-31 14:10:07.763036,15973
5221643,282,Active,21,3,2013-10-31 14:10:07.768359,15973
5221644,283,Active,3,33,2013-10-31 14:10:07.774016,15973
5221645,284,Active,48,3,2013-10-31 14:10:07.780008,15973
5221646,285,Active,0,33,2013-10-31 14:10:07.787342,15973
5221647,286,Active,1,26,2013-10-31 14:10:07.793877,15973
5221648,287,Active,3,24,2013-10-31 14:10:07.801487,15973
5221649,288,Active,36,17,2013-10-31 14:10:07.807393,15973
5221650,289,Active,0,35,2013-10-31 14:10:07.812999,15973
5221651,290,Active,10,21,2013-10-31 14:10:07.818819,15973
5221652,291,Active,29,30,2013-10-31 14:10:07.825434,15973
5221653,292,Active,5,34,2013-10-31 14:10:07.831176,15973
5221654,293,Active,19,42,2013-10-31 14:10:07.836513,15973
5221655,294,Active,36,3,2013-10-31 14:10:07.841908,15973
5221656,295,Active,10,57,2013-10-31 14:10:07.847312,15973
5221657,296,Active,43,8,2013-10-31 14:10:07.856272,15973
5221658,297,Active,8,43,2013-10-31 14:10:07.861884,15973
5221659,298,Active,43,14,2013-10-31 14:10:07.868087,15973
5221660,299,Active,35,4,2013-10-31 14:10:07.874762,15973
5221661,300,Active,13,30,2013-10-31 14:10:07.880311,15973
5221662,301,Inactive,0,7,2013-10-31 14:10:07.886029,15973
5221663,302,Active,4,35,2013-10-31 14:10:07.891624,15973
5221664,303,Active,0,41,2013-10-31 14:10:07.896847,15973
5221665,305,Active,1,38,2013-10-31 14:10:07.901919,15973
5221666,306,Active,17,26,2013-10-31 14:10:07.907503,15973
5221667,307,Active,5,45,2013-10-31 14:10:07.913292,15973
5221668,308,Active,11,20,2013-10-31 14:10:07.918714,15973
5221669,309,Active,25,4,2013-10-31 14:10:07.926232,15973
5221670,310,Active,32,7,2013-10-31 14:10:07.931629,15973
5221671,311,Active,34,5,2013-10-31 14:10:07.938283,15973
5221672,312,Active,26,5,2013-10-31 14:10:07.944827,15973
5221673,313,Active,10,29,2013-10-31 14:10:07.951491,15973
5221674,314,Active,1,26,2013-10-31 14:10:07.960576,15973
5221675,315,Active,15,23,2013-10-31 14:10:07.967397,15973
5221676,316,Active,18,12,2013-10-31 14:10:07.97268,15973
5221677,317,Active,6,9,2013-10-31 14:10:07.978446,15973
5221678,318,Active,20,7,2013-10-31 14:10:07.984088,15973
5221679,319,Active,0,30,2013-10-31 14:10:07.99218,15973
5221680,320,Active,2,34,2013-10-31 14:10:07.99799,15973
5221681,321,Active,5,7,2013-10-31 14:10:08.003908,15973
5221682,322,Active,6,43,2013-10-31 14:10:08.009789,15973
5221683,332,Active,7,17,2013-10-31 14:10:08.015857,15973
5221684,327,Active,9,26,2013-10-31 14:10:08.022432,15973
5221685,328,Active,35,4,2013-10-31 14:10:08.02861,15973
5221686,331,Active,17,19,2013-10-31 14:10:08.034157,15973
5221687,323,Active,0,39,2013-10-31 14:10:08.039911,15973
5221688,324,Active,0,43,2013-10-31 14:10:08.045701,15973
5221689,329,Active,4,29,2013-10-31 14:10:08.05166,15973
5221690,325,Active,22,14,2013-10-31 14:10:08.058472,15973
5221691,326,Active,17,8,2013-10-31 14:10:08.065053,15973
5221692,1,Active,7,32,2013-10-31 14:20:05.19457,15974
5221693,2,Active,24,9,2013-10-31 14:20:05.210826,15974
5221694,3,Active,10,16,2013-10-31 14:20:05.2197,15974
5221695,4,Active,3,59,2013-10-31 14:20:05.252103,15974
5221696,5,Active,15,24,2013-10-31 14:20:05.256721,15974
5221697,6,Active,4,15,2013-10-31 14:20:05.262988,15974
5221698,7,Active,0,19,2013-10-31 14:20:05.268759,15974
5221699,8,Active,0,31,2013-10-31 14:20:05.273488,15974
5221700,9,Active,29,1,2013-10-31 14:20:05.278501,15974
5221701,10,Active,41,5,2013-10-31 14:20:05.285241,15974
5221702,11,Active,0,24,2013-10-31 14:20:05.2902,15974
5221703,12,Active,7,12,2013-10-31 14:20:05.322317,15974
5221704,13,Active,4,35,2013-10-31 14:20:05.328202,15974
5221705,14,Active,30,3,2013-10-31 14:20:05.334315,15974
5221706,15,Active,0,31,2013-10-31 14:20:05.338942,15974
5221707,16,Active,22,11,2013-10-31 14:20:05.344387,15974
5221708,17,Active,15,14,2013-10-31 14:20:05.351232,15974
5221709,18,Active,31,24,2013-10-31 14:20:05.355832,15974
5221710,19,Active,0,23,2013-10-31 14:20:05.360467,15974
5221711,20,Active,0,26,2013-10-31 14:20:05.367038,15974
5221712,21,Active,11,24,2013-10-31 14:20:05.374807,15974
5221713,22,Active,16,31,2013-10-31 14:20:05.385943,15974
5221714,23,Active,26,19,2013-10-31 14:20:05.390766,15974
5221715,24,Active,3,44,2013-10-31 14:20:05.395508,15974
5221716,25,Active,28,23,2013-10-31 14:20:05.400355,15974
5221717,26,Active,0,30,2013-10-31 14:20:05.405338,15974
5221718,27,Active,39,6,2013-10-31 14:20:05.409913,15974
5221719,28,Active,16,12,2013-10-31 14:20:05.418461,15974
5221720,29,Active,0,23,2013-10-31 14:20:05.423246,15974
5221721,30,Active,22,17,2013-10-31 14:20:05.432397,15974
5221722,31,Active,3,35,2013-10-31 14:20:05.439454,15974
5221723,32,Active,12,21,2013-10-31 14:20:05.444253,15974
5221724,33,Active,4,27,2013-10-31 14:20:05.453479,15974
5221725,34,Active,30,7,2013-10-31 14:20:05.460572,15974
5221726,35,Active,52,3,2013-10-31 14:20:05.465283,15974
5221727,36,Active,25,2,2013-10-31 14:20:05.470796,15974
5221728,37,Active,0,23,2013-10-31 14:20:05.478281,15974
5221729,38,Active,13,26,2013-10-31 14:20:05.483513,15974
5221730,39,Active,0,39,2013-10-31 14:20:05.491709,15974
5221731,40,Active,0,39,2013-10-31 14:20:05.49688,15974
5221732,41,Active,1,30,2013-10-31 14:20:05.502102,15974
5221733,42,Active,26,5,2013-10-31 14:20:05.509916,15974
5221734,43,Active,0,23,2013-10-31 14:20:05.5154,15974
5221735,44,Active,0,23,2013-10-31 14:20:05.519796,15974
5221736,45,Active,14,25,2013-10-31 14:20:05.527818,15974
5221737,46,Active,2,29,2013-10-31 14:20:05.53721,15974
5221738,47,Active,0,23,2013-10-31 14:20:05.543351,15974
5221739,48,Active,0,20,2013-10-31 14:20:05.548866,15974
5221740,49,Active,18,5,2013-10-31 14:20:05.554055,15974
5221741,50,Active,21,6,2013-10-31 14:20:05.562599,15974
5221742,51,Active,37,3,2013-10-31 14:20:05.571992,15974
5221743,52,Active,9,18,2013-10-31 14:20:05.578239,15974
5221744,53,Active,1,32,2013-10-31 14:20:05.584611,15974
5221745,54,Active,10,37,2013-10-31 14:20:05.590449,15974
5221746,55,Active,0,31,2013-10-31 14:20:05.596178,15974
5221747,56,Active,24,15,2013-10-31 14:20:05.627831,15974
5221748,57,Active,0,23,2013-10-31 14:20:05.640381,15974
5221749,58,Active,36,3,2013-10-31 14:20:05.653226,15974
5221750,59,Active,33,2,2013-10-31 14:20:05.658933,15974
5221751,60,Active,4,23,2013-10-31 14:20:05.664264,15974
5221752,61,Active,0,24,2013-10-31 14:20:05.670688,15974
5221753,62,Active,18,13,2013-10-31 14:20:05.675934,15974
5221754,63,Active,27,0,2013-10-31 14:20:05.682314,15974
5221755,64,Active,5,30,2013-10-31 14:20:05.688324,15974
5221756,65,Active,1,23,2013-10-31 14:20:05.69429,15974
5221757,66,Active,2,55,2013-10-31 14:20:05.70097,15974
5221758,67,Active,26,1,2013-10-31 14:20:05.706754,15974
5221759,68,Active,0,23,2013-10-31 14:20:05.715561,15974
5221760,69,Active,2,37,2013-10-31 14:20:05.722686,15974
5221761,70,Active,5,26,2013-10-31 14:20:05.72799,15974
5221762,71,Active,0,19,2013-10-31 14:20:05.73432,15974
5221763,72,Active,4,21,2013-10-31 14:20:05.739925,15974
5221764,73,Active,0,19,2013-10-31 14:20:05.74732,15974
5221765,74,Active,5,14,2013-10-31 14:20:05.754543,15974
5221766,75,Active,3,28,2013-10-31 14:20:05.762027,15974
5221767,76,Active,51,8,2013-10-31 14:20:05.769076,15974
5221768,77,Active,5,22,2013-10-31 14:20:05.774639,15974
5221769,78,Active,15,28,2013-10-31 14:20:05.780008,15974
5221770,79,Active,27,17,2013-10-31 14:20:05.785508,15974
5221771,80,Active,0,19,2013-10-31 14:20:05.791024,15974
5221772,81,Active,1,28,2013-10-31 14:20:05.801389,15974
5221773,82,Active,1,19,2013-10-31 14:20:05.806586,15974
5221774,83,Active,39,13,2013-10-31 14:20:05.8134,15974
5221775,84,Active,24,7,2013-10-31 14:20:05.820331,15974
5221776,85,Active,8,16,2013-10-31 14:20:05.82566,15974
5221777,86,Active,28,7,2013-10-31 14:20:05.830786,15974
5221778,87,Active,2,25,2013-10-31 14:20:05.83781,15974
5221779,88,Active,1,34,2013-10-31 14:20:05.846677,15974
5221780,89,Active,10,45,2013-10-31 14:20:05.853083,15974
5221781,90,Active,0,37,2013-10-31 14:20:05.85918,15974
5221782,91,Active,0,23,2013-10-31 14:20:05.867802,15974
5221783,92,Active,29,2,2013-10-31 14:20:05.873124,15974
5221784,93,Active,33,3,2013-10-31 14:20:05.878281,15974
5221785,94,Active,29,4,2013-10-31 14:20:05.885068,15974
5221786,95,Active,28,9,2013-10-31 14:20:05.893986,15974
5221787,96,Active,0,31,2013-10-31 14:20:05.89928,15974
5221788,97,Active,10,17,2013-10-31 14:20:05.907252,15974
5221789,98,Active,38,3,2013-10-31 14:20:05.913535,15974
5221790,99,Active,16,19,2013-10-31 14:20:05.918865,15974
5221791,100,Active,10,20,2013-10-31 14:20:05.924246,15974
5221792,101,Active,2,29,2013-10-31 14:20:05.929601,15974
5221793,102,Active,14,9,2013-10-31 14:20:05.937736,15974
5221794,103,Active,0,39,2013-10-31 14:20:05.949283,15974
5221795,104,Active,27,2,2013-10-31 14:20:05.971433,15974
5221796,105,Active,9,34,2013-10-31 14:20:05.982067,15974
5221797,106,Active,1,26,2013-10-31 14:20:05.987456,15974
5221798,107,Active,4,27,2013-10-31 14:20:05.995786,15974
5221799,108,Active,17,18,2013-10-31 14:20:06.010056,15974
5221800,109,Active,14,25,2013-10-31 14:20:06.030383,15974
5221801,110,Active,6,21,2013-10-31 14:20:06.039656,15974
5221802,111,Active,1,30,2013-10-31 14:20:06.044484,15974
5221803,112,Active,7,32,2013-10-31 14:20:06.072027,15974
5221804,113,Active,51,0,2013-10-31 14:20:06.079577,15974
5221805,114,Active,1,34,2013-10-31 14:20:06.085133,15974
5221806,115,Active,0,27,2013-10-31 14:20:06.090286,15974
5221807,116,Active,37,2,2013-10-31 14:20:06.098426,15974
5221808,117,Active,22,1,2013-10-31 14:20:06.104889,15974
5221809,118,Active,26,5,2013-10-31 14:20:06.10995,15974
5221810,119,Active,21,18,2013-10-31 14:20:06.115231,15974
5221811,120,Active,11,16,2013-10-31 14:20:06.120498,15974
5221812,121,Active,2,22,2013-10-31 14:20:06.125847,15974
5221813,122,Active,4,27,2013-10-31 14:20:06.131192,15974
5221814,123,Active,23,4,2013-10-31 14:20:06.136461,15974
5221815,124,Active,1,35,2013-10-31 14:20:06.142875,15974
5221816,125,Active,28,9,2013-10-31 14:20:06.15028,15974
5221817,126,Active,0,24,2013-10-31 14:20:06.155887,15974
5221818,127,Active,9,18,2013-10-31 14:20:06.161134,15974
5221819,128,Active,14,5,2013-10-31 14:20:06.166215,15974
5221820,129,Active,7,22,2013-10-31 14:20:06.171437,15974
5221821,130,Active,11,12,2013-10-31 14:20:06.177713,15974
5221822,131,Active,9,14,2013-10-31 14:20:06.183563,15974
5221823,132,Active,4,31,2013-10-31 14:20:06.189201,15974
5221824,133,Active,1,26,2013-10-31 14:20:06.19558,15974
5221825,134,Active,29,6,2013-10-31 14:20:06.202218,15974
5221826,135,Active,42,0,2013-10-31 14:20:06.210068,15974
5221827,136,Active,5,18,2013-10-31 14:20:06.215557,15974
5221828,137,Active,0,28,2013-10-31 14:20:06.222885,15974
5221829,138,Active,38,1,2013-10-31 14:20:06.227966,15974
5221830,139,Active,29,7,2013-10-31 14:20:06.236631,15974
5221831,140,Active,1,26,2013-10-31 14:20:06.24522,15974
5221832,141,Active,3,28,2013-10-31 14:20:06.250554,15974
5221833,142,Active,6,37,2013-10-31 14:20:06.255718,15974
5221834,143,Active,0,23,2013-10-31 14:20:06.262445,15974
5221835,144,Active,1,26,2013-10-31 14:20:06.26809,15974
5221836,145,Active,0,36,2013-10-31 14:20:06.275908,15974
5221837,146,Active,39,16,2013-10-31 14:20:06.283407,15974
5221838,147,Active,16,23,2013-10-31 14:20:06.290844,15974
5221839,148,Active,10,33,2013-10-31 14:20:06.298115,15974
5221840,149,Active,1,56,2013-10-31 14:20:06.303515,15974
5221841,150,Active,4,44,2013-10-31 14:20:06.33603,15974
5221842,151,Active,1,26,2013-10-31 14:20:06.343378,15974
5221843,152,Active,0,31,2013-10-31 14:20:06.348965,15974
5221844,153,Active,0,33,2013-10-31 14:20:06.356538,15974
5221845,154,Active,31,3,2013-10-31 14:20:06.362969,15974
5221846,155,Active,11,28,2013-10-31 14:20:06.372157,15974
5221847,156,Active,0,35,2013-10-31 14:20:06.405545,15974
5221848,157,Active,8,19,2013-10-31 14:20:06.414075,15974
5221849,158,Active,3,16,2013-10-31 14:20:06.419946,15974
5221850,159,Active,29,1,2013-10-31 14:20:06.425444,15974
5221851,160,Active,15,28,2013-10-31 14:20:06.432705,15974
5221852,161,Active,43,4,2013-10-31 14:20:06.440483,15974
5221853,162,Inactive,0,59,2013-10-31 14:20:06.450067,15974
5221854,163,Active,0,39,2013-10-31 14:20:06.457962,15974
5221855,164,Active,28,8,2013-10-31 14:20:06.464222,15974
5221856,165,Active,0,39,2013-10-31 14:20:06.471135,15974
5221857,166,Active,6,25,2013-10-31 14:20:06.480473,15974
5221858,167,Active,3,26,2013-10-31 14:20:06.488058,15974
5221859,168,Active,29,14,2013-10-31 14:20:06.521918,15974
5221860,169,Active,13,26,2013-10-31 14:20:06.529442,15974
5221861,170,Active,29,6,2013-10-31 14:20:06.537895,15974
5221862,171,Active,7,20,2013-10-31 14:20:06.543931,15974
5221863,172,Active,5,26,2013-10-31 14:20:06.552621,15974
5221864,173,Active,0,31,2013-10-31 14:20:06.559198,15974
5221865,174,Active,8,24,2013-10-31 14:20:06.568474,15974
5221866,175,Active,0,31,2013-10-31 14:20:06.575508,15974
5221867,176,Active,0,36,2013-10-31 14:20:06.581892,15974
5221868,177,Active,2,28,2013-10-31 14:20:06.615519,15974
5221869,178,Inactive,0,25,2013-10-31 14:20:06.625044,15974
5221870,179,Active,3,24,2013-10-31 14:20:06.631338,15974
5221871,180,Active,0,31,2013-10-31 14:20:06.637754,15974
5221872,181,Active,1,26,2013-10-31 14:20:06.644871,15974
5221873,182,Active,1,14,2013-10-31 14:20:06.651179,15974
5221874,183,Active,2,39,2013-10-31 14:20:06.692829,15974
5221875,184,Active,37,5,2013-10-31 14:20:06.711135,15974
5221876,185,Active,8,23,2013-10-31 14:20:06.750286,15974
5221877,186,Active,29,10,2013-10-31 14:20:06.764302,15974
5221878,187,Active,18,22,2013-10-31 14:20:06.779068,15974
5221879,188,Active,10,24,2013-10-31 14:20:06.786064,15974
5221880,189,Active,0,43,2013-10-31 14:20:06.821255,15974
5221881,190,Active,1,22,2013-10-31 14:20:06.831094,15974
5221882,191,Active,5,14,2013-10-31 14:20:06.837149,15974
5221883,192,Active,0,35,2013-10-31 14:20:06.844524,15974
5221884,193,Active,0,23,2013-10-31 14:20:06.852959,15974
5221885,194,Active,20,9,2013-10-31 14:20:06.858931,15974
5221886,195,Active,17,7,2013-10-31 14:20:06.89211,15974
5221887,196,Active,42,0,2013-10-31 14:20:06.899716,15974
5221888,197,Active,0,31,2013-10-31 14:20:06.90785,15974
5221889,198,Active,2,45,2013-10-31 14:20:06.914466,15974
5221890,199,Active,16,7,2013-10-31 14:20:06.923078,15974
5221891,200,Active,0,23,2013-10-31 14:20:06.956712,15974
5221892,201,Active,0,23,2013-10-31 14:20:06.965258,15974
5221893,202,Active,1,18,2013-10-31 14:20:06.970887,15974
5221894,203,Active,5,45,2013-10-31 14:20:06.976316,15974
5221895,204,Active,0,39,2013-10-31 14:20:06.984026,15974
5221896,205,Active,23,8,2013-10-31 14:20:06.991324,15974
5221897,206,Active,36,23,2013-10-31 14:20:07.02727,15974
5221898,207,Active,0,31,2013-10-31 14:20:07.036278,15974
5221899,208,Active,25,2,2013-10-31 14:20:07.045635,15974
5221900,209,Active,4,26,2013-10-31 14:20:07.051674,15974
5221901,210,Active,0,31,2013-10-31 14:20:07.059305,15974
5221902,211,Active,0,39,2013-10-31 14:20:07.066208,15974
5221903,212,Active,14,13,2013-10-31 14:20:07.109122,15974
5221904,213,Active,43,4,2013-10-31 14:20:07.133693,15974
5221905,214,Active,0,27,2013-10-31 14:20:07.171042,15974
5221906,215,Active,5,22,2013-10-31 14:20:07.181325,15974
5221907,216,Active,2,25,2013-10-31 14:20:07.187161,15974
5221908,217,Active,0,39,2013-10-31 14:20:07.192756,15974
5221909,218,Active,28,4,2013-10-31 14:20:07.198637,15974
5221910,219,Active,0,35,2013-10-31 14:20:07.204159,15974
5221911,220,Active,12,39,2013-10-31 14:20:07.237926,15974
5221912,221,Active,7,16,2013-10-31 14:20:07.244336,15974
5221913,222,Active,48,4,2013-10-31 14:20:07.250123,15974
5221914,223,Active,0,36,2013-10-31 14:20:07.255955,15974
5221915,224,Active,4,35,2013-10-31 14:20:07.288607,15974
5221916,225,Active,1,30,2013-10-31 14:20:07.309025,15974
5221917,226,Active,12,19,2013-10-31 14:20:07.315856,15974
5221918,227,Active,0,31,2013-10-31 14:20:07.323034,15974
5221919,228,Active,5,54,2013-10-31 14:20:07.328532,15974
5221920,229,Active,4,35,2013-10-31 14:20:07.334859,15974
5221921,230,Active,0,35,2013-10-31 14:20:07.340028,15974
5221922,231,Active,19,20,2013-10-31 14:20:07.346713,15974
5221923,232,Active,28,7,2013-10-31 14:20:07.381213,15974
5221924,233,Active,1,58,2013-10-31 14:20:07.390183,15974
5221925,234,Active,11,20,2013-10-31 14:20:07.403041,15974
5221926,235,Active,13,8,2013-10-31 14:20:07.445598,15974
5221927,236,Active,11,12,2013-10-31 14:20:07.454846,15974
5221928,237,Inactive,0,39,2013-10-31 14:20:07.463501,15974
5221929,238,Active,18,29,2013-10-31 14:20:07.471981,15974
5221930,239,Active,23,2,2013-10-31 14:20:07.477589,15974
5221931,240,Active,12,47,2013-10-31 14:20:07.513209,15974
5221932,241,Active,13,26,2013-10-31 14:20:07.523101,15974
5221933,242,Active,31,4,2013-10-31 14:20:07.528552,15974
5221934,243,Active,13,21,2013-10-31 14:20:07.534132,15974
5221935,244,Active,3,56,2013-10-31 14:20:07.539818,15974
5221936,245,Active,1,56,2013-10-31 14:20:07.547176,15974
5221937,246,Active,0,37,2013-10-31 14:20:07.55297,15974
5221938,247,Active,19,8,2013-10-31 14:20:07.558336,15974
5221939,248,Active,15,26,2013-10-31 14:20:07.564421,15974
5221940,249,Active,1,41,2013-10-31 14:20:07.570096,15974
5221941,250,Active,30,17,2013-10-31 14:20:07.576694,15974
5221942,251,Active,11,26,2013-10-31 14:20:07.583845,15974
5221943,252,Inactive,0,44,2013-10-31 14:20:07.591133,15974
5221944,253,Active,0,59,2013-10-31 14:20:07.598391,15974
5221945,254,Active,0,24,2013-10-31 14:20:07.604883,15974
5221946,255,Active,0,31,2013-10-31 14:20:07.613479,15974
5221947,256,Active,2,25,2013-10-31 14:20:07.620501,15974
5221948,257,Active,18,7,2013-10-31 14:20:07.62734,15974
5221949,258,Active,1,38,2013-10-31 14:20:07.633222,15974
5221950,259,Active,1,34,2013-10-31 14:20:07.6383,15974
5221951,260,Active,38,6,2013-10-31 14:20:07.643629,15974
5221952,261,Active,15,24,2013-10-31 14:20:07.648877,15974
5221953,262,Active,9,30,2013-10-31 14:20:07.654297,15974
5221954,263,Active,0,36,2013-10-31 14:20:07.659511,15974
5221955,264,Active,5,36,2013-10-31 14:20:07.667113,15974
5221956,265,Active,36,1,2013-10-31 14:20:07.672622,15974
5221957,266,Active,18,41,2013-10-31 14:20:07.678347,15974
5221958,267,Active,49,4,2013-10-31 14:20:07.683472,15974
5221959,268,Active,1,48,2013-10-31 14:20:07.716807,15974
5221960,269,Active,13,21,2013-10-31 14:20:07.723159,15974
5221961,270,Active,1,34,2013-10-31 14:20:07.730715,15974
5221962,271,Active,3,22,2013-10-31 14:20:07.744009,15974
5221963,272,Inactive,0,35,2013-10-31 14:20:07.759799,15974
5221964,273,Active,52,7,2013-10-31 14:20:07.766508,15974
5221965,274,Active,0,30,2013-10-31 14:20:07.774271,15974
5221966,275,Active,1,35,2013-10-31 14:20:07.780602,15974
5221967,276,Active,23,29,2013-10-31 14:20:07.789363,15974
5221968,277,Active,13,30,2013-10-31 14:20:07.798625,15974
5221969,330,Active,1,29,2013-10-31 14:20:07.806598,15974
5221970,278,Inactive,0,27,2013-10-31 14:20:07.815942,15974
5221971,279,Active,0,45,2013-10-31 14:20:07.848921,15974
5221972,280,Active,2,34,2013-10-31 14:20:07.854693,15974
5221973,281,Active,3,44,2013-10-31 14:20:07.859922,15974
5221974,282,Active,20,4,2013-10-31 14:20:07.865573,15974
5221975,283,Active,3,33,2013-10-31 14:20:07.871706,15974
5221976,284,Active,49,2,2013-10-31 14:20:07.877151,15974
5221977,285,Active,0,33,2013-10-31 14:20:07.884509,15974
5221978,286,Active,3,24,2013-10-31 14:20:07.890362,15974
5221979,287,Active,5,22,2013-10-31 14:20:07.89602,15974
5221980,288,Active,34,19,2013-10-31 14:20:07.901735,15974
5221981,289,Active,0,35,2013-10-31 14:20:07.908121,15974
5221982,290,Active,9,22,2013-10-31 14:20:07.915235,15974
5221983,291,Active,30,29,2013-10-31 14:20:07.926342,15974
5221984,292,Active,6,33,2013-10-31 14:20:07.943209,15974
5221985,293,Active,20,41,2013-10-31 14:20:07.948328,15974
5221986,294,Active,36,3,2013-10-31 14:20:07.953627,15974
5221987,295,Active,21,46,2013-10-31 14:20:07.958727,15974
5221988,296,Active,43,8,2013-10-31 14:20:07.963902,15974
5221989,297,Active,7,44,2013-10-31 14:20:07.995987,15974
5221990,298,Active,45,12,2013-10-31 14:20:08.001869,15974
5221991,299,Active,35,4,2013-10-31 14:20:08.007466,15974
5221992,300,Active,13,30,2013-10-31 14:20:08.012776,15974
5221993,301,Inactive,0,7,2013-10-31 14:20:08.018496,15974
5221994,302,Active,3,36,2013-10-31 14:20:08.023558,15974
5221995,303,Active,5,36,2013-10-31 14:20:08.029148,15974
5221996,305,Active,2,37,2013-10-31 14:20:08.034524,15974
5221997,306,Active,17,26,2013-10-31 14:20:08.067152,15974
5221998,307,Active,4,46,2013-10-31 14:20:08.072638,15974
5221999,308,Active,12,19,2013-10-31 14:20:08.077741,15974
5222000,309,Active,26,3,2013-10-31 14:20:08.083283,15974
5222001,310,Active,33,6,2013-10-31 14:20:08.08862,15974
5222002,311,Active,35,4,2013-10-31 14:20:08.094284,15974
5222003,312,Active,27,4,2013-10-31 14:20:08.100584,15974
5222004,313,Active,10,29,2013-10-31 14:20:08.107211,15974
5222005,314,Active,1,26,2013-10-31 14:20:08.114197,15974
5222006,315,Active,15,23,2013-10-31 14:20:08.125846,15974
5222007,316,Active,19,11,2013-10-31 14:20:08.131954,15974
5222008,317,Active,6,9,2013-10-31 14:20:08.138629,15974
5222009,318,Active,18,9,2013-10-31 14:20:08.144304,15974
5222010,319,Active,0,30,2013-10-31 14:20:08.149565,15974
5222011,320,Active,2,34,2013-10-31 14:20:08.154873,15974
5222012,321,Active,5,7,2013-10-31 14:20:08.16033,15974
5222013,322,Active,6,43,2013-10-31 14:20:08.165647,15974
5222014,332,Active,7,17,2013-10-31 14:20:08.171868,15974
5222015,327,Active,9,26,2013-10-31 14:20:08.177136,15974
5222016,328,Active,35,4,2013-10-31 14:20:08.182298,15974
5222017,331,Active,16,20,2013-10-31 14:20:08.188043,15974
5222018,323,Active,0,39,2013-10-31 14:20:08.193381,15974
5222019,324,Active,1,42,2013-10-31 14:20:08.198703,15974
5222020,329,Active,4,29,2013-10-31 14:20:08.206172,15974
5222021,325,Active,21,15,2013-10-31 14:20:08.211699,15974
5222022,326,Active,18,7,2013-10-31 14:20:08.216864,15974
5222023,1,Active,5,34,2013-10-31 14:30:05.028645,15975
5222024,2,Active,23,10,2013-10-31 14:30:05.038396,15975
5222025,3,Active,10,16,2013-10-31 14:30:05.043873,15975
5222026,4,Active,4,58,2013-10-31 14:30:05.048531,15975
5222027,5,Active,14,25,2013-10-31 14:30:05.053182,15975
5222028,6,Active,4,15,2013-10-31 14:30:05.057747,15975
5222029,7,Active,0,19,2013-10-31 14:30:05.062414,15975
5222030,8,Active,0,31,2013-10-31 14:30:05.067114,15975
5222031,9,Active,29,1,2013-10-31 14:30:05.071704,15975
5222032,10,Active,41,5,2013-10-31 14:30:05.076229,15975
5222033,11,Active,0,24,2013-10-31 14:30:05.080561,15975
5222034,12,Active,7,12,2013-10-31 14:30:05.089415,15975
5222035,13,Active,6,33,2013-10-31 14:30:05.093767,15975
5222036,14,Active,30,3,2013-10-31 14:30:05.098287,15975
5222037,15,Active,2,29,2013-10-31 14:30:05.103048,15975
5222038,16,Active,26,7,2013-10-31 14:30:05.10768,15975
5222039,17,Active,16,13,2013-10-31 14:30:05.1124,15975
5222040,18,Active,30,25,2013-10-31 14:30:05.116887,15975
5222041,19,Active,1,22,2013-10-31 14:30:05.121679,15975
5222042,20,Active,1,25,2013-10-31 14:30:05.126062,15975
5222043,21,Active,12,23,2013-10-31 14:30:05.132801,15975
5222044,22,Active,17,30,2013-10-31 14:30:05.137706,15975
5222045,23,Active,30,15,2013-10-31 14:30:05.143614,15975
5222046,24,Active,3,44,2013-10-31 14:30:05.149623,15975
5222047,25,Active,30,21,2013-10-31 14:30:05.154207,15975
5222048,26,Active,0,30,2013-10-31 14:30:05.161507,15975
5222049,27,Active,39,6,2013-10-31 14:30:05.166182,15975
5222050,28,Active,16,12,2013-10-31 14:30:05.170632,15975
5222051,29,Active,0,23,2013-10-31 14:30:05.176021,15975
5222052,30,Active,24,15,2013-10-31 14:30:05.18083,15975
5222053,31,Active,3,35,2013-10-31 14:30:05.185544,15975
5222054,32,Active,14,19,2013-10-31 14:30:05.190316,15975
5222055,33,Active,5,26,2013-10-31 14:30:05.194943,15975
5222056,34,Active,31,6,2013-10-31 14:30:05.199757,15975
5222057,35,Active,52,3,2013-10-31 14:30:05.205333,15975
5222058,36,Active,23,4,2013-10-31 14:30:05.210348,15975
5222059,37,Active,0,23,2013-10-31 14:30:05.214935,15975
5222060,38,Active,14,25,2013-10-31 14:30:05.219291,15975
5222061,39,Active,1,38,2013-10-31 14:30:05.223581,15975
5222062,40,Active,0,39,2013-10-31 14:30:05.228762,15975
5222063,41,Active,2,29,2013-10-31 14:30:05.233518,15975
5222064,42,Active,26,5,2013-10-31 14:30:05.238941,15975
5222065,43,Active,0,23,2013-10-31 14:30:05.24605,15975
5222066,44,Active,0,23,2013-10-31 14:30:05.250701,15975
5222067,45,Active,14,25,2013-10-31 14:30:05.255193,15975
5222068,46,Active,2,29,2013-10-31 14:30:05.259599,15975
5222069,47,Active,0,23,2013-10-31 14:30:05.26393,15975
5222070,48,Active,0,20,2013-10-31 14:30:05.268687,15975
5222071,49,Active,19,4,2013-10-31 14:30:05.276133,15975
5222072,50,Active,20,7,2013-10-31 14:30:05.283334,15975
5222073,51,Active,37,3,2013-10-31 14:30:05.289498,15975
5222074,52,Active,11,16,2013-10-31 14:30:05.293981,15975
5222075,53,Active,0,33,2013-10-31 14:30:05.298289,15975
5222076,54,Active,8,39,2013-10-31 14:30:05.304618,15975
5222077,55,Active,1,30,2013-10-31 14:30:05.309948,15975
5222078,56,Active,23,16,2013-10-31 14:30:05.337736,15975
5222079,57,Active,0,23,2013-10-31 14:30:05.345915,15975
5222080,58,Active,35,4,2013-10-31 14:30:05.351358,15975
5222081,59,Active,33,2,2013-10-31 14:30:05.356568,15975
5222082,60,Active,4,23,2013-10-31 14:30:05.361817,15975
5222083,61,Active,0,24,2013-10-31 14:30:05.367114,15975
5222084,62,Active,18,13,2013-10-31 14:30:05.372284,15975
5222085,63,Active,26,1,2013-10-31 14:30:05.378123,15975
5222086,64,Active,2,33,2013-10-31 14:30:05.383219,15975
5222087,65,Active,0,24,2013-10-31 14:30:05.388706,15975
5222088,66,Active,2,55,2013-10-31 14:30:05.394151,15975
5222089,67,Active,25,2,2013-10-31 14:30:05.399295,15975
5222090,68,Active,0,23,2013-10-31 14:30:05.404426,15975
5222091,69,Active,2,37,2013-10-31 14:30:05.409789,15975
5222092,70,Active,5,26,2013-10-31 14:30:05.415356,15975
5222093,71,Active,0,19,2013-10-31 14:30:05.421406,15975
5222094,72,Active,3,22,2013-10-31 14:30:05.427184,15975
5222095,73,Active,0,19,2013-10-31 14:30:05.432789,15975
5222096,74,Active,5,14,2013-10-31 14:30:05.438112,15975
5222097,75,Active,3,28,2013-10-31 14:30:05.443513,15975
5222098,76,Active,50,9,2013-10-31 14:30:05.448649,15975
5222099,77,Active,5,22,2013-10-31 14:30:05.454707,15975
5222100,78,Active,15,28,2013-10-31 14:30:05.459948,15975
5222101,79,Active,27,17,2013-10-31 14:30:05.465652,15975
5222102,80,Active,0,19,2013-10-31 14:30:05.471146,15975
5222103,81,Active,0,29,2013-10-31 14:30:05.47703,15975
5222104,82,Active,1,19,2013-10-31 14:30:05.482194,15975
5222105,83,Active,34,18,2013-10-31 14:30:05.487185,15975
5222106,84,Active,25,6,2013-10-31 14:30:05.492414,15975
5222107,85,Active,8,16,2013-10-31 14:30:05.497575,15975
5222108,86,Active,26,9,2013-10-31 14:30:05.504054,15975
5222109,87,Active,2,25,2013-10-31 14:30:05.509233,15975
5222110,88,Active,1,34,2013-10-31 14:30:05.514484,15975
5222111,89,Active,10,45,2013-10-31 14:30:05.519678,15975
5222112,90,Active,0,37,2013-10-31 14:30:05.525758,15975
5222113,91,Active,0,23,2013-10-31 14:30:05.530864,15975
5222114,92,Active,29,2,2013-10-31 14:30:05.536481,15975
5222115,93,Active,33,3,2013-10-31 14:30:05.541889,15975
5222116,94,Active,27,6,2013-10-31 14:30:05.546972,15975
5222117,95,Active,29,8,2013-10-31 14:30:05.55277,15975
5222118,96,Active,1,30,2013-10-31 14:30:05.558161,15975
5222119,97,Active,9,18,2013-10-31 14:30:05.563245,15975
5222120,98,Active,38,3,2013-10-31 14:30:05.568837,15975
5222121,99,Active,14,21,2013-10-31 14:30:05.574316,15975
5222122,100,Active,10,20,2013-10-31 14:30:05.579997,15975
5222123,101,Active,3,28,2013-10-31 14:30:05.586413,15975
5222124,102,Active,14,9,2013-10-31 14:30:05.59212,15975
5222125,103,Active,0,39,2013-10-31 14:30:05.598312,15975
5222126,104,Active,26,3,2013-10-31 14:30:05.604086,15975
5222127,105,Active,10,33,2013-10-31 14:30:05.60981,15975
5222128,106,Active,0,27,2013-10-31 14:30:05.616598,15975
5222129,107,Active,9,22,2013-10-31 14:30:05.62212,15975
5222130,108,Active,17,18,2013-10-31 14:30:05.627244,15975
5222131,109,Active,14,25,2013-10-31 14:30:05.633912,15975
5222132,110,Active,6,21,2013-10-31 14:30:05.639523,15975
5222133,111,Active,2,29,2013-10-31 14:30:05.644175,15975
5222134,112,Active,8,31,2013-10-31 14:30:05.672809,15975
5222135,113,Active,51,0,2013-10-31 14:30:05.680897,15975
5222136,114,Active,0,35,2013-10-31 14:30:05.686234,15975
5222137,115,Active,0,27,2013-10-31 14:30:05.691479,15975
5222138,116,Active,36,3,2013-10-31 14:30:05.696682,15975
5222139,117,Active,22,1,2013-10-31 14:30:05.701876,15975
5222140,118,Active,27,4,2013-10-31 14:30:05.707204,15975
5222141,119,Active,22,17,2013-10-31 14:30:05.712485,15975
5222142,120,Active,11,16,2013-10-31 14:30:05.717758,15975
5222143,121,Active,2,22,2013-10-31 14:30:05.723026,15975
5222144,122,Active,3,28,2013-10-31 14:30:05.72853,15975
5222145,123,Active,23,4,2013-10-31 14:30:05.733964,15975
5222146,124,Active,2,34,2013-10-31 14:30:05.739591,15975
5222147,125,Active,26,11,2013-10-31 14:30:05.745118,15975
5222148,126,Active,0,24,2013-10-31 14:30:05.750454,15975
5222149,127,Active,7,20,2013-10-31 14:30:05.755825,15975
5222150,128,Active,14,5,2013-10-31 14:30:05.762171,15975
5222151,129,Active,5,24,2013-10-31 14:30:05.76775,15975
5222152,130,Active,10,13,2013-10-31 14:30:05.772929,15975
5222153,131,Active,9,14,2013-10-31 14:30:05.778531,15975
5222154,132,Active,3,32,2013-10-31 14:30:05.783762,15975
5222155,133,Active,0,27,2013-10-31 14:30:05.788757,15975
5222156,134,Active,32,3,2013-10-31 14:30:05.79514,15975
5222157,135,Active,42,0,2013-10-31 14:30:05.800439,15975
5222158,136,Active,5,18,2013-10-31 14:30:05.80572,15975
5222159,137,Active,0,28,2013-10-31 14:30:05.810951,15975
5222160,138,Active,38,1,2013-10-31 14:30:05.816034,15975
5222161,139,Active,33,3,2013-10-31 14:30:05.821227,15975
5222162,140,Active,2,25,2013-10-31 14:30:05.826609,15975
5222163,141,Active,3,28,2013-10-31 14:30:05.831656,15975
5222164,142,Active,5,38,2013-10-31 14:30:05.837048,15975
5222165,143,Active,0,23,2013-10-31 14:30:05.843582,15975
5222166,144,Active,0,27,2013-10-31 14:30:05.84985,15975
5222167,145,Active,0,36,2013-10-31 14:30:05.855617,15975
5222168,146,Active,40,15,2013-10-31 14:30:05.860927,15975
5222169,147,Active,17,22,2013-10-31 14:30:05.866856,15975
5222170,148,Active,10,33,2013-10-31 14:30:05.872472,15975
5222171,149,Active,2,55,2013-10-31 14:30:05.879091,15975
5222172,150,Active,2,46,2013-10-31 14:30:05.886103,15975
5222173,151,Active,1,26,2013-10-31 14:30:05.892048,15975
5222174,152,Active,0,31,2013-10-31 14:30:05.897505,15975
5222175,153,Active,0,33,2013-10-31 14:30:05.903267,15975
5222176,154,Active,19,15,2013-10-31 14:30:05.908708,15975
5222177,155,Active,11,28,2013-10-31 14:30:05.914796,15975
5222178,156,Active,0,35,2013-10-31 14:30:05.92051,15975
5222179,157,Active,8,19,2013-10-31 14:30:05.926106,15975
5222180,158,Active,3,16,2013-10-31 14:30:05.931554,15975
5222181,159,Active,30,0,2013-10-31 14:30:05.936923,15975
5222182,160,Active,15,28,2013-10-31 14:30:05.942453,15975
5222183,161,Active,43,4,2013-10-31 14:30:05.947826,15975
5222184,162,Inactive,0,59,2013-10-31 14:30:05.952924,15975
5222185,163,Active,0,39,2013-10-31 14:30:05.962273,15975
5222186,164,Active,28,8,2013-10-31 14:30:05.967527,15975
5222187,165,Active,0,39,2013-10-31 14:30:05.973905,15975
5222188,166,Active,5,26,2013-10-31 14:30:05.979346,15975
5222189,167,Active,3,26,2013-10-31 14:30:05.984682,15975
5222190,168,Active,28,15,2013-10-31 14:30:06.022788,15975
5222191,169,Active,10,29,2013-10-31 14:30:06.034441,15975
5222192,170,Active,28,7,2013-10-31 14:30:06.040261,15975
5222193,171,Active,7,20,2013-10-31 14:30:06.047203,15975
5222194,172,Active,5,26,2013-10-31 14:30:06.052825,15975
5222195,173,Active,0,31,2013-10-31 14:30:06.060627,15975
5222196,174,Active,8,24,2013-10-31 14:30:06.067354,15975
5222197,175,Active,0,31,2013-10-31 14:30:06.074514,15975
5222198,176,Active,0,36,2013-10-31 14:30:06.079844,15975
5222199,177,Active,2,28,2013-10-31 14:30:06.084834,15975
5222200,178,Inactive,0,25,2013-10-31 14:30:06.089941,15975
5222201,179,Active,3,24,2013-10-31 14:30:06.09523,15975
5222202,180,Active,0,31,2013-10-31 14:30:06.102077,15975
5222203,181,Active,1,26,2013-10-31 14:30:06.10736,15975
5222204,182,Active,2,13,2013-10-31 14:30:06.112482,15975
5222205,183,Active,2,39,2013-10-31 14:30:06.117728,15975
5222206,184,Active,33,9,2013-10-31 14:30:06.122911,15975
5222207,185,Active,6,25,2013-10-31 14:30:06.128059,15975
5222208,186,Active,27,12,2013-10-31 14:30:06.133059,15975
5222209,187,Active,15,25,2013-10-31 14:30:06.138224,15975
5222210,188,Active,8,26,2013-10-31 14:30:06.143615,15975
5222211,189,Active,0,43,2013-10-31 14:30:06.148763,15975
5222212,190,Active,2,21,2013-10-31 14:30:06.154135,15975
5222213,191,Active,5,14,2013-10-31 14:30:06.159367,15975
5222214,192,Active,1,34,2013-10-31 14:30:06.164484,15975
5222215,193,Active,0,23,2013-10-31 14:30:06.169688,15975
5222216,194,Active,21,8,2013-10-31 14:30:06.174884,15975
5222217,195,Active,17,7,2013-10-31 14:30:06.180912,15975
5222218,196,Active,41,1,2013-10-31 14:30:06.185943,15975
5222219,197,Active,0,31,2013-10-31 14:30:06.191219,15975
5222220,198,Active,0,47,2013-10-31 14:30:06.196341,15975
5222221,199,Active,17,6,2013-10-31 14:30:06.202195,15975
5222222,200,Active,0,23,2013-10-31 14:30:06.207671,15975
5222223,201,Active,0,23,2013-10-31 14:30:06.213612,15975
5222224,202,Active,1,18,2013-10-31 14:30:06.221465,15975
5222225,203,Active,6,44,2013-10-31 14:30:06.226765,15975
5222226,204,Active,0,39,2013-10-31 14:30:06.232069,15975
5222227,205,Active,24,7,2013-10-31 14:30:06.237338,15975
5222228,206,Active,37,22,2013-10-31 14:30:06.242565,15975
5222229,207,Active,0,31,2013-10-31 14:30:06.248293,15975
5222230,208,Active,25,2,2013-10-31 14:30:06.253537,15975
5222231,209,Active,5,25,2013-10-31 14:30:06.258895,15975
5222232,210,Active,0,31,2013-10-31 14:30:06.264109,15975
5222233,211,Active,0,39,2013-10-31 14:30:06.2698,15975
5222234,212,Active,15,12,2013-10-31 14:30:06.277904,15975
5222235,213,Active,43,4,2013-10-31 14:30:06.284211,15975
5222236,214,Active,0,27,2013-10-31 14:30:06.289417,15975
5222237,215,Active,5,22,2013-10-31 14:30:06.294854,15975
5222238,216,Active,3,24,2013-10-31 14:30:06.300444,15975
5222239,217,Active,1,38,2013-10-31 14:30:06.305979,15975
5222240,218,Active,27,5,2013-10-31 14:30:06.311506,15975
5222241,219,Active,0,35,2013-10-31 14:30:06.316898,15975
5222242,220,Active,10,41,2013-10-31 14:30:06.322054,15975
5222243,221,Active,7,16,2013-10-31 14:30:06.327742,15975
5222244,222,Active,48,4,2013-10-31 14:30:06.332958,15975
5222245,223,Active,1,35,2013-10-31 14:30:06.338685,15975
5222246,224,Active,7,32,2013-10-31 14:30:06.368611,15975
5222247,225,Active,1,30,2013-10-31 14:30:06.376178,15975
5222248,226,Active,13,18,2013-10-31 14:30:06.381421,15975
5222249,227,Active,0,31,2013-10-31 14:30:06.388437,15975
5222250,228,Active,4,55,2013-10-31 14:30:06.393805,15975
5222251,229,Active,4,35,2013-10-31 14:30:06.399056,15975
5222252,230,Active,2,33,2013-10-31 14:30:06.404313,15975
5222253,231,Active,19,20,2013-10-31 14:30:06.409849,15975
5222254,232,Active,29,6,2013-10-31 14:30:06.415034,15975
5222255,233,Active,0,59,2013-10-31 14:30:06.420418,15975
5222256,234,Active,11,20,2013-10-31 14:30:06.427606,15975
5222257,235,Active,15,6,2013-10-31 14:30:06.4332,15975
5222258,236,Active,11,12,2013-10-31 14:30:06.44212,15975
5222259,237,Inactive,0,39,2013-10-31 14:30:06.449141,15975
5222260,238,Active,16,31,2013-10-31 14:30:06.457673,15975
5222261,239,Active,23,2,2013-10-31 14:30:06.465087,15975
5222262,240,Active,14,45,2013-10-31 14:30:06.471248,15975
5222263,241,Active,13,26,2013-10-31 14:30:06.476653,15975
5222264,242,Active,31,4,2013-10-31 14:30:06.482278,15975
5222265,243,Active,11,23,2013-10-31 14:30:06.487626,15975
5222266,244,Active,3,56,2013-10-31 14:30:06.493049,15975
5222267,245,Active,1,56,2013-10-31 14:30:06.498289,15975
5222268,246,Active,0,37,2013-10-31 14:30:06.503549,15975
5222269,247,Active,18,9,2013-10-31 14:30:06.508658,15975
5222270,248,Active,14,27,2013-10-31 14:30:06.513796,15975
5222271,249,Active,1,41,2013-10-31 14:30:06.519161,15975
5222272,250,Active,28,19,2013-10-31 14:30:06.524346,15975
5222273,251,Active,8,29,2013-10-31 14:30:06.529898,15975
5222274,252,Inactive,0,44,2013-10-31 14:30:06.535875,15975
5222275,253,Active,4,55,2013-10-31 14:30:06.541179,15975
5222276,254,Active,1,23,2013-10-31 14:30:06.54648,15975
5222277,255,Active,1,30,2013-10-31 14:30:06.551853,15975
5222278,256,Active,2,25,2013-10-31 14:30:06.557403,15975
5222279,257,Active,18,7,2013-10-31 14:30:06.562526,15975
5222280,258,Active,3,36,2013-10-31 14:30:06.569527,15975
5222281,259,Active,1,34,2013-10-31 14:30:06.576134,15975
5222282,260,Active,39,5,2013-10-31 14:30:06.581418,15975
5222283,261,Active,14,25,2013-10-31 14:30:06.586647,15975
5222284,262,Active,9,30,2013-10-31 14:30:06.592197,15975
5222285,263,Active,0,36,2013-10-31 14:30:06.598689,15975
5222286,264,Active,4,37,2013-10-31 14:30:06.604138,15975
5222287,265,Active,35,2,2013-10-31 14:30:06.61138,15975
5222288,266,Active,16,43,2013-10-31 14:30:06.616867,15975
5222289,267,Active,48,5,2013-10-31 14:30:06.622142,15975
5222290,268,Active,5,44,2013-10-31 14:30:06.627522,15975
5222291,269,Active,11,23,2013-10-31 14:30:06.632749,15975
5222292,270,Active,0,35,2013-10-31 14:30:06.638041,15975
5222293,271,Active,3,22,2013-10-31 14:30:06.643227,15975
5222294,272,Inactive,0,35,2013-10-31 14:30:06.648485,15975
5222295,273,Active,54,5,2013-10-31 14:30:06.653753,15975
5222296,274,Active,2,28,2013-10-31 14:30:06.659026,15975
5222297,275,Active,4,32,2013-10-31 14:30:06.664445,15975
5222298,276,Active,26,26,2013-10-31 14:30:06.670029,15975
5222299,277,Active,15,28,2013-10-31 14:30:06.675253,15975
5222300,330,Active,1,29,2013-10-31 14:30:06.680915,15975
5222301,278,Inactive,0,27,2013-10-31 14:30:06.686664,15975
5222302,279,Active,0,45,2013-10-31 14:30:06.719115,15975
5222303,280,Active,1,35,2013-10-31 14:30:06.724608,15975
5222304,281,Active,4,43,2013-10-31 14:30:06.730261,15975
5222305,282,Active,21,3,2013-10-31 14:30:06.735743,15975
5222306,283,Active,1,35,2013-10-31 14:30:06.741311,15975
5222307,284,Active,49,2,2013-10-31 14:30:06.746566,15975
5222308,285,Active,0,33,2013-10-31 14:30:06.754203,15975
5222309,286,Active,5,22,2013-10-31 14:30:06.759747,15975
5222310,287,Active,5,22,2013-10-31 14:30:06.765545,15975
5222311,288,Active,34,19,2013-10-31 14:30:06.770783,15975
5222312,289,Active,0,35,2013-10-31 14:30:06.776804,15975
5222313,290,Active,9,22,2013-10-31 14:30:06.782037,15975
5222314,291,Active,31,28,2013-10-31 14:30:06.787166,15975
5222315,292,Active,5,34,2013-10-31 14:30:06.79347,15975
5222316,293,Active,16,45,2013-10-31 14:30:06.798723,15975
5222317,294,Active,36,3,2013-10-31 14:30:06.804135,15975
5222318,295,Active,31,36,2013-10-31 14:30:06.809275,15975
5222319,296,Active,45,6,2013-10-31 14:30:06.818611,15975
5222320,297,Active,8,43,2013-10-31 14:30:06.82872,15975
5222321,298,Active,46,11,2013-10-31 14:30:06.836351,15975
5222322,299,Active,35,4,2013-10-31 14:30:06.84154,15975
5222323,300,Active,12,31,2013-10-31 14:30:06.8477,15975
5222324,301,Inactive,0,7,2013-10-31 14:30:06.852817,15975
5222325,302,Active,1,38,2013-10-31 14:30:06.857852,15975
5222326,303,Active,4,37,2013-10-31 14:30:06.86361,15975
5222327,305,Active,3,36,2013-10-31 14:30:06.869063,15975
5222328,306,Active,17,26,2013-10-31 14:30:06.874305,15975
5222329,307,Active,5,45,2013-10-31 14:30:06.879566,15975
5222330,308,Active,13,18,2013-10-31 14:30:06.885424,15975
5222331,309,Active,26,3,2013-10-31 14:30:06.890946,15975
5222332,310,Active,33,6,2013-10-31 14:30:06.89642,15975
5222333,311,Active,37,2,2013-10-31 14:30:06.901528,15975
5222334,312,Active,27,4,2013-10-31 14:30:06.907052,15975
5222335,313,Active,10,29,2013-10-31 14:30:06.912794,15975
5222336,314,Active,1,26,2013-10-31 14:30:06.917947,15975
5222337,315,Active,16,22,2013-10-31 14:30:06.923225,15975
5222338,316,Active,19,11,2013-10-31 14:30:06.928578,15975
5222339,317,Active,6,9,2013-10-31 14:30:06.934248,15975
5222340,318,Active,19,8,2013-10-31 14:30:06.939468,15975
5222341,319,Active,0,30,2013-10-31 14:30:06.944995,15975
5222342,320,Active,2,34,2013-10-31 14:30:06.950716,15975
5222343,321,Active,5,7,2013-10-31 14:30:06.956153,15975
5222344,322,Active,7,42,2013-10-31 14:30:06.961412,15975
5222345,332,Active,7,17,2013-10-31 14:30:06.966955,15975
5222346,327,Active,9,26,2013-10-31 14:30:06.973218,15975
5222347,328,Active,35,4,2013-10-31 14:30:06.978766,15975
5222348,331,Active,16,20,2013-10-31 14:30:06.984458,15975
5222349,323,Active,0,39,2013-10-31 14:30:06.990063,15975
5222350,324,Active,2,41,2013-10-31 14:30:06.995244,15975
5222351,329,Active,4,29,2013-10-31 14:30:07.000922,15975
5222352,325,Active,22,14,2013-10-31 14:30:07.006481,15975
5222353,326,Active,18,7,2013-10-31 14:30:07.012007,15975
5222354,1,Active,5,34,2013-10-31 14:40:04.881927,15976
5222355,2,Active,24,9,2013-10-31 14:40:04.892269,15976
5222356,3,Active,10,16,2013-10-31 14:40:04.898357,15976
5222357,4,Active,4,58,2013-10-31 14:40:04.902724,15976
5222358,5,Active,15,24,2013-10-31 14:40:04.907162,15976
5222359,6,Active,4,15,2013-10-31 14:40:04.911609,15976
5222360,7,Active,0,19,2013-10-31 14:40:04.916242,15976
5222361,8,Active,0,31,2013-10-31 14:40:04.921318,15976
5222362,9,Active,29,1,2013-10-31 14:40:04.929634,15976
5222363,10,Active,42,4,2013-10-31 14:40:04.934591,15976
5222364,11,Active,0,24,2013-10-31 14:40:04.944111,15976
5222365,12,Active,7,12,2013-10-31 14:40:04.949926,15976
5222366,13,Active,6,33,2013-10-31 14:40:04.956629,15976
5222367,14,Active,29,4,2013-10-31 14:40:04.96505,15976
5222368,15,Active,3,28,2013-10-31 14:40:04.969562,15976
5222369,16,Active,28,5,2013-10-31 14:40:04.974077,15976
5222370,17,Active,19,10,2013-10-31 14:40:04.978496,15976
5222371,18,Active,28,27,2013-10-31 14:40:04.983119,15976
5222372,19,Active,1,22,2013-10-31 14:40:04.987598,15976
5222373,20,Active,0,26,2013-10-31 14:40:04.993205,15976
5222374,21,Active,18,17,2013-10-31 14:40:04.998382,15976
5222375,22,Active,16,31,2013-10-31 14:40:05.00317,15976
5222376,23,Active,31,14,2013-10-31 14:40:05.008221,15976
5222377,24,Active,0,47,2013-10-31 14:40:05.013025,15976
5222378,25,Active,29,22,2013-10-31 14:40:05.019038,15976
5222379,26,Active,0,30,2013-10-31 14:40:05.024152,15976
5222380,27,Active,40,5,2013-10-31 14:40:05.029319,15976
5222381,28,Active,19,9,2013-10-31 14:40:05.03422,15976
5222382,29,Active,0,23,2013-10-31 14:40:05.039258,15976
5222383,30,Active,24,15,2013-10-31 14:40:05.044407,15976
5222384,31,Active,3,35,2013-10-31 14:40:05.050297,15976
5222385,32,Active,16,17,2013-10-31 14:40:05.058962,15976
5222386,33,Active,5,26,2013-10-31 14:40:05.063909,15976
5222387,34,Active,32,5,2013-10-31 14:40:05.068688,15976
5222388,35,Active,52,3,2013-10-31 14:40:05.073924,15976
5222389,36,Active,23,4,2013-10-31 14:40:05.079699,15976
5222390,37,Active,0,23,2013-10-31 14:40:05.085087,15976
5222391,38,Active,14,25,2013-10-31 14:40:05.09244,15976
5222392,39,Active,1,38,2013-10-31 14:40:05.097415,15976
5222393,40,Active,3,36,2013-10-31 14:40:05.102487,15976
5222394,41,Active,1,30,2013-10-31 14:40:05.107946,15976
5222395,42,Active,26,5,2013-10-31 14:40:05.113444,15976
5222396,43,Active,0,23,2013-10-31 14:40:05.118626,15976
5222397,44,Active,0,23,2013-10-31 14:40:05.123418,15976
5222398,45,Active,14,25,2013-10-31 14:40:05.129228,15976
5222399,46,Active,3,28,2013-10-31 14:40:05.13666,15976
5222400,47,Active,0,23,2013-10-31 14:40:05.141425,15976
5222401,48,Active,0,20,2013-10-31 14:40:05.147417,15976
5222402,49,Active,19,4,2013-10-31 14:40:05.157392,15976
5222403,50,Active,21,6,2013-10-31 14:40:05.1622,15976
5222404,51,Active,36,4,2013-10-31 14:40:05.169358,15976
5222405,52,Active,14,13,2013-10-31 14:40:05.17404,15976
5222406,53,Active,0,33,2013-10-31 14:40:05.178614,15976
5222407,54,Active,8,39,2013-10-31 14:40:05.187125,15976
5222408,55,Active,0,31,2013-10-31 14:40:05.19152,15976
5222409,56,Active,24,15,2013-10-31 14:40:05.221679,15976
5222410,57,Active,0,23,2013-10-31 14:40:05.227611,15976
5222411,58,Active,35,4,2013-10-31 14:40:05.233768,15976
5222412,59,Active,33,2,2013-10-31 14:40:05.240298,15976
5222413,60,Active,4,23,2013-10-31 14:40:05.246085,15976
5222414,61,Active,0,24,2013-10-31 14:40:05.252088,15976
5222415,62,Active,18,13,2013-10-31 14:40:05.258519,15976
5222416,63,Active,27,0,2013-10-31 14:40:05.263829,15976
5222417,64,Active,2,33,2013-10-31 14:40:05.269329,15976
5222418,65,Active,0,24,2013-10-31 14:40:05.27522,15976
5222419,66,Active,3,54,2013-10-31 14:40:05.283279,15976
5222420,67,Active,25,2,2013-10-31 14:40:05.288781,15976
5222421,68,Active,0,23,2013-10-31 14:40:05.294442,15976
5222422,69,Active,2,37,2013-10-31 14:40:05.301699,15976
5222423,70,Active,5,26,2013-10-31 14:40:05.307433,15976
5222424,71,Active,0,19,2013-10-31 14:40:05.312871,15976
5222425,72,Active,2,23,2013-10-31 14:40:05.318829,15976
5222426,73,Active,0,19,2013-10-31 14:40:05.324637,15976
5222427,74,Active,5,14,2013-10-31 14:40:05.330632,15976
5222428,75,Active,1,30,2013-10-31 14:40:05.336349,15976
5222429,76,Active,49,10,2013-10-31 14:40:05.3419,15976
5222430,77,Active,5,22,2013-10-31 14:40:05.348812,15976
5222431,78,Active,11,32,2013-10-31 14:40:05.354471,15976
5222432,79,Active,28,16,2013-10-31 14:40:05.360044,15976
5222433,80,Active,0,19,2013-10-31 14:40:05.366061,15976
5222434,81,Active,0,29,2013-10-31 14:40:05.37405,15976
5222435,82,Active,1,19,2013-10-31 14:40:05.379604,15976
5222436,83,Active,33,19,2013-10-31 14:40:05.386682,15976
5222437,84,Active,25,6,2013-10-31 14:40:05.399109,15976
5222438,85,Active,6,18,2013-10-31 14:40:05.40666,15976
5222439,86,Active,26,9,2013-10-31 14:40:05.414015,15976
5222440,87,Active,2,25,2013-10-31 14:40:05.420051,15976
5222441,88,Active,0,35,2013-10-31 14:40:05.425603,15976
5222442,89,Active,10,45,2013-10-31 14:40:05.431599,15976
5222443,90,Active,0,37,2013-10-31 14:40:05.437917,15976
5222444,91,Active,0,23,2013-10-31 14:40:05.443581,15976
5222445,92,Active,29,2,2013-10-31 14:40:05.450029,15976
5222446,93,Active,33,3,2013-10-31 14:40:05.456352,15976
5222447,94,Active,28,5,2013-10-31 14:40:05.463097,15976
5222448,95,Active,29,8,2013-10-31 14:40:05.469067,15976
5222449,96,Active,2,29,2013-10-31 14:40:05.474508,15976
5222450,97,Active,9,18,2013-10-31 14:40:05.480246,15976
5222451,98,Active,38,3,2013-10-31 14:40:05.485554,15976
5222452,99,Active,14,21,2013-10-31 14:40:05.491674,15976
5222453,100,Active,8,22,2013-10-31 14:40:05.49725,15976
5222454,101,Active,2,29,2013-10-31 14:40:05.502798,15976
5222455,102,Active,14,9,2013-10-31 14:40:05.509036,15976
5222456,103,Active,0,39,2013-10-31 14:40:05.514549,15976
5222457,104,Active,27,2,2013-10-31 14:40:05.520108,15976
5222458,105,Active,11,32,2013-10-31 14:40:05.525751,15976
5222459,106,Active,0,27,2013-10-31 14:40:05.535026,15976
5222460,107,Active,9,22,2013-10-31 14:40:05.540667,15976
5222461,108,Active,17,18,2013-10-31 14:40:05.546496,15976
5222462,109,Active,15,24,2013-10-31 14:40:05.55241,15976
5222463,110,Active,7,20,2013-10-31 14:40:05.557712,15976
5222464,111,Active,1,30,2013-10-31 14:40:05.56315,15976
5222465,112,Active,8,31,2013-10-31 14:40:05.590623,15976
5222466,113,Active,51,0,2013-10-31 14:40:05.59657,15976
5222467,114,Active,1,34,2013-10-31 14:40:05.60199,15976
5222468,115,Active,0,27,2013-10-31 14:40:05.60734,15976
5222469,116,Active,38,1,2013-10-31 14:40:05.612618,15976
5222470,117,Active,22,1,2013-10-31 14:40:05.61811,15976
5222471,118,Active,26,5,2013-10-31 14:40:05.623804,15976
5222472,119,Active,22,17,2013-10-31 14:40:05.629581,15976
5222473,120,Active,9,18,2013-10-31 14:40:05.635093,15976
5222474,121,Active,1,23,2013-10-31 14:40:05.640496,15976
5222475,122,Active,2,29,2013-10-31 14:40:05.646922,15976
5222476,123,Active,24,3,2013-10-31 14:40:05.652566,15976
5222477,124,Active,5,31,2013-10-31 14:40:05.659026,15976
5222478,125,Active,28,9,2013-10-31 14:40:05.665455,15976
5222479,126,Active,0,24,2013-10-31 14:40:05.671223,15976
5222480,127,Active,6,21,2013-10-31 14:40:05.679608,15976
5222481,128,Active,13,6,2013-10-31 14:40:05.685295,15976
5222482,129,Active,5,24,2013-10-31 14:40:05.690895,15976
5222483,130,Active,9,14,2013-10-31 14:40:05.696361,15976
5222484,131,Active,9,14,2013-10-31 14:40:05.70286,15976
5222485,132,Active,2,33,2013-10-31 14:40:05.707926,15976
5222486,133,Active,0,27,2013-10-31 14:40:05.713151,15976
5222487,134,Active,33,2,2013-10-31 14:40:05.718332,15976
5222488,135,Active,41,1,2013-10-31 14:40:05.723756,15976
5222489,136,Active,5,18,2013-10-31 14:40:05.729277,15976
5222490,137,Active,0,28,2013-10-31 14:40:05.734412,15976
5222491,138,Active,37,2,2013-10-31 14:40:05.739564,15976
5222492,139,Active,33,3,2013-10-31 14:40:05.745319,15976
5222493,140,Active,2,25,2013-10-31 14:40:05.750599,15976
5222494,141,Active,3,28,2013-10-31 14:40:05.755659,15976
5222495,142,Active,4,39,2013-10-31 14:40:05.760838,15976
5222496,143,Active,0,23,2013-10-31 14:40:05.766256,15976
5222497,144,Active,0,27,2013-10-31 14:40:05.775409,15976
5222498,145,Active,1,35,2013-10-31 14:40:05.781421,15976
5222499,146,Active,39,16,2013-10-31 14:40:05.787017,15976
5222500,147,Active,18,21,2013-10-31 14:40:05.792297,15976
5222501,148,Active,8,35,2013-10-31 14:40:05.797469,15976
5222502,149,Active,1,56,2013-10-31 14:40:05.803062,15976
5222503,150,Active,2,46,2013-10-31 14:40:05.808396,15976
5222504,151,Active,1,26,2013-10-31 14:40:05.814136,15976
5222505,152,Active,0,31,2013-10-31 14:40:05.819256,15976
5222506,153,Active,0,33,2013-10-31 14:40:05.824594,15976
5222507,154,Active,15,19,2013-10-31 14:40:05.830046,15976
5222508,155,Active,9,30,2013-10-31 14:40:05.835529,15976
5222509,156,Active,1,34,2013-10-31 14:40:05.840874,15976
5222510,157,Active,8,19,2013-10-31 14:40:05.846196,15976
5222511,158,Active,3,16,2013-10-31 14:40:05.851546,15976
5222512,159,Active,30,0,2013-10-31 14:40:05.857058,15976
5222513,160,Active,15,28,2013-10-31 14:40:05.86275,15976
5222514,161,Active,43,4,2013-10-31 14:40:05.86833,15976
5222515,162,Inactive,0,59,2013-10-31 14:40:05.873993,15976
5222516,163,Active,1,38,2013-10-31 14:40:05.87965,15976
5222517,164,Active,30,6,2013-10-31 14:40:05.885614,15976
5222518,165,Active,0,39,2013-10-31 14:40:05.891401,15976
5222519,166,Active,6,25,2013-10-31 14:40:05.897294,15976
5222520,167,Active,3,26,2013-10-31 14:40:05.903139,15976
5222521,168,Active,30,13,2013-10-31 14:40:05.934658,15976
5222522,169,Active,10,29,2013-10-31 14:40:05.940703,15976
5222523,170,Active,28,7,2013-10-31 14:40:05.947871,15976
5222524,171,Active,7,20,2013-10-31 14:40:05.953507,15976
5222525,172,Active,5,26,2013-10-31 14:40:05.959594,15976
5222526,173,Active,0,31,2013-10-31 14:40:05.9654,15976
5222527,174,Active,8,24,2013-10-31 14:40:05.970664,15976
5222528,175,Active,0,31,2013-10-31 14:40:05.976153,15976
5222529,176,Active,0,36,2013-10-31 14:40:05.982241,15976
5222530,177,Active,2,28,2013-10-31 14:40:05.98783,15976
5222531,178,Inactive,0,25,2013-10-31 14:40:05.993873,15976
5222532,179,Active,2,25,2013-10-31 14:40:05.99983,15976
5222533,180,Active,0,31,2013-10-31 14:40:06.007114,15976
5222534,181,Active,0,27,2013-10-31 14:40:06.017975,15976
5222535,182,Active,1,14,2013-10-31 14:40:06.023387,15976
5222536,183,Active,0,41,2013-10-31 14:40:06.033936,15976
5222537,184,Active,37,5,2013-10-31 14:40:06.040865,15976
5222538,185,Active,7,24,2013-10-31 14:40:06.046223,15976
5222539,186,Active,26,13,2013-10-31 14:40:06.052118,15976
5222540,187,Active,13,27,2013-10-31 14:40:06.05786,15976
5222541,188,Active,8,26,2013-10-31 14:40:06.063516,15976
5222542,189,Active,0,43,2013-10-31 14:40:06.06923,15976
5222543,190,Active,2,21,2013-10-31 14:40:06.079477,15976
5222544,191,Active,5,14,2013-10-31 14:40:06.085072,15976
5222545,192,Active,0,35,2013-10-31 14:40:06.090353,15976
5222546,193,Active,0,23,2013-10-31 14:40:06.095983,15976
5222547,194,Active,21,8,2013-10-31 14:40:06.101834,15976
5222548,195,Active,17,7,2013-10-31 14:40:06.107463,15976
5222549,196,Active,41,1,2013-10-31 14:40:06.112875,15976
5222550,197,Active,0,31,2013-10-31 14:40:06.118275,15976
5222551,198,Active,2,45,2013-10-31 14:40:06.124239,15976
5222552,199,Active,16,7,2013-10-31 14:40:06.129464,15976
5222553,200,Active,0,23,2013-10-31 14:40:06.134926,15976
5222554,201,Active,0,23,2013-10-31 14:40:06.140775,15976
5222555,202,Active,1,18,2013-10-31 14:40:06.146159,15976
5222556,203,Active,9,41,2013-10-31 14:40:06.151386,15976
5222557,204,Active,0,39,2013-10-31 14:40:06.156711,15976
5222558,205,Active,22,9,2013-10-31 14:40:06.162387,15976
5222559,206,Active,39,20,2013-10-31 14:40:06.168184,15976
5222560,207,Active,0,31,2013-10-31 14:40:06.173602,15976
5222561,208,Active,25,2,2013-10-31 14:40:06.178852,15976
5222562,209,Active,4,26,2013-10-31 14:40:06.184075,15976
5222563,210,Active,0,31,2013-10-31 14:40:06.189176,15976
5222564,211,Active,0,39,2013-10-31 14:40:06.194431,15976
5222565,212,Active,14,13,2013-10-31 14:40:06.202866,15976
5222566,213,Active,42,5,2013-10-31 14:40:06.208526,15976
5222567,214,Active,0,27,2013-10-31 14:40:06.21365,15976
5222568,215,Active,5,22,2013-10-31 14:40:06.218844,15976
5222569,216,Active,2,25,2013-10-31 14:40:06.224519,15976
5222570,217,Active,1,38,2013-10-31 14:40:06.229893,15976
5222571,218,Active,27,5,2013-10-31 14:40:06.235438,15976
5222572,219,Active,1,34,2013-10-31 14:40:06.241337,15976
5222573,220,Active,12,39,2013-10-31 14:40:06.246813,15976
5222574,221,Active,7,16,2013-10-31 14:40:06.25305,15976
5222575,222,Active,48,4,2013-10-31 14:40:06.258523,15976
5222576,223,Active,0,36,2013-10-31 14:40:06.264176,15976
5222577,224,Active,8,31,2013-10-31 14:40:06.292649,15976
5222578,225,Active,3,28,2013-10-31 14:40:06.298444,15976
5222579,226,Active,12,19,2013-10-31 14:40:06.303783,15976
5222580,227,Active,0,31,2013-10-31 14:40:06.309641,15976
5222581,228,Active,3,56,2013-10-31 14:40:06.315118,15976
5222582,229,Active,1,38,2013-10-31 14:40:06.320703,15976
5222583,230,Active,1,34,2013-10-31 14:40:06.32588,15976
5222584,231,Active,16,23,2013-10-31 14:40:06.331012,15976
5222585,232,Active,30,5,2013-10-31 14:40:06.336344,15976
5222586,233,Active,1,58,2013-10-31 14:40:06.342273,15976
5222587,234,Active,11,20,2013-10-31 14:40:06.347875,15976
5222588,235,Active,14,7,2013-10-31 14:40:06.355655,15976
5222589,236,Active,10,13,2013-10-31 14:40:06.361306,15976
5222590,237,Inactive,0,39,2013-10-31 14:40:06.367334,15976
5222591,238,Active,15,32,2013-10-31 14:40:06.372789,15976
5222592,239,Active,22,3,2013-10-31 14:40:06.378558,15976
5222593,240,Active,16,43,2013-10-31 14:40:06.383852,15976
5222594,241,Active,12,27,2013-10-31 14:40:06.389355,15976
5222595,242,Active,31,4,2013-10-31 14:40:06.394596,15976
5222596,243,Active,11,23,2013-10-31 14:40:06.400178,15976
5222597,244,Active,1,58,2013-10-31 14:40:06.405806,15976
5222598,245,Active,1,56,2013-10-31 14:40:06.411432,15976
5222599,246,Active,1,36,2013-10-31 14:40:06.417364,15976
5222600,247,Active,17,10,2013-10-31 14:40:06.422781,15976
5222601,248,Active,16,25,2013-10-31 14:40:06.428662,15976
5222602,249,Active,0,42,2013-10-31 14:40:06.434071,15976
5222603,250,Active,28,19,2013-10-31 14:40:06.439537,15976
5222604,251,Active,10,27,2013-10-31 14:40:06.445463,15976
5222605,252,Inactive,0,44,2013-10-31 14:40:06.451078,15976
5222606,253,Active,1,58,2013-10-31 14:40:06.458973,15976
5222607,254,Active,1,23,2013-10-31 14:40:06.464996,15976
5222608,255,Active,2,29,2013-10-31 14:40:06.471765,15976
5222609,256,Active,4,23,2013-10-31 14:40:06.477328,15976
5222610,257,Active,17,8,2013-10-31 14:40:06.485094,15976
5222611,258,Active,2,37,2013-10-31 14:40:06.491146,15976
5222612,259,Active,2,33,2013-10-31 14:40:06.497303,15976
5222613,260,Active,41,3,2013-10-31 14:40:06.503634,15976
5222614,261,Active,13,26,2013-10-31 14:40:06.509318,15976
5222615,262,Active,9,30,2013-10-31 14:40:06.514771,15976
5222616,263,Active,0,36,2013-10-31 14:40:06.520493,15976
5222617,264,Active,5,36,2013-10-31 14:40:06.526138,15976
5222618,265,Active,36,1,2013-10-31 14:40:06.531597,15976
5222619,266,Active,16,43,2013-10-31 14:40:06.537094,15976
5222620,267,Active,48,5,2013-10-31 14:40:06.542858,15976
5222621,268,Active,2,47,2013-10-31 14:40:06.548725,15976
5222622,269,Active,12,22,2013-10-31 14:40:06.555448,15976
5222623,270,Active,0,35,2013-10-31 14:40:06.561208,15976
5222624,271,Active,2,23,2013-10-31 14:40:06.567204,15976
5222625,272,Inactive,0,35,2013-10-31 14:40:06.572629,15976
5222626,273,Active,56,3,2013-10-31 14:40:06.578054,15976
5222627,274,Active,0,30,2013-10-31 14:40:06.586076,15976
5222628,275,Active,5,31,2013-10-31 14:40:06.592583,15976
5222629,276,Active,27,25,2013-10-31 14:40:06.598217,15976
5222630,277,Active,14,29,2013-10-31 14:40:06.603665,15976
5222631,330,Active,1,29,2013-10-31 14:40:06.610315,15976
5222632,278,Inactive,0,27,2013-10-31 14:40:06.619823,15976
5222633,279,Active,1,44,2013-10-31 14:40:06.653116,15976
5222634,280,Active,0,36,2013-10-31 14:40:06.658612,15976
5222635,281,Active,5,42,2013-10-31 14:40:06.667779,15976
5222636,282,Active,20,4,2013-10-31 14:40:06.673344,15976
5222637,283,Active,3,33,2013-10-31 14:40:06.678726,15976
5222638,284,Active,49,2,2013-10-31 14:40:06.683997,15976
5222639,285,Active,0,33,2013-10-31 14:40:06.689178,15976
5222640,286,Active,4,23,2013-10-31 14:40:06.694517,15976
5222641,287,Active,4,23,2013-10-31 14:40:06.699806,15976
5222642,288,Active,32,21,2013-10-31 14:40:06.706952,15976
5222643,289,Active,1,34,2013-10-31 14:40:06.712175,15976
5222644,290,Active,11,20,2013-10-31 14:40:06.717666,15976
5222645,291,Active,33,26,2013-10-31 14:40:06.722959,15976
5222646,292,Active,3,36,2013-10-31 14:40:06.728782,15976
5222647,293,Active,13,48,2013-10-31 14:40:06.734307,15976
5222648,294,Active,38,1,2013-10-31 14:40:06.740512,15976
5222649,295,Active,40,27,2013-10-31 14:40:06.74778,15976
5222650,296,Active,44,7,2013-10-31 14:40:06.753763,15976
5222651,297,Active,7,44,2013-10-31 14:40:06.759194,15976
5222652,298,Active,42,15,2013-10-31 14:40:06.764967,15976
5222653,299,Active,35,4,2013-10-31 14:40:06.770559,15976
5222654,300,Active,13,30,2013-10-31 14:40:06.776591,15976
5222655,301,Inactive,0,7,2013-10-31 14:40:06.781873,15976
5222656,302,Active,0,39,2013-10-31 14:40:06.787258,15976
5222657,303,Active,6,35,2013-10-31 14:40:06.79237,15976
5222658,305,Active,2,37,2013-10-31 14:40:06.797879,15976
5222659,306,Active,17,26,2013-10-31 14:40:06.803233,15976
5222660,307,Active,4,46,2013-10-31 14:40:06.809304,15976
5222661,308,Active,15,16,2013-10-31 14:40:06.814474,15976
5222662,309,Active,25,4,2013-10-31 14:40:06.819996,15976
5222663,310,Active,32,7,2013-10-31 14:40:06.825708,15976
5222664,311,Active,37,2,2013-10-31 14:40:06.831079,15976
5222665,312,Active,27,4,2013-10-31 14:40:06.836596,15976
5222666,313,Active,7,32,2013-10-31 14:40:06.846855,15976
5222667,314,Active,0,27,2013-10-31 14:40:06.852179,15976
5222668,315,Active,17,21,2013-10-31 14:40:06.85775,15976
5222669,316,Active,19,11,2013-10-31 14:40:06.863197,15976
5222670,317,Active,6,9,2013-10-31 14:40:06.868553,15976
5222671,318,Active,20,7,2013-10-31 14:40:06.874495,15976
5222672,319,Active,0,30,2013-10-31 14:40:06.880072,15976
5222673,320,Active,2,34,2013-10-31 14:40:06.885471,15976
5222674,321,Active,5,7,2013-10-31 14:40:06.891094,15976
5222675,322,Active,9,40,2013-10-31 14:40:06.896208,15976
5222676,332,Active,7,17,2013-10-31 14:40:06.902896,15976
5222677,327,Active,9,26,2013-10-31 14:40:06.911111,15976
5222678,328,Active,37,2,2013-10-31 14:40:06.917629,15976
5222679,331,Active,19,17,2013-10-31 14:40:06.923809,15976
5222680,323,Active,0,39,2013-10-31 14:40:06.929279,15976
5222681,324,Active,3,40,2013-10-31 14:40:06.93473,15976
5222682,329,Active,3,30,2013-10-31 14:40:06.940205,15976
5222683,325,Active,22,14,2013-10-31 14:40:06.945675,15976
5222684,326,Active,18,7,2013-10-31 14:40:06.950957,15976
5222685,1,Active,5,34,2013-10-31 14:50:05.908077,15977
5222686,2,Active,24,9,2013-10-31 14:50:05.947561,15977
5222687,3,Active,10,16,2013-10-31 14:50:05.955436,15977
5222688,4,Active,6,56,2013-10-31 14:50:05.961716,15977
5222689,5,Active,14,25,2013-10-31 14:50:05.966833,15977
5222690,6,Active,4,15,2013-10-31 14:50:05.972297,15977
5222691,7,Active,0,19,2013-10-31 14:50:05.976763,15977
5222692,8,Active,2,29,2013-10-31 14:50:05.984536,15977
5222693,9,Active,29,1,2013-10-31 14:50:06.019376,15977
5222694,10,Active,42,4,2013-10-31 14:50:06.027203,15977
5222695,11,Active,0,24,2013-10-31 14:50:06.036967,15977
5222696,12,Active,7,12,2013-10-31 14:50:06.042786,15977
5222697,13,Active,8,31,2013-10-31 14:50:06.047605,15977
5222698,14,Active,28,5,2013-10-31 14:50:06.058852,15977
5222699,15,Active,3,28,2013-10-31 14:50:06.066621,15977
5222700,16,Active,28,5,2013-10-31 14:50:06.072181,15977
5222701,17,Active,20,9,2013-10-31 14:50:06.076831,15977
5222702,18,Active,27,28,2013-10-31 14:50:06.087558,15977
5222703,19,Active,0,23,2013-10-31 14:50:06.101792,15977
5222704,20,Active,0,26,2013-10-31 14:50:06.108633,15977
5222705,21,Active,18,17,2013-10-31 14:50:06.115441,15977
5222706,22,Active,16,31,2013-10-31 14:50:06.121874,15977
5222707,23,Active,30,15,2013-10-31 14:50:06.128452,15977
5222708,24,Active,0,47,2013-10-31 14:50:06.137009,15977
5222709,25,Active,30,21,2013-10-31 14:50:06.141603,15977
5222710,26,Active,0,30,2013-10-31 14:50:06.147091,15977
5222711,27,Active,40,5,2013-10-31 14:50:06.151689,15977
5222712,28,Active,18,10,2013-10-31 14:50:06.156127,15977
5222713,29,Active,0,23,2013-10-31 14:50:06.160884,15977
5222714,30,Active,23,16,2013-10-31 14:50:06.165241,15977
5222715,31,Active,3,35,2013-10-31 14:50:06.171816,15977
5222716,32,Active,16,17,2013-10-31 14:50:06.176431,15977
5222717,33,Active,6,25,2013-10-31 14:50:06.181512,15977
5222718,34,Active,33,4,2013-10-31 14:50:06.186092,15977
5222719,35,Active,51,4,2013-10-31 14:50:06.191765,15977
5222720,36,Active,24,3,2013-10-31 14:50:06.224768,15977
5222721,37,Active,0,23,2013-10-31 14:50:06.231223,15977
5222722,38,Active,14,25,2013-10-31 14:50:06.236845,15977
5222723,39,Active,1,38,2013-10-31 14:50:06.24245,15977
5222724,40,Active,2,37,2013-10-31 14:50:06.247905,15977
5222725,41,Active,0,31,2013-10-31 14:50:06.253523,15977
5222726,42,Active,26,5,2013-10-31 14:50:06.258679,15977
5222727,43,Active,0,23,2013-10-31 14:50:06.264005,15977
5222728,44,Active,0,23,2013-10-31 14:50:06.299008,15977
5222729,45,Active,14,25,2013-10-31 14:50:06.311291,15977
5222730,46,Active,3,28,2013-10-31 14:50:06.316447,15977
5222731,47,Active,0,23,2013-10-31 14:50:06.321288,15977
5222732,48,Active,0,20,2013-10-31 14:50:06.328102,15977
5222733,49,Active,19,4,2013-10-31 14:50:06.333467,15977
5222734,50,Active,22,5,2013-10-31 14:50:06.366867,15977
5222735,51,Active,36,4,2013-10-31 14:50:06.374687,15977
5222736,52,Active,16,11,2013-10-31 14:50:06.381297,15977
5222737,53,Active,0,33,2013-10-31 14:50:06.38831,15977
5222738,54,Active,4,43,2013-10-31 14:50:06.396882,15977
5222739,55,Active,0,31,2013-10-31 14:50:06.402986,15977
5222740,56,Active,25,14,2013-10-31 14:50:06.459218,15977
5222741,57,Active,0,23,2013-10-31 14:50:06.465898,15977
5222742,58,Active,35,4,2013-10-31 14:50:06.471847,15977
5222743,59,Active,32,3,2013-10-31 14:50:06.505723,15977
5222744,60,Active,4,23,2013-10-31 14:50:06.512892,15977
5222745,61,Active,0,24,2013-10-31 14:50:06.519077,15977
5222746,62,Active,18,13,2013-10-31 14:50:06.525571,15977
5222747,63,Active,27,0,2013-10-31 14:50:06.531202,15977
5222748,64,Active,0,35,2013-10-31 14:50:06.537925,15977
5222749,65,Active,0,24,2013-10-31 14:50:06.543458,15977
5222750,66,Active,4,53,2013-10-31 14:50:06.576487,15977
5222751,67,Active,26,1,2013-10-31 14:50:06.584509,15977
5222752,68,Active,0,23,2013-10-31 14:50:06.591226,15977
5222753,69,Active,1,38,2013-10-31 14:50:06.598028,15977
5222754,70,Active,4,27,2013-10-31 14:50:06.604561,15977
5222755,71,Active,0,19,2013-10-31 14:50:06.610644,15977
5222756,72,Active,2,23,2013-10-31 14:50:06.617858,15977
5222757,73,Active,0,19,2013-10-31 14:50:06.649333,15977
5222758,74,Active,5,14,2013-10-31 14:50:06.656631,15977
5222759,75,Active,2,29,2013-10-31 14:50:06.66543,15977
5222760,76,Active,48,11,2013-10-31 14:50:06.672684,15977
5222761,77,Active,5,22,2013-10-31 14:50:06.67908,15977
5222762,78,Active,11,32,2013-10-31 14:50:06.685807,15977
5222763,79,Active,25,19,2013-10-31 14:50:06.720311,15977
5222764,80,Active,0,19,2013-10-31 14:50:06.727977,15977
5222765,81,Active,0,29,2013-10-31 14:50:06.735714,15977
5222766,82,Active,1,19,2013-10-31 14:50:06.742539,15977
5222767,83,Active,31,21,2013-10-31 14:50:06.749063,15977
5222768,84,Active,23,8,2013-10-31 14:50:06.756078,15977
5222769,85,Active,4,20,2013-10-31 14:50:06.78873,15977
5222770,86,Active,24,11,2013-10-31 14:50:06.795995,15977
5222771,87,Active,2,25,2013-10-31 14:50:06.806268,15977
5222772,88,Active,0,35,2013-10-31 14:50:06.816176,15977
5222773,89,Active,10,45,2013-10-31 14:50:06.828762,15977
5222774,90,Active,1,36,2013-10-31 14:50:06.860194,15977
5222775,91,Active,0,23,2013-10-31 14:50:06.868586,15977
5222776,92,Active,27,4,2013-10-31 14:50:06.874672,15977
5222777,93,Active,33,3,2013-10-31 14:50:06.882316,15977
5222778,94,Active,28,5,2013-10-31 14:50:06.891052,15977
5222779,95,Active,30,7,2013-10-31 14:50:06.926216,15977
5222780,96,Active,1,30,2013-10-31 14:50:06.932441,15977
5222781,97,Active,9,18,2013-10-31 14:50:06.938742,15977
5222782,98,Active,38,3,2013-10-31 14:50:06.948627,15977
5222783,99,Active,14,21,2013-10-31 14:50:06.955482,15977
5222784,100,Active,8,22,2013-10-31 14:50:06.961437,15977
5222785,101,Active,1,30,2013-10-31 14:50:06.966726,15977
5222786,102,Active,12,11,2013-10-31 14:50:06.971941,15977
5222787,103,Active,0,39,2013-10-31 14:50:06.977732,15977
5222788,104,Active,27,2,2013-10-31 14:50:06.985304,15977
5222789,105,Active,13,30,2013-10-31 14:50:06.990918,15977
5222790,106,Active,0,27,2013-10-31 14:50:06.996421,15977
5222791,107,Active,11,20,2013-10-31 14:50:07.003873,15977
5222792,108,Active,14,21,2013-10-31 14:50:07.009834,15977
5222793,109,Active,17,22,2013-10-31 14:50:07.015195,15977
5222794,110,Active,8,19,2013-10-31 14:50:07.020565,15977
5222795,111,Active,0,31,2013-10-31 14:50:07.025759,15977
5222796,112,Active,8,31,2013-10-31 14:50:07.055556,15977
5222797,113,Active,51,0,2013-10-31 14:50:07.062837,15977
5222798,114,Active,3,32,2013-10-31 14:50:07.069003,15977
5222799,115,Active,0,27,2013-10-31 14:50:07.074975,15977
5222800,116,Active,37,2,2013-10-31 14:50:07.083441,15977
5222801,117,Active,20,3,2013-10-31 14:50:07.089655,15977
5222802,118,Active,24,7,2013-10-31 14:50:07.09704,15977
5222803,119,Active,22,17,2013-10-31 14:50:07.130991,15977
5222804,120,Active,9,18,2013-10-31 14:50:07.144496,15977
5222805,121,Active,1,23,2013-10-31 14:50:07.151082,15977
5222806,122,Active,1,30,2013-10-31 14:50:07.162848,15977
5222807,123,Active,22,5,2013-10-31 14:50:07.197282,15977
5222808,124,Active,6,30,2013-10-31 14:50:07.203648,15977
5222809,125,Active,28,9,2013-10-31 14:50:07.210152,15977
5222810,126,Active,0,24,2013-10-31 14:50:07.216876,15977
5222811,127,Active,6,21,2013-10-31 14:50:07.22342,15977
5222812,128,Active,13,6,2013-10-31 14:50:07.231235,15977
5222813,129,Active,1,28,2013-10-31 14:50:07.2652,15977
5222814,130,Active,9,14,2013-10-31 14:50:07.273227,15977
5222815,131,Active,9,14,2013-10-31 14:50:07.280343,15977
5222816,132,Active,1,34,2013-10-31 14:50:07.286061,15977
5222817,133,Active,0,27,2013-10-31 14:50:07.29212,15977
5222818,134,Active,33,2,2013-10-31 14:50:07.297589,15977
5222819,135,Active,42,0,2013-10-31 14:50:07.304594,15977
5222820,136,Active,6,17,2013-10-31 14:50:07.33693,15977
5222821,137,Active,0,28,2013-10-31 14:50:07.343284,15977
5222822,138,Active,37,2,2013-10-31 14:50:07.348928,15977
5222823,139,Active,29,7,2013-10-31 14:50:07.354518,15977
5222824,140,Active,2,25,2013-10-31 14:50:07.360607,15977
5222825,141,Active,3,28,2013-10-31 14:50:07.366269,15977
5222826,142,Active,3,40,2013-10-31 14:50:07.406256,15977
5222827,143,Active,0,23,2013-10-31 14:50:07.416219,15977
5222828,144,Active,2,25,2013-10-31 14:50:07.4238,15977
5222829,145,Active,0,36,2013-10-31 14:50:07.43116,15977
5222830,146,Active,39,16,2013-10-31 14:50:07.437811,15977
5222831,147,Active,17,22,2013-10-31 14:50:07.443337,15977
5222832,148,Active,8,35,2013-10-31 14:50:07.451205,15977
5222833,149,Active,1,56,2013-10-31 14:50:07.484078,15977
5222834,150,Active,2,46,2013-10-31 14:50:07.491438,15977
5222835,151,Active,1,26,2013-10-31 14:50:07.503618,15977
5222836,152,Active,0,31,2013-10-31 14:50:07.511185,15977
5222837,153,Active,0,33,2013-10-31 14:50:07.518585,15977
5222838,154,Active,16,18,2013-10-31 14:50:07.552107,15977
5222839,155,Active,10,29,2013-10-31 14:50:07.558635,15977
5222840,156,Active,1,34,2013-10-31 14:50:07.566231,15977
5222841,157,Active,8,19,2013-10-31 14:50:07.572571,15977
5222842,158,Active,3,16,2013-10-31 14:50:07.579129,15977
5222843,159,Active,29,1,2013-10-31 14:50:07.585862,15977
5222844,160,Active,17,26,2013-10-31 14:50:07.620535,15977
5222845,161,Active,43,4,2013-10-31 14:50:07.628232,15977
5222846,162,Inactive,0,59,2013-10-31 14:50:07.636362,15977
5222847,163,Active,4,35,2013-10-31 14:50:07.64491,15977
5222848,164,Active,30,6,2013-10-31 14:50:07.653519,15977
5222849,165,Active,1,38,2013-10-31 14:50:07.659124,15977
5222850,166,Active,5,26,2013-10-31 14:50:07.692844,15977
5222851,167,Active,2,27,2013-10-31 14:50:07.699506,15977
5222852,168,Active,28,15,2013-10-31 14:50:07.729918,15977
5222853,169,Active,10,29,2013-10-31 14:50:07.764358,15977
5222854,170,Active,30,5,2013-10-31 14:50:07.772141,15977
5222855,171,Active,7,20,2013-10-31 14:50:07.778285,15977
5222856,172,Active,5,26,2013-10-31 14:50:07.78469,15977
5222857,173,Active,0,31,2013-10-31 14:50:07.792095,15977
5222858,174,Active,8,24,2013-10-31 14:50:07.797734,15977
5222859,175,Active,0,31,2013-10-31 14:50:07.83274,15977
5222860,176,Active,0,36,2013-10-31 14:50:07.84701,15977
5222861,177,Active,2,28,2013-10-31 14:50:07.855253,15977
5222862,178,Inactive,0,25,2013-10-31 14:50:07.870208,15977
5222863,179,Active,2,25,2013-10-31 14:50:07.908723,15977
5222864,180,Active,0,31,2013-10-31 14:50:07.915021,15977
5222865,181,Active,0,27,2013-10-31 14:50:07.923059,15977
5222866,182,Active,1,14,2013-10-31 14:50:07.930596,15977
5222867,183,Active,0,41,2013-10-31 14:50:07.936208,15977
5222868,184,Active,38,4,2013-10-31 14:50:07.942079,15977
5222869,185,Active,2,29,2013-10-31 14:50:07.947485,15977
5222870,186,Active,28,11,2013-10-31 14:50:07.953078,15977
5222871,187,Active,9,31,2013-10-31 14:50:07.960263,15977
5222872,188,Active,7,27,2013-10-31 14:50:07.969717,15977
5222873,189,Active,0,43,2013-10-31 14:50:07.978905,15977
5222874,190,Active,2,21,2013-10-31 14:50:07.988424,15977
5222875,191,Active,5,14,2013-10-31 14:50:07.995154,15977
5222876,192,Active,0,35,2013-10-31 14:50:08.001676,15977
5222877,193,Active,0,23,2013-10-31 14:50:08.010276,15977
5222878,194,Active,22,7,2013-10-31 14:50:08.01675,15977
5222879,195,Active,17,7,2013-10-31 14:50:08.023251,15977
5222880,196,Active,41,1,2013-10-31 14:50:08.029045,15977
5222881,197,Active,0,31,2013-10-31 14:50:08.039869,15977
5222882,198,Active,3,44,2013-10-31 14:50:08.045536,15977
5222883,199,Active,16,7,2013-10-31 14:50:08.050923,15977
5222884,200,Active,0,23,2013-10-31 14:50:08.058649,15977
5222885,201,Active,0,23,2013-10-31 14:50:08.068744,15977
5222886,202,Active,1,18,2013-10-31 14:50:08.074612,15977
5222887,203,Active,9,41,2013-10-31 14:50:08.108806,15977
5222888,204,Active,1,38,2013-10-31 14:50:08.115497,15977
5222889,205,Active,24,7,2013-10-31 14:50:08.121811,15977
5222890,206,Active,39,20,2013-10-31 14:50:08.12865,15977
5222891,207,Active,0,31,2013-10-31 14:50:08.134507,15977
5222892,208,Active,25,2,2013-10-31 14:50:08.140895,15977
5222893,209,Active,4,26,2013-10-31 14:50:08.147369,15977
5222894,210,Active,1,30,2013-10-31 14:50:08.152697,15977
5222895,211,Active,0,39,2013-10-31 14:50:08.161298,15977
5222896,212,Active,13,14,2013-10-31 14:50:08.167095,15977
5222897,213,Active,43,4,2013-10-31 14:50:08.173571,15977
5222898,214,Active,0,27,2013-10-31 14:50:08.18188,15977
5222899,215,Active,5,22,2013-10-31 14:50:08.192606,15977
5222900,216,Active,2,25,2013-10-31 14:50:08.200594,15977
5222901,217,Active,2,37,2013-10-31 14:50:08.209767,15977
5222902,218,Active,26,6,2013-10-31 14:50:08.219225,15977
5222903,219,Active,1,34,2013-10-31 14:50:08.232368,15977
5222904,220,Active,16,35,2013-10-31 14:50:08.24481,15977
5222905,221,Active,7,16,2013-10-31 14:50:08.256041,15977
5222906,222,Active,49,3,2013-10-31 14:50:08.263858,15977
5222907,223,Active,0,36,2013-10-31 14:50:08.27484,15977
5222908,224,Active,9,30,2013-10-31 14:50:08.306851,15977
5222909,225,Active,1,30,2013-10-31 14:50:08.328639,15977
5222910,226,Active,15,16,2013-10-31 14:50:08.338266,15977
5222911,227,Active,0,31,2013-10-31 14:50:08.355408,15977
5222912,228,Active,3,56,2013-10-31 14:50:08.373555,15977
5222913,229,Active,2,37,2013-10-31 14:50:08.391565,15977
5222914,230,Active,2,33,2013-10-31 14:50:08.408193,15977
5222915,231,Active,13,26,2013-10-31 14:50:08.415176,15977
5222916,232,Active,31,4,2013-10-31 14:50:08.421719,15977
5222917,233,Active,1,58,2013-10-31 14:50:08.4292,15977
5222918,234,Active,11,20,2013-10-31 14:50:08.438585,15977
5222919,235,Active,14,7,2013-10-31 14:50:08.444136,15977
5222920,236,Active,10,13,2013-10-31 14:50:08.450898,15977
5222921,237,Inactive,0,39,2013-10-31 14:50:08.457832,15977
5222922,238,Active,13,34,2013-10-31 14:50:08.464477,15977
5222923,239,Active,21,4,2013-10-31 14:50:08.471905,15977
5222924,240,Active,16,43,2013-10-31 14:50:08.477728,15977
5222925,241,Active,11,28,2013-10-31 14:50:08.483161,15977
5222926,242,Active,31,4,2013-10-31 14:50:08.488932,15977
5222927,243,Active,11,23,2013-10-31 14:50:08.494261,15977
5222928,244,Active,0,59,2013-10-31 14:50:08.500488,15977
5222929,245,Active,1,56,2013-10-31 14:50:08.506748,15977
5222930,246,Active,1,36,2013-10-31 14:50:08.516561,15977
5222931,247,Active,17,10,2013-10-31 14:50:08.52194,15977
5222932,248,Active,14,27,2013-10-31 14:50:08.527621,15977
5222933,249,Active,0,42,2013-10-31 14:50:08.534129,15977
5222934,250,Active,28,19,2013-10-31 14:50:08.541963,15977
5222935,251,Active,10,27,2013-10-31 14:50:08.548995,15977
5222936,252,Inactive,0,44,2013-10-31 14:50:08.554369,15977
5222937,253,Active,5,54,2013-10-31 14:50:08.559783,15977
5222938,254,Active,1,23,2013-10-31 14:50:08.566064,15977
5222939,255,Active,2,29,2013-10-31 14:50:08.571854,15977
5222940,256,Active,7,20,2013-10-31 14:50:08.579396,15977
5222941,257,Active,16,9,2013-10-31 14:50:08.58688,15977
5222942,258,Active,1,38,2013-10-31 14:50:08.593164,15977
5222943,259,Active,3,32,2013-10-31 14:50:08.599195,15977
5222944,260,Active,40,4,2013-10-31 14:50:08.606257,15977
5222945,261,Active,12,27,2013-10-31 14:50:08.613728,15977
5222946,262,Active,10,29,2013-10-31 14:50:08.646871,15977
5222947,263,Active,0,36,2013-10-31 14:50:08.653083,15977
5222948,264,Active,7,34,2013-10-31 14:50:08.659053,15977
5222949,265,Active,34,3,2013-10-31 14:50:08.664744,15977
5222950,266,Active,20,39,2013-10-31 14:50:08.673942,15977
5222951,267,Active,46,7,2013-10-31 14:50:08.681289,15977
5222952,268,Active,3,46,2013-10-31 14:50:08.688195,15977
5222953,269,Active,10,24,2013-10-31 14:50:08.723204,15977
5222954,270,Active,1,34,2013-10-31 14:50:08.729053,15977
5222955,271,Active,1,24,2013-10-31 14:50:08.735035,15977
5222956,272,Inactive,0,35,2013-10-31 14:50:08.74134,15977
5222957,273,Active,56,3,2013-10-31 14:50:08.747868,15977
5222958,274,Active,3,27,2013-10-31 14:50:08.756717,15977
5222959,275,Active,5,31,2013-10-31 14:50:08.764398,15977
5222960,276,Active,30,22,2013-10-31 14:50:08.773045,15977
5222961,277,Active,13,30,2013-10-31 14:50:08.782629,15977
5222962,330,Active,2,28,2013-10-31 14:50:08.788529,15977
5222963,278,Inactive,0,27,2013-10-31 14:50:08.798116,15977
5222964,279,Active,0,45,2013-10-31 14:50:08.832434,15977
5222965,280,Active,1,35,2013-10-31 14:50:08.839185,15977
5222966,281,Active,3,44,2013-10-31 14:50:08.848919,15977
5222967,282,Active,18,6,2013-10-31 14:50:08.85541,15977
5222968,283,Active,1,35,2013-10-31 14:50:08.863143,15977
5222969,284,Active,49,2,2013-10-31 14:50:08.870224,15977
5222970,285,Active,0,33,2013-10-31 14:50:08.875714,15977
5222971,286,Active,2,25,2013-10-31 14:50:08.881329,15977
5222972,287,Active,3,24,2013-10-31 14:50:08.886917,15977
5222973,288,Active,32,21,2013-10-31 14:50:08.892226,15977
5222974,289,Active,0,35,2013-10-31 14:50:08.898541,15977
5222975,290,Active,11,20,2013-10-31 14:50:08.905111,15977
5222976,291,Active,34,25,2013-10-31 14:50:08.912192,15977
5222977,292,Active,4,35,2013-10-31 14:50:08.918115,15977
5222978,293,Active,12,49,2013-10-31 14:50:08.924314,15977
5222979,294,Active,38,1,2013-10-31 14:50:08.929822,15977
5222980,295,Active,39,28,2013-10-31 14:50:08.935321,15977
5222981,296,Active,43,8,2013-10-31 14:50:08.941136,15977
5222982,297,Active,8,43,2013-10-31 14:50:08.948645,15977
5222983,298,Active,41,16,2013-10-31 14:50:08.957208,15977
5222984,299,Active,35,4,2013-10-31 14:50:08.964263,15977
5222985,300,Active,14,29,2013-10-31 14:50:08.976311,15977
5222986,301,Inactive,0,7,2013-10-31 14:50:08.984775,15977
5222987,302,Active,3,36,2013-10-31 14:50:08.993692,15977
5222988,303,Active,5,36,2013-10-31 14:50:09.000172,15977
5222989,305,Active,2,37,2013-10-31 14:50:09.007495,15977
5222990,306,Active,17,26,2013-10-31 14:50:09.013576,15977
5222991,307,Active,7,43,2013-10-31 14:50:09.019027,15977
5222992,308,Active,15,16,2013-10-31 14:50:09.024379,15977
5222993,309,Active,22,7,2013-10-31 14:50:09.030313,15977
5222994,310,Active,34,5,2013-10-31 14:50:09.035861,15977
5222995,311,Active,37,2,2013-10-31 14:50:09.041814,15977
5222996,312,Active,27,4,2013-10-31 14:50:09.048145,15977
5222997,313,Active,7,32,2013-10-31 14:50:09.054301,15977
5222998,314,Active,0,27,2013-10-31 14:50:09.060316,15977
5222999,315,Active,16,22,2013-10-31 14:50:09.066281,15977
5223000,316,Active,21,9,2013-10-31 14:50:09.071812,15977
5223001,317,Active,6,9,2013-10-31 14:50:09.077796,15977
5223002,318,Active,20,7,2013-10-31 14:50:09.083504,15977
5223003,319,Active,2,28,2013-10-31 14:50:09.090179,15977
5223004,320,Active,2,34,2013-10-31 14:50:09.096458,15977
5223005,321,Active,5,7,2013-10-31 14:50:09.101815,15977
5223006,322,Active,11,38,2013-10-31 14:50:09.107392,15977
5223007,332,Active,7,17,2013-10-31 14:50:09.11346,15977
5223008,327,Active,9,26,2013-10-31 14:50:09.119725,15977
5223009,328,Active,37,2,2013-10-31 14:50:09.128444,15977
5223010,331,Active,16,20,2013-10-31 14:50:09.134,15977
5223011,323,Active,1,38,2013-10-31 14:50:09.139995,15977
5223012,324,Active,3,40,2013-10-31 14:50:09.145752,15977
5223013,329,Active,3,30,2013-10-31 14:50:09.151598,15977
5223014,325,Active,21,15,2013-10-31 14:50:09.157254,15977
5223015,326,Active,17,8,2013-10-31 14:50:09.163803,15977
5223016,1,Active,4,35,2013-10-31 15:00:05.003156,15978
5223017,2,Active,24,9,2013-10-31 15:00:05.014673,15978
5223018,3,Active,10,16,2013-10-31 15:00:05.019327,15978
5223019,4,Active,6,56,2013-10-31 15:00:05.024112,15978
5223020,5,Active,15,24,2013-10-31 15:00:05.028518,15978
5223021,6,Active,4,15,2013-10-31 15:00:05.033618,15978
5223022,7,Active,0,19,2013-10-31 15:00:05.037925,15978
5223023,8,Active,5,26,2013-10-31 15:00:05.042253,15978
5223024,9,Active,29,1,2013-10-31 15:00:05.0466,15978
5223025,10,Active,34,12,2013-10-31 15:00:05.050931,15978
5223026,11,Active,0,24,2013-10-31 15:00:05.055534,15978
5223027,12,Active,7,12,2013-10-31 15:00:05.06009,15978
5223028,13,Active,8,31,2013-10-31 15:00:05.064536,15978
5223029,14,Active,29,4,2013-10-31 15:00:05.068819,15978
5223030,15,Active,3,28,2013-10-31 15:00:05.073368,15978
5223031,16,Active,29,4,2013-10-31 15:00:05.081035,15978
5223032,17,Active,21,8,2013-10-31 15:00:05.085886,15978
5223033,18,Active,24,31,2013-10-31 15:00:05.091146,15978
5223034,19,Active,0,23,2013-10-31 15:00:05.095459,15978
5223035,20,Active,0,26,2013-10-31 15:00:05.100454,15978
5223036,21,Active,18,17,2013-10-31 15:00:05.105259,15978
5223037,22,Active,16,31,2013-10-31 15:00:05.10996,15978
5223038,23,Active,31,14,2013-10-31 15:00:05.114587,15978
5223039,24,Active,0,47,2013-10-31 15:00:05.119189,15978
5223040,25,Active,29,22,2013-10-31 15:00:05.124214,15978
5223041,26,Active,0,30,2013-10-31 15:00:05.128835,15978
5223042,27,Active,40,5,2013-10-31 15:00:05.133616,15978
5223043,28,Active,19,9,2013-10-31 15:00:05.138099,15978
5223044,29,Active,0,23,2013-10-31 15:00:05.142527,15978
5223045,30,Active,23,16,2013-10-31 15:00:05.147377,15978
5223046,31,Active,3,35,2013-10-31 15:00:05.15196,15978
5223047,32,Active,17,16,2013-10-31 15:00:05.156797,15978
5223048,33,Active,6,25,2013-10-31 15:00:05.161358,15978
5223049,34,Active,33,4,2013-10-31 15:00:05.16572,15978
5223050,35,Active,52,3,2013-10-31 15:00:05.16996,15978
5223051,36,Active,25,2,2013-10-31 15:00:05.174295,15978
5223052,37,Active,0,23,2013-10-31 15:00:05.178627,15978
5223053,38,Active,12,27,2013-10-31 15:00:05.184979,15978
5223054,39,Active,0,39,2013-10-31 15:00:05.189695,15978
5223055,40,Active,0,39,2013-10-31 15:00:05.194449,15978
5223056,41,Active,0,31,2013-10-31 15:00:05.199153,15978
5223057,42,Active,27,4,2013-10-31 15:00:05.204622,15978
5223058,43,Active,0,23,2013-10-31 15:00:05.210286,15978
5223059,44,Active,1,22,2013-10-31 15:00:05.21542,15978
5223060,45,Active,14,25,2013-10-31 15:00:05.220258,15978
5223061,46,Active,3,28,2013-10-31 15:00:05.225908,15978
5223062,47,Active,0,23,2013-10-31 15:00:05.23113,15978
5223063,48,Active,0,20,2013-10-31 15:00:05.236614,15978
5223064,49,Active,20,3,2013-10-31 15:00:05.241211,15978
5223065,50,Active,22,5,2013-10-31 15:00:05.245839,15978
5223066,51,Active,36,4,2013-10-31 15:00:05.251183,15978
5223067,52,Active,17,10,2013-10-31 15:00:05.256206,15978
5223068,53,Active,0,33,2013-10-31 15:00:05.261888,15978
5223069,54,Active,4,43,2013-10-31 15:00:05.267684,15978
5223070,55,Active,1,30,2013-10-31 15:00:05.272775,15978
5223071,56,Active,27,12,2013-10-31 15:00:05.30207,15978
5223072,57,Active,1,22,2013-10-31 15:00:05.307666,15978
5223073,58,Active,35,4,2013-10-31 15:00:05.313742,15978
5223074,59,Active,32,3,2013-10-31 15:00:05.319474,15978
5223075,60,Active,3,24,2013-10-31 15:00:05.325518,15978
5223076,61,Active,0,24,2013-10-31 15:00:05.33154,15978
5223077,62,Active,20,11,2013-10-31 15:00:05.341392,15978
5223078,63,Active,27,0,2013-10-31 15:00:05.346913,15978
5223079,64,Active,1,34,2013-10-31 15:00:05.352158,15978
5223080,65,Active,0,24,2013-10-31 15:00:05.35813,15978
5223081,66,Active,5,52,2013-10-31 15:00:05.363646,15978
5223082,67,Active,26,1,2013-10-31 15:00:05.369323,15978
5223083,68,Active,0,23,2013-10-31 15:00:05.374859,15978
5223084,69,Active,0,39,2013-10-31 15:00:05.380058,15978
5223085,70,Active,4,27,2013-10-31 15:00:05.385286,15978
5223086,71,Active,0,19,2013-10-31 15:00:05.390387,15978
5223087,72,Active,3,22,2013-10-31 15:00:05.395576,15978
5223088,73,Active,1,18,2013-10-31 15:00:05.401404,15978
5223089,74,Active,5,14,2013-10-31 15:00:05.407094,15978
5223090,75,Active,4,27,2013-10-31 15:00:05.41225,15978
5223091,76,Active,48,11,2013-10-31 15:00:05.420123,15978
5223092,77,Active,5,22,2013-10-31 15:00:05.427186,15978
5223093,78,Active,11,32,2013-10-31 15:00:05.433154,15978
5223094,79,Active,25,19,2013-10-31 15:00:05.441206,15978
5223095,80,Active,0,19,2013-10-31 15:00:05.446442,15978
5223096,81,Active,2,27,2013-10-31 15:00:05.451708,15978
5223097,82,Active,1,19,2013-10-31 15:00:05.45711,15978
5223098,83,Active,31,21,2013-10-31 15:00:05.462352,15978
5223099,84,Active,28,3,2013-10-31 15:00:05.469106,15978
5223100,85,Active,4,20,2013-10-31 15:00:05.474356,15978
5223101,86,Active,25,10,2013-10-31 15:00:05.480589,15978
5223102,87,Active,2,25,2013-10-31 15:00:05.486145,15978
5223103,88,Active,0,35,2013-10-31 15:00:05.491315,15978
5223104,89,Active,11,44,2013-10-31 15:00:05.49678,15978
5223105,90,Active,1,36,2013-10-31 15:00:05.503409,15978
5223106,91,Active,0,23,2013-10-31 15:00:05.509333,15978
5223107,92,Active,28,3,2013-10-31 15:00:05.514579,15978
5223108,93,Active,34,2,2013-10-31 15:00:05.519702,15978
5223109,94,Active,29,4,2013-10-31 15:00:05.525107,15978
5223110,95,Active,29,8,2013-10-31 15:00:05.530489,15978
5223111,96,Active,1,30,2013-10-31 15:00:05.535704,15978
5223112,97,Active,8,19,2013-10-31 15:00:05.540833,15978
5223113,98,Active,38,3,2013-10-31 15:00:05.546463,15978
5223114,99,Active,15,20,2013-10-31 15:00:05.551872,15978
5223115,100,Active,8,22,2013-10-31 15:00:05.557395,15978
5223116,101,Active,1,30,2013-10-31 15:00:05.562683,15978
5223117,102,Active,13,10,2013-10-31 15:00:05.568302,15978
5223118,103,Active,0,39,2013-10-31 15:00:05.573884,15978
5223119,104,Active,27,2,2013-10-31 15:00:05.579271,15978
5223120,105,Active,16,27,2013-10-31 15:00:05.584449,15978
5223121,106,Active,1,26,2013-10-31 15:00:05.593411,15978
5223122,107,Active,16,15,2013-10-31 15:00:05.598911,15978
5223123,108,Active,14,21,2013-10-31 15:00:05.604313,15978
5223124,109,Active,18,21,2013-10-31 15:00:05.609837,15978
5223125,110,Active,8,19,2013-10-31 15:00:05.614706,15978
5223126,111,Active,0,31,2013-10-31 15:00:05.619963,15978
5223127,112,Active,7,32,2013-10-31 15:00:05.647044,15978
5223128,113,Active,51,0,2013-10-31 15:00:05.653111,15978
5223129,114,Active,3,32,2013-10-31 15:00:05.658289,15978
5223130,115,Active,1,26,2013-10-31 15:00:05.66346,15978
5223131,116,Active,38,1,2013-10-31 15:00:05.669908,15978
5223132,117,Active,22,1,2013-10-31 15:00:05.675591,15978
5223133,118,Active,24,7,2013-10-31 15:00:05.680984,15978
5223134,119,Active,20,19,2013-10-31 15:00:05.686089,15978
5223135,120,Active,9,18,2013-10-31 15:00:05.692058,15978
5223136,121,Active,1,23,2013-10-31 15:00:05.69755,15978
5223137,122,Active,2,29,2013-10-31 15:00:05.703054,15978
5223138,123,Active,24,3,2013-10-31 15:00:05.70854,15978
5223139,124,Active,3,33,2013-10-31 15:00:05.713535,15978
5223140,125,Active,29,8,2013-10-31 15:00:05.718747,15978
5223141,126,Active,0,24,2013-10-31 15:00:05.724036,15978
5223142,127,Active,6,21,2013-10-31 15:00:05.729228,15978
5223143,128,Active,13,6,2013-10-31 15:00:05.734673,15978
5223144,129,Active,1,28,2013-10-31 15:00:05.741013,15978
5223145,130,Active,9,14,2013-10-31 15:00:05.74637,15978
5223146,131,Active,9,14,2013-10-31 15:00:05.751417,15978
5223147,132,Active,2,33,2013-10-31 15:00:05.756281,15978
5223148,133,Active,1,26,2013-10-31 15:00:05.761353,15978
5223149,134,Active,32,3,2013-10-31 15:00:05.767197,15978
5223150,135,Active,40,2,2013-10-31 15:00:05.772454,15978
5223151,136,Active,5,18,2013-10-31 15:00:05.777724,15978
5223152,137,Active,0,28,2013-10-31 15:00:05.783273,15978
5223153,138,Active,36,3,2013-10-31 15:00:05.788931,15978
5223154,139,Active,28,8,2013-10-31 15:00:05.794158,15978
5223155,140,Active,2,25,2013-10-31 15:00:05.79936,15978
5223156,141,Active,3,28,2013-10-31 15:00:05.804319,15978
5223157,142,Active,4,39,2013-10-31 15:00:05.809641,15978
5223158,143,Active,0,23,2013-10-31 15:00:05.814841,15978
5223159,144,Active,4,23,2013-10-31 15:00:05.819971,15978
5223160,145,Active,0,36,2013-10-31 15:00:05.825193,15978
5223161,146,Active,40,15,2013-10-31 15:00:05.830903,15978
5223162,147,Active,16,23,2013-10-31 15:00:05.836228,15978
5223163,148,Active,9,34,2013-10-31 15:00:05.84136,15978
5223164,149,Active,2,55,2013-10-31 15:00:05.846489,15978
5223165,150,Active,3,45,2013-10-31 15:00:05.851786,15978
5223166,151,Active,1,26,2013-10-31 15:00:05.861365,15978
5223167,152,Active,0,31,2013-10-31 15:00:05.8666,15978
5223168,153,Active,0,33,2013-10-31 15:00:05.871713,15978
5223169,154,Active,16,18,2013-10-31 15:00:05.876937,15978
5223170,155,Active,13,26,2013-10-31 15:00:05.882378,15978
5223171,156,Active,0,35,2013-10-31 15:00:05.887687,15978
5223172,157,Active,8,19,2013-10-31 15:00:05.89268,15978
5223173,158,Active,3,16,2013-10-31 15:00:05.897879,15978
5223174,159,Active,29,1,2013-10-31 15:00:05.903072,15978
5223175,160,Active,17,26,2013-10-31 15:00:05.908852,15978
5223176,161,Active,43,4,2013-10-31 15:00:05.913974,15978
5223177,162,Inactive,0,59,2013-10-31 15:00:05.921374,15978
5223178,163,Active,5,34,2013-10-31 15:00:05.927651,15978
5223179,164,Active,27,9,2013-10-31 15:00:05.932933,15978
5223180,165,Active,0,39,2013-10-31 15:00:05.938208,15978
5223181,166,Active,5,26,2013-10-31 15:00:05.943776,15978
5223182,167,Active,1,28,2013-10-31 15:00:05.949318,15978
5223183,168,Active,28,15,2013-10-31 15:00:05.976373,15978
5223184,169,Active,12,27,2013-10-31 15:00:05.98202,15978
5223185,170,Active,30,5,2013-10-31 15:00:05.987375,15978
5223186,171,Active,7,20,2013-10-31 15:00:05.992554,15978
5223187,172,Active,6,25,2013-10-31 15:00:06.002599,15978
5223188,173,Active,0,31,2013-10-31 15:00:06.007946,15978
5223189,174,Active,10,22,2013-10-31 15:00:06.019412,15978
5223190,175,Active,0,31,2013-10-31 15:00:06.02469,15978
5223191,176,Active,0,36,2013-10-31 15:00:06.03548,15978
5223192,177,Active,1,29,2013-10-31 15:00:06.0407,15978
5223193,178,Inactive,0,25,2013-10-31 15:00:06.045842,15978
5223194,179,Active,2,25,2013-10-31 15:00:06.051072,15978
5223195,180,Active,0,31,2013-10-31 15:00:06.05622,15978
5223196,181,Active,0,27,2013-10-31 15:00:06.061552,15978
5223197,182,Active,1,14,2013-10-31 15:00:06.066672,15978
5223198,183,Active,0,41,2013-10-31 15:00:06.071947,15978
5223199,184,Active,37,5,2013-10-31 15:00:06.077496,15978
5223200,185,Active,0,31,2013-10-31 15:00:06.082692,15978
5223201,186,Active,28,11,2013-10-31 15:00:06.087854,15978
5223202,187,Active,7,33,2013-10-31 15:00:06.093421,15978
5223203,188,Active,4,30,2013-10-31 15:00:06.098765,15978
5223204,189,Active,0,43,2013-10-31 15:00:06.103998,15978
5223205,190,Active,2,21,2013-10-31 15:00:06.109408,15978
5223206,191,Active,4,15,2013-10-31 15:00:06.114835,15978
5223207,192,Active,0,35,2013-10-31 15:00:06.120062,15978
5223208,193,Active,0,23,2013-10-31 15:00:06.125432,15978
5223209,194,Active,22,7,2013-10-31 15:00:06.133191,15978
5223210,195,Active,18,6,2013-10-31 15:00:06.138203,15978
5223211,196,Active,41,1,2013-10-31 15:00:06.143871,15978
5223212,197,Active,0,31,2013-10-31 15:00:06.149473,15978
5223213,198,Active,2,45,2013-10-31 15:00:06.154688,15978
5223214,199,Active,16,7,2013-10-31 15:00:06.160016,15978
5223215,200,Active,0,23,2013-10-31 15:00:06.165284,15978
5223216,201,Active,0,23,2013-10-31 15:00:06.170669,15978
5223217,202,Active,1,18,2013-10-31 15:00:06.176158,15978
5223218,203,Active,10,40,2013-10-31 15:00:06.18165,15978
5223219,204,Active,0,39,2013-10-31 15:00:06.187131,15978
5223220,205,Active,23,8,2013-10-31 15:00:06.192661,15978
5223221,206,Active,40,19,2013-10-31 15:00:06.198013,15978
5223222,207,Active,1,30,2013-10-31 15:00:06.203472,15978
5223223,208,Active,25,2,2013-10-31 15:00:06.209094,15978
5223224,209,Active,4,26,2013-10-31 15:00:06.214376,15978
5223225,210,Active,0,31,2013-10-31 15:00:06.220205,15978
5223226,211,Active,1,38,2013-10-31 15:00:06.225532,15978
5223227,212,Active,12,15,2013-10-31 15:00:06.23126,15978
5223228,213,Active,43,4,2013-10-31 15:00:06.236708,15978
5223229,214,Active,0,27,2013-10-31 15:00:06.245691,15978
5223230,215,Active,5,22,2013-10-31 15:00:06.25081,15978
5223231,216,Active,1,26,2013-10-31 15:00:06.25686,15978
5223232,217,Active,2,37,2013-10-31 15:00:06.262394,15978
5223233,218,Active,26,6,2013-10-31 15:00:06.267771,15978
5223234,219,Active,1,34,2013-10-31 15:00:06.273367,15978
5223235,220,Active,18,33,2013-10-31 15:00:06.28122,15978
5223236,221,Active,7,16,2013-10-31 15:00:06.286664,15978
5223237,222,Active,49,3,2013-10-31 15:00:06.292459,15978
5223238,223,Active,0,36,2013-10-31 15:00:06.297957,15978
5223239,224,Active,10,29,2013-10-31 15:00:06.325945,15978
5223240,225,Active,0,31,2013-10-31 15:00:06.331743,15978
5223241,226,Active,12,19,2013-10-31 15:00:06.337551,15978
5223242,227,Active,0,31,2013-10-31 15:00:06.343048,15978
5223243,228,Active,2,57,2013-10-31 15:00:06.348247,15978
5223244,229,Active,0,39,2013-10-31 15:00:06.353559,15978
5223245,230,Active,1,34,2013-10-31 15:00:06.359073,15978
5223246,231,Active,15,24,2013-10-31 15:00:06.364181,15978
5223247,232,Active,32,3,2013-10-31 15:00:06.369781,15978
5223248,233,Active,1,58,2013-10-31 15:00:06.375502,15978
5223249,234,Active,10,21,2013-10-31 15:00:06.380595,15978
5223250,235,Active,14,7,2013-10-31 15:00:06.386073,15978
5223251,236,Active,10,13,2013-10-31 15:00:06.39148,15978
5223252,237,Inactive,0,39,2013-10-31 15:00:06.396689,15978
5223253,238,Active,14,33,2013-10-31 15:00:06.402071,15978
5223254,239,Active,19,6,2013-10-31 15:00:06.407684,15978
5223255,240,Active,16,43,2013-10-31 15:00:06.413152,15978
5223256,241,Active,11,28,2013-10-31 15:00:06.418674,15978
5223257,242,Active,30,5,2013-10-31 15:00:06.425534,15978
5223258,243,Active,12,22,2013-10-31 15:00:06.431125,15978
5223259,244,Active,1,58,2013-10-31 15:00:06.436726,15978
5223260,245,Active,1,56,2013-10-31 15:00:06.442149,15978
5223261,246,Active,1,36,2013-10-31 15:00:06.448045,15978
5223262,247,Active,17,10,2013-10-31 15:00:06.453395,15978
5223263,248,Active,15,26,2013-10-31 15:00:06.458493,15978
5223264,249,Active,0,42,2013-10-31 15:00:06.464211,15978
5223265,250,Active,27,20,2013-10-31 15:00:06.469873,15978
5223266,251,Active,11,26,2013-10-31 15:00:06.475177,15978
5223267,252,Inactive,0,44,2013-10-31 15:00:06.480702,15978
5223268,253,Active,7,52,2013-10-31 15:00:06.485919,15978
5223269,254,Active,1,23,2013-10-31 15:00:06.491739,15978
5223270,255,Active,0,31,2013-10-31 15:00:06.497174,15978
5223271,256,Active,7,20,2013-10-31 15:00:06.502459,15978
5223272,257,Active,16,9,2013-10-31 15:00:06.507932,15978
5223273,258,Active,0,39,2013-10-31 15:00:06.517451,15978
5223274,259,Active,5,30,2013-10-31 15:00:06.523258,15978
5223275,260,Active,41,3,2013-10-31 15:00:06.528684,15978
5223276,261,Active,10,29,2013-10-31 15:00:06.53398,15978
5223277,262,Active,13,26,2013-10-31 15:00:06.539126,15978
5223278,263,Active,0,36,2013-10-31 15:00:06.544544,15978
5223279,264,Active,6,35,2013-10-31 15:00:06.549665,15978
5223280,265,Active,35,2,2013-10-31 15:00:06.555061,15978
5223281,266,Active,33,26,2013-10-31 15:00:06.560548,15978
5223282,267,Active,50,3,2013-10-31 15:00:06.566563,15978
5223283,268,Active,3,46,2013-10-31 15:00:06.57206,15978
5223284,269,Active,12,22,2013-10-31 15:00:06.577696,15978
5223285,270,Active,2,33,2013-10-31 15:00:06.583127,15978
5223286,271,Active,2,23,2013-10-31 15:00:06.588367,15978
5223287,272,Inactive,0,35,2013-10-31 15:00:06.593604,15978
5223288,273,Active,55,4,2013-10-31 15:00:06.598612,15978
5223289,274,Active,3,27,2013-10-31 15:00:06.603956,15978
5223290,275,Active,7,29,2013-10-31 15:00:06.609298,15978
5223291,276,Active,30,22,2013-10-31 15:00:06.614919,15978
5223292,277,Active,17,26,2013-10-31 15:00:06.621408,15978
5223293,330,Active,3,27,2013-10-31 15:00:06.6267,15978
5223294,278,Inactive,0,27,2013-10-31 15:00:06.632283,15978
5223295,279,Active,0,45,2013-10-31 15:00:06.660179,15978
5223296,280,Active,4,32,2013-10-31 15:00:06.665497,15978
5223297,281,Active,3,44,2013-10-31 15:00:06.671015,15978
5223298,282,Active,18,6,2013-10-31 15:00:06.676145,15978
5223299,283,Active,3,33,2013-10-31 15:00:06.681328,15978
5223300,284,Active,48,3,2013-10-31 15:00:06.686576,15978
5223301,285,Active,0,33,2013-10-31 15:00:06.69206,15978
5223302,286,Active,2,25,2013-10-31 15:00:06.697914,15978
5223303,287,Active,2,25,2013-10-31 15:00:06.703369,15978
5223304,288,Active,33,20,2013-10-31 15:00:06.708475,15978
5223305,289,Active,2,33,2013-10-31 15:00:06.71369,15978
5223306,290,Active,14,17,2013-10-31 15:00:06.720213,15978
5223307,291,Active,31,28,2013-10-31 15:00:06.725428,15978
5223308,292,Active,4,35,2013-10-31 15:00:06.730487,15978
5223309,293,Active,11,50,2013-10-31 15:00:06.736362,15978
5223310,294,Active,38,1,2013-10-31 15:00:06.74153,15978
5223311,295,Active,46,21,2013-10-31 15:00:06.746746,15978
5223312,296,Active,46,5,2013-10-31 15:00:06.752061,15978
5223313,297,Active,8,43,2013-10-31 15:00:06.757247,15978
5223314,298,Active,37,20,2013-10-31 15:00:06.765284,15978
5223315,299,Active,34,5,2013-10-31 15:00:06.771128,15978
5223316,300,Active,16,27,2013-10-31 15:00:06.776365,15978
5223317,301,Inactive,0,7,2013-10-31 15:00:06.781463,15978
5223318,302,Active,4,35,2013-10-31 15:00:06.786483,15978
5223319,303,Active,8,33,2013-10-31 15:00:06.791691,15978
5223320,305,Active,0,39,2013-10-31 15:00:06.796711,15978
5223321,306,Active,17,26,2013-10-31 15:00:06.801839,15978
5223322,307,Active,4,46,2013-10-31 15:00:06.807376,15978
5223323,308,Active,15,16,2013-10-31 15:00:06.812971,15978
5223324,309,Active,22,7,2013-10-31 15:00:06.818371,15978
5223325,310,Active,32,7,2013-10-31 15:00:06.824171,15978
5223326,311,Active,37,2,2013-10-31 15:00:06.829484,15978
5223327,312,Active,27,4,2013-10-31 15:00:06.83519,15978
5223328,313,Active,7,32,2013-10-31 15:00:06.840776,15978
5223329,314,Active,0,27,2013-10-31 15:00:06.846381,15978
5223330,315,Active,16,22,2013-10-31 15:00:06.851584,15978
5223331,316,Active,21,9,2013-10-31 15:00:06.85685,15978
5223332,317,Active,6,9,2013-10-31 15:00:06.862231,15978
5223333,318,Active,20,7,2013-10-31 15:00:06.867718,15978
5223334,319,Active,0,30,2013-10-31 15:00:06.872814,15978
5223335,320,Active,2,34,2013-10-31 15:00:06.878292,15978
5223336,321,Active,5,7,2013-10-31 15:00:06.883521,15978
5223337,322,Active,10,39,2013-10-31 15:00:06.88954,15978
5223338,332,Active,7,17,2013-10-31 15:00:06.89473,15978
5223339,327,Active,9,26,2013-10-31 15:00:06.899947,15978
5223340,328,Active,36,3,2013-10-31 15:00:06.905229,15978
5223341,331,Active,13,23,2013-10-31 15:00:06.910471,15978
5223342,323,Active,2,37,2013-10-31 15:00:06.915611,15978
5223343,324,Active,0,43,2013-10-31 15:00:06.921727,15978
5223344,329,Active,5,28,2013-10-31 15:00:06.927181,15978
5223345,325,Active,20,16,2013-10-31 15:00:06.932645,15978
5223346,326,Active,19,6,2013-10-31 15:00:06.93802,15978
5223347,1,Active,4,35,2013-10-31 15:10:04.966599,15979
5223348,2,Active,25,8,2013-10-31 15:10:04.998136,15979
5223349,3,Active,10,16,2013-10-31 15:10:05.008044,15979
5223350,4,Active,9,53,2013-10-31 15:10:05.015411,15979
5223351,5,Active,14,25,2013-10-31 15:10:05.026767,15979
5223352,6,Active,4,15,2013-10-31 15:10:05.032381,15979
5223353,7,Active,0,19,2013-10-31 15:10:05.036983,15979
5223354,8,Active,2,29,2013-10-31 15:10:05.044572,15979
5223355,9,Active,27,3,2013-10-31 15:10:05.049011,15979
5223356,10,Active,29,17,2013-10-31 15:10:05.053819,15979
5223357,11,Active,0,24,2013-10-31 15:10:05.062507,15979
5223358,12,Active,7,12,2013-10-31 15:10:05.069904,15979
5223359,13,Active,10,29,2013-10-31 15:10:05.07562,15979
5223360,14,Active,29,4,2013-10-31 15:10:05.082469,15979
5223361,15,Active,1,30,2013-10-31 15:10:05.088802,15979
5223362,16,Active,29,4,2013-10-31 15:10:05.094218,15979
5223363,17,Active,21,8,2013-10-31 15:10:05.100895,15979
5223364,18,Active,24,31,2013-10-31 15:10:05.108122,15979
5223365,19,Active,0,23,2013-10-31 15:10:05.116256,15979
5223366,20,Active,1,25,2013-10-31 15:10:05.123122,15979
5223367,21,Active,22,13,2013-10-31 15:10:05.127555,15979
5223368,22,Active,15,32,2013-10-31 15:10:05.140868,15979
5223369,23,Active,31,14,2013-10-31 15:10:05.153062,15979
5223370,24,Active,0,47,2013-10-31 15:10:05.159511,15979
5223371,25,Active,27,24,2013-10-31 15:10:05.164046,15979
5223372,26,Active,1,29,2013-10-31 15:10:05.171177,15979
5223373,27,Active,40,5,2013-10-31 15:10:05.177228,15979
5223374,28,Active,20,8,2013-10-31 15:10:05.182188,15979
5223375,29,Active,0,23,2013-10-31 15:10:05.190323,15979
5223376,30,Active,23,16,2013-10-31 15:10:05.197332,15979
5223377,31,Active,4,34,2013-10-31 15:10:05.201712,15979
5223378,32,Active,15,18,2013-10-31 15:10:05.207761,15979
5223379,33,Active,6,25,2013-10-31 15:10:05.214959,15979
5223380,34,Active,33,4,2013-10-31 15:10:05.220236,15979
5223381,35,Active,50,5,2013-10-31 15:10:05.22467,15979
5223382,36,Active,25,2,2013-10-31 15:10:05.229517,15979
5223383,37,Active,0,23,2013-10-31 15:10:05.234151,15979
5223384,38,Active,12,27,2013-10-31 15:10:05.238976,15979
5223385,39,Active,0,39,2013-10-31 15:10:05.243923,15979
5223386,40,Active,2,37,2013-10-31 15:10:05.249741,15979
5223387,41,Active,0,31,2013-10-31 15:10:05.254976,15979
5223388,42,Active,27,4,2013-10-31 15:10:05.259625,15979
5223389,43,Active,0,23,2013-10-31 15:10:05.266394,15979
5223390,44,Active,1,22,2013-10-31 15:10:05.271015,15979
5223391,45,Active,14,25,2013-10-31 15:10:05.277663,15979
5223392,46,Active,1,30,2013-10-31 15:10:05.288371,15979
5223393,47,Active,0,23,2013-10-31 15:10:05.292925,15979
5223394,48,Active,1,19,2013-10-31 15:10:05.299224,15979
5223395,49,Active,20,3,2013-10-31 15:10:05.303574,15979
5223396,50,Active,22,5,2013-10-31 15:10:05.308467,15979
5223397,51,Active,37,3,2013-10-31 15:10:05.313219,15979
5223398,52,Active,19,8,2013-10-31 15:10:05.31859,15979
5223399,53,Active,0,33,2013-10-31 15:10:05.323554,15979
5223400,54,Active,6,41,2013-10-31 15:10:05.328491,15979
5223401,55,Active,1,30,2013-10-31 15:10:05.333057,15979
5223402,56,Active,28,11,2013-10-31 15:10:05.361318,15979
5223403,57,Active,0,23,2013-10-31 15:10:05.371612,15979
5223404,58,Active,35,4,2013-10-31 15:10:05.377366,15979
5223405,59,Active,32,3,2013-10-31 15:10:05.384539,15979
5223406,60,Active,4,23,2013-10-31 15:10:05.392778,15979
5223407,61,Active,0,24,2013-10-31 15:10:05.401174,15979
5223408,62,Active,21,10,2013-10-31 15:10:05.410431,15979
5223409,63,Active,25,2,2013-10-31 15:10:05.424697,15979
5223410,64,Active,0,35,2013-10-31 15:10:05.451163,15979
5223411,65,Active,0,24,2013-10-31 15:10:05.467135,15979
5223412,66,Active,6,51,2013-10-31 15:10:05.474619,15979
5223413,67,Active,26,1,2013-10-31 15:10:05.48036,15979
5223414,68,Active,0,23,2013-10-31 15:10:05.486903,15979
5223415,69,Active,0,39,2013-10-31 15:10:05.49504,15979
5223416,70,Active,4,27,2013-10-31 15:10:05.500753,15979
5223417,71,Active,0,19,2013-10-31 15:10:05.506237,15979
5223418,72,Active,4,21,2013-10-31 15:10:05.512675,15979
5223419,73,Active,1,18,2013-10-31 15:10:05.518589,15979
5223420,74,Active,5,14,2013-10-31 15:10:05.526172,15979
5223421,75,Active,4,27,2013-10-31 15:10:05.532098,15979
5223422,76,Active,48,11,2013-10-31 15:10:05.537963,15979
5223423,77,Active,5,22,2013-10-31 15:10:05.543137,15979
5223424,78,Active,12,31,2013-10-31 15:10:05.548685,15979
5223425,79,Active,26,18,2013-10-31 15:10:05.554886,15979
5223426,80,Active,0,19,2013-10-31 15:10:05.561175,15979
5223427,81,Active,1,28,2013-10-31 15:10:05.56726,15979
5223428,82,Active,1,19,2013-10-31 15:10:05.5728,15979
5223429,83,Active,30,22,2013-10-31 15:10:05.578315,15979
5223430,84,Active,27,4,2013-10-31 15:10:05.584007,15979
5223431,85,Active,4,20,2013-10-31 15:10:05.591026,15979
5223432,86,Active,25,10,2013-10-31 15:10:05.596443,15979
5223433,87,Active,1,26,2013-10-31 15:10:05.604514,15979
5223434,88,Active,1,34,2013-10-31 15:10:05.610736,15979
5223435,89,Active,11,44,2013-10-31 15:10:05.621011,15979
5223436,90,Active,1,36,2013-10-31 15:10:05.627497,15979
5223437,91,Active,0,23,2013-10-31 15:10:05.635518,15979
5223438,92,Active,29,2,2013-10-31 15:10:05.641351,15979
5223439,93,Active,35,1,2013-10-31 15:10:05.647666,15979
5223440,94,Active,28,5,2013-10-31 15:10:05.65375,15979
5223441,95,Active,33,4,2013-10-31 15:10:05.661927,15979
5223442,96,Active,1,30,2013-10-31 15:10:05.667952,15979
5223443,97,Active,9,18,2013-10-31 15:10:05.674752,15979
5223444,98,Active,38,3,2013-10-31 15:10:05.680386,15979
5223445,99,Active,15,20,2013-10-31 15:10:05.687299,15979
5223446,100,Active,9,21,2013-10-31 15:10:05.718223,15979
5223447,101,Active,0,31,2013-10-31 15:10:05.724287,15979
5223448,102,Active,13,10,2013-10-31 15:10:05.736469,15979
5223449,103,Active,0,39,2013-10-31 15:10:05.745741,15979
5223450,104,Active,27,2,2013-10-31 15:10:05.754053,15979
5223451,105,Active,13,30,2013-10-31 15:10:05.764633,15979
5223452,106,Active,1,26,2013-10-31 15:10:05.772406,15979
5223453,107,Active,17,14,2013-10-31 15:10:05.785332,15979
5223454,108,Active,14,21,2013-10-31 15:10:05.791319,15979
5223455,109,Active,17,22,2013-10-31 15:10:05.796642,15979
5223456,110,Active,9,18,2013-10-31 15:10:05.809309,15979
5223457,111,Active,0,31,2013-10-31 15:10:05.821735,15979
5223458,112,Active,7,32,2013-10-31 15:10:05.859898,15979
5223459,113,Active,51,0,2013-10-31 15:10:05.866967,15979
5223460,114,Active,6,29,2013-10-31 15:10:05.872816,15979
5223461,115,Active,0,27,2013-10-31 15:10:05.879583,15979
5223462,116,Active,37,2,2013-10-31 15:10:05.887503,15979
5223463,117,Active,22,1,2013-10-31 15:10:05.894324,15979
5223464,118,Active,24,7,2013-10-31 15:10:05.899306,15979
5223465,119,Active,21,18,2013-10-31 15:10:05.9044,15979
5223466,120,Active,9,18,2013-10-31 15:10:05.910496,15979
5223467,121,Active,1,23,2013-10-31 15:10:05.916592,15979
5223468,122,Active,5,26,2013-10-31 15:10:05.922212,15979
5223469,123,Active,23,4,2013-10-31 15:10:05.927885,15979
5223470,124,Active,4,32,2013-10-31 15:10:05.933822,15979
5223471,125,Active,29,8,2013-10-31 15:10:05.941434,15979
5223472,126,Active,0,24,2013-10-31 15:10:05.947499,15979
5223473,127,Active,6,21,2013-10-31 15:10:05.954473,15979
5223474,128,Active,13,6,2013-10-31 15:10:05.960037,15979
5223475,129,Active,1,28,2013-10-31 15:10:05.965927,15979
5223476,130,Active,7,16,2013-10-31 15:10:05.971701,15979
5223477,131,Active,9,14,2013-10-31 15:10:05.977887,15979
5223478,132,Active,1,34,2013-10-31 15:10:05.986382,15979
5223479,133,Active,0,27,2013-10-31 15:10:05.991989,15979
5223480,134,Active,33,2,2013-10-31 15:10:05.997538,15979
5223481,135,Active,40,2,2013-10-31 15:10:06.003692,15979
5223482,136,Active,5,18,2013-10-31 15:10:06.015272,15979
5223483,137,Active,1,27,2013-10-31 15:10:06.020933,15979
5223484,138,Active,37,2,2013-10-31 15:10:06.031275,15979
5223485,139,Active,29,7,2013-10-31 15:10:06.036461,15979
5223486,140,Active,2,25,2013-10-31 15:10:06.042449,15979
5223487,141,Active,2,29,2013-10-31 15:10:06.048464,15979
5223488,142,Active,4,39,2013-10-31 15:10:06.054216,15979
5223489,143,Active,0,23,2013-10-31 15:10:06.062872,15979
5223490,144,Active,4,23,2013-10-31 15:10:06.069183,15979
5223491,145,Active,1,35,2013-10-31 15:10:06.085613,15979
5223492,146,Active,42,13,2013-10-31 15:10:06.094086,15979
5223493,147,Active,16,23,2013-10-31 15:10:06.10435,15979
5223494,148,Active,10,33,2013-10-31 15:10:06.111285,15979
5223495,149,Active,1,56,2013-10-31 15:10:06.121292,15979
5223496,150,Active,1,47,2013-10-31 15:10:06.13166,15979
5223497,151,Active,1,26,2013-10-31 15:10:06.141339,15979
5223498,152,Active,0,31,2013-10-31 15:10:06.149799,15979
5223499,153,Active,0,33,2013-10-31 15:10:06.155398,15979
5223500,154,Active,15,19,2013-10-31 15:10:06.160678,15979
5223501,155,Active,13,26,2013-10-31 15:10:06.16662,15979
5223502,156,Active,0,35,2013-10-31 15:10:06.173129,15979
5223503,157,Active,8,19,2013-10-31 15:10:06.179775,15979
5223504,158,Active,3,16,2013-10-31 15:10:06.186663,15979
5223505,159,Active,30,0,2013-10-31 15:10:06.197204,15979
5223506,160,Active,18,25,2013-10-31 15:10:06.20332,15979
5223507,161,Active,43,4,2013-10-31 15:10:06.211677,15979
5223508,162,Inactive,0,59,2013-10-31 15:10:06.217979,15979
5223509,163,Active,2,37,2013-10-31 15:10:06.232853,15979
5223510,164,Active,26,10,2013-10-31 15:10:06.258343,15979
5223511,165,Active,0,39,2013-10-31 15:10:06.273991,15979
5223512,166,Active,5,26,2013-10-31 15:10:06.279721,15979
5223513,167,Active,1,28,2013-10-31 15:10:06.286181,15979
5223514,168,Active,26,17,2013-10-31 15:10:06.315782,15979
5223515,169,Active,12,27,2013-10-31 15:10:06.323037,15979
5223516,170,Active,29,6,2013-10-31 15:10:06.328539,15979
5223517,171,Active,7,20,2013-10-31 15:10:06.334028,15979
5223518,172,Active,6,25,2013-10-31 15:10:06.34005,15979
5223519,173,Active,0,31,2013-10-31 15:10:06.346103,15979
5223520,174,Active,10,22,2013-10-31 15:10:06.352154,15979
5223521,175,Active,0,31,2013-10-31 15:10:06.360197,15979
5223522,176,Active,2,34,2013-10-31 15:10:06.366559,15979
5223523,177,Active,1,29,2013-10-31 15:10:06.372143,15979
5223524,178,Inactive,0,25,2013-10-31 15:10:06.377931,15979
5223525,179,Active,2,25,2013-10-31 15:10:06.384286,15979
5223526,180,Active,0,31,2013-10-31 15:10:06.389994,15979
5223527,181,Active,0,27,2013-10-31 15:10:06.396042,15979
5223528,182,Active,1,14,2013-10-31 15:10:06.402197,15979
5223529,183,Active,1,40,2013-10-31 15:10:06.407718,15979
5223530,184,Active,38,4,2013-10-31 15:10:06.41519,15979
5223531,185,Active,0,31,2013-10-31 15:10:06.421064,15979
5223532,186,Active,28,11,2013-10-31 15:10:06.435216,15979
5223533,187,Active,6,34,2013-10-31 15:10:06.451712,15979
5223534,188,Active,5,29,2013-10-31 15:10:06.459308,15979
5223535,189,Active,0,43,2013-10-31 15:10:06.468645,15979
5223536,190,Active,2,21,2013-10-31 15:10:06.474382,15979
5223537,191,Active,4,15,2013-10-31 15:10:06.480445,15979
5223538,192,Active,0,35,2013-10-31 15:10:06.486614,15979
5223539,193,Active,0,23,2013-10-31 15:10:06.492697,15979
5223540,194,Active,21,8,2013-10-31 15:10:06.498322,15979
5223541,195,Active,20,4,2013-10-31 15:10:06.503962,15979
5223542,196,Active,41,1,2013-10-31 15:10:06.510864,15979
5223543,197,Active,0,31,2013-10-31 15:10:06.517234,15979
5223544,198,Active,0,47,2013-10-31 15:10:06.523957,15979
5223545,199,Active,16,7,2013-10-31 15:10:06.529822,15979
5223546,200,Active,0,23,2013-10-31 15:10:06.535313,15979
5223547,201,Active,0,23,2013-10-31 15:10:06.54122,15979
5223548,202,Active,2,17,2013-10-31 15:10:06.548478,15979
5223549,203,Active,7,43,2013-10-31 15:10:06.556773,15979
5223550,204,Active,0,39,2013-10-31 15:10:06.569202,15979
5223551,205,Active,23,8,2013-10-31 15:10:06.57922,15979
5223552,206,Active,40,19,2013-10-31 15:10:06.585219,15979
5223553,207,Active,3,28,2013-10-31 15:10:06.590861,15979
5223554,208,Active,25,2,2013-10-31 15:10:06.597984,15979
5223555,209,Active,4,26,2013-10-31 15:10:06.604603,15979
5223556,210,Active,0,31,2013-10-31 15:10:06.61162,15979
5223557,211,Active,2,37,2013-10-31 15:10:06.619075,15979
5223558,212,Active,13,14,2013-10-31 15:10:06.625037,15979
5223559,213,Active,43,4,2013-10-31 15:10:06.631366,15979
5223560,214,Active,0,27,2013-10-31 15:10:06.638318,15979
5223561,215,Active,5,22,2013-10-31 15:10:06.649622,15979
5223562,216,Active,1,26,2013-10-31 15:10:06.669093,15979
5223563,217,Active,3,36,2013-10-31 15:10:06.67561,15979
5223564,218,Active,24,8,2013-10-31 15:10:06.681565,15979
5223565,219,Active,0,35,2013-10-31 15:10:06.687194,15979
5223566,220,Active,19,32,2013-10-31 15:10:06.693431,15979
5223567,221,Active,7,16,2013-10-31 15:10:06.701133,15979
5223568,222,Active,48,4,2013-10-31 15:10:06.710417,15979
5223569,223,Active,1,35,2013-10-31 15:10:06.716823,15979
5223570,224,Active,9,30,2013-10-31 15:10:06.745961,15979
5223571,225,Active,0,31,2013-10-31 15:10:06.752234,15979
5223572,226,Active,9,22,2013-10-31 15:10:06.758764,15979
5223573,227,Active,0,31,2013-10-31 15:10:06.764242,15979
5223574,228,Active,3,56,2013-10-31 15:10:06.76976,15979
5223575,229,Active,1,38,2013-10-31 15:10:06.775229,15979
5223576,230,Active,1,34,2013-10-31 15:10:06.78056,15979
5223577,231,Active,13,26,2013-10-31 15:10:06.790737,15979
5223578,232,Active,35,0,2013-10-31 15:10:06.803851,15979
5223579,233,Active,3,56,2013-10-31 15:10:06.824602,15979
5223580,234,Active,10,21,2013-10-31 15:10:06.830128,15979
5223581,235,Active,13,8,2013-10-31 15:10:06.835479,15979
5223582,236,Active,10,13,2013-10-31 15:10:06.84263,15979
5223583,237,Inactive,0,39,2013-10-31 15:10:06.85309,15979
5223584,238,Active,11,36,2013-10-31 15:10:06.862816,15979
5223585,239,Active,21,4,2013-10-31 15:10:06.868902,15979
5223586,240,Active,17,42,2013-10-31 15:10:06.874208,15979
5223587,241,Active,10,29,2013-10-31 15:10:06.879789,15979
5223588,242,Active,29,6,2013-10-31 15:10:06.887687,15979
5223589,243,Active,12,22,2013-10-31 15:10:06.89325,15979
5223590,244,Active,0,59,2013-10-31 15:10:06.900568,15979
5223591,245,Active,2,55,2013-10-31 15:10:06.906767,15979
5223592,246,Active,0,37,2013-10-31 15:10:06.912402,15979
5223593,247,Active,17,10,2013-10-31 15:10:06.919407,15979
5223594,248,Active,16,25,2013-10-31 15:10:06.926514,15979
5223595,249,Active,0,42,2013-10-31 15:10:06.945007,15979
5223596,250,Active,30,17,2013-10-31 15:10:06.969379,15979
5223597,251,Active,11,26,2013-10-31 15:10:06.978039,15979
5223598,252,Inactive,0,44,2013-10-31 15:10:06.983692,15979
5223599,253,Active,5,54,2013-10-31 15:10:06.992275,15979
5223600,254,Active,0,24,2013-10-31 15:10:06.99901,15979
5223601,255,Active,0,31,2013-10-31 15:10:07.006582,15979
5223602,256,Active,6,21,2013-10-31 15:10:07.017361,15979
5223603,257,Active,16,9,2013-10-31 15:10:07.026694,15979
5223604,258,Active,1,38,2013-10-31 15:10:07.032544,15979
5223605,259,Active,4,31,2013-10-31 15:10:07.040706,15979
5223606,260,Active,41,3,2013-10-31 15:10:07.045829,15979
5223607,261,Active,9,30,2013-10-31 15:10:07.05214,15979
5223608,262,Active,14,25,2013-10-31 15:10:07.059015,15979
5223609,263,Active,0,36,2013-10-31 15:10:07.064625,15979
5223610,264,Active,4,37,2013-10-31 15:10:07.070835,15979
5223611,265,Active,33,4,2013-10-31 15:10:07.077001,15979
5223612,266,Active,41,18,2013-10-31 15:10:07.086879,15979
5223613,267,Active,50,3,2013-10-31 15:10:07.093114,15979
5223614,268,Active,3,46,2013-10-31 15:10:07.098704,15979
5223615,269,Active,12,22,2013-10-31 15:10:07.10486,15979
5223616,270,Active,2,33,2013-10-31 15:10:07.110441,15979
5223617,271,Active,3,22,2013-10-31 15:10:07.116593,15979
5223618,272,Inactive,0,35,2013-10-31 15:10:07.122835,15979
5223619,273,Active,55,4,2013-10-31 15:10:07.130171,15979
5223620,274,Active,6,24,2013-10-31 15:10:07.137257,15979
5223621,275,Active,6,30,2013-10-31 15:10:07.144155,15979
5223622,276,Active,30,22,2013-10-31 15:10:07.150867,15979
5223623,277,Active,15,28,2013-10-31 15:10:07.158454,15979
5223624,330,Active,3,27,2013-10-31 15:10:07.166606,15979
5223625,278,Inactive,0,27,2013-10-31 15:10:07.176492,15979
5223626,279,Active,0,45,2013-10-31 15:10:07.208099,15979
5223627,280,Active,4,32,2013-10-31 15:10:07.214524,15979
5223628,281,Active,2,45,2013-10-31 15:10:07.221114,15979
5223629,282,Active,18,6,2013-10-31 15:10:07.226647,15979
5223630,283,Active,4,32,2013-10-31 15:10:07.236534,15979
5223631,284,Active,49,2,2013-10-31 15:10:07.244622,15979
5223632,285,Active,0,33,2013-10-31 15:10:07.250109,15979
5223633,286,Active,5,22,2013-10-31 15:10:07.255984,15979
5223634,287,Active,1,26,2013-10-31 15:10:07.261171,15979
5223635,288,Active,33,20,2013-10-31 15:10:07.266791,15979
5223636,289,Active,0,35,2013-10-31 15:10:07.27227,15979
5223637,290,Active,13,18,2013-10-31 15:10:07.281049,15979
5223638,291,Active,29,30,2013-10-31 15:10:07.28971,15979
5223639,292,Active,6,33,2013-10-31 15:10:07.297863,15979
5223640,293,Active,10,51,2013-10-31 15:10:07.305203,15979
5223641,294,Active,38,1,2013-10-31 15:10:07.316722,15979
5223642,295,Active,48,19,2013-10-31 15:10:07.334536,15979
5223643,296,Active,46,5,2013-10-31 15:10:07.346052,15979
5223644,297,Active,6,45,2013-10-31 15:10:07.352274,15979
5223645,298,Active,39,18,2013-10-31 15:10:07.363273,15979
5223646,299,Active,35,4,2013-10-31 15:10:07.36969,15979
5223647,300,Active,15,28,2013-10-31 15:10:07.377622,15979
5223648,301,Inactive,0,7,2013-10-31 15:10:07.384517,15979
5223649,302,Active,6,33,2013-10-31 15:10:07.389796,15979
5223650,303,Active,5,36,2013-10-31 15:10:07.395903,15979
5223651,305,Active,0,39,2013-10-31 15:10:07.403674,15979
5223652,306,Active,17,26,2013-10-31 15:10:07.409159,15979
5223653,307,Active,3,47,2013-10-31 15:10:07.416733,15979
5223654,308,Active,15,16,2013-10-31 15:10:07.423313,15979
5223655,309,Active,24,5,2013-10-31 15:10:07.428644,15979
5223656,310,Active,33,6,2013-10-31 15:10:07.434125,15979
5223657,311,Active,36,3,2013-10-31 15:10:07.439618,15979
5223658,312,Active,27,4,2013-10-31 15:10:07.444983,15979
5223659,313,Active,8,31,2013-10-31 15:10:07.45267,15979
5223660,314,Active,1,26,2013-10-31 15:10:07.458184,15979
5223661,315,Active,14,24,2013-10-31 15:10:07.463794,15979
5223662,316,Active,22,8,2013-10-31 15:10:07.4692,15979
5223663,317,Active,6,9,2013-10-31 15:10:07.474371,15979
5223664,318,Active,20,7,2013-10-31 15:10:07.480081,15979
5223665,319,Active,0,30,2013-10-31 15:10:07.485595,15979
5223666,320,Active,2,34,2013-10-31 15:10:07.493146,15979
5223667,321,Active,5,7,2013-10-31 15:10:07.498902,15979
5223668,322,Active,11,38,2013-10-31 15:10:07.504849,15979
5223669,332,Active,7,17,2013-10-31 15:10:07.510511,15979
5223670,327,Active,9,26,2013-10-31 15:10:07.515993,15979
5223671,328,Active,37,2,2013-10-31 15:10:07.522413,15979
5223672,331,Active,11,25,2013-10-31 15:10:07.527603,15979
5223673,323,Active,4,35,2013-10-31 15:10:07.532992,15979
5223674,324,Active,0,43,2013-10-31 15:10:07.539737,15979
5223675,329,Active,4,29,2013-10-31 15:10:07.546293,15979
5223676,325,Active,20,16,2013-10-31 15:10:07.553781,15979
5223677,326,Active,21,4,2013-10-31 15:10:07.560909,15979
5223678,1,Active,4,35,2013-10-31 15:20:05.550537,15980
5223679,2,Active,26,7,2013-10-31 15:20:05.563483,15980
5223680,3,Active,9,17,2013-10-31 15:20:05.56938,15980
5223681,4,Active,8,54,2013-10-31 15:20:05.583562,15980
5223682,5,Active,11,28,2013-10-31 15:20:05.588373,15980
5223683,6,Active,4,15,2013-10-31 15:20:05.592735,15980
5223684,7,Active,0,19,2013-10-31 15:20:05.597481,15980
5223685,8,Active,2,29,2013-10-31 15:20:05.601989,15980
5223686,9,Active,28,2,2013-10-31 15:20:05.606737,15980
5223687,10,Active,28,18,2013-10-31 15:20:05.611076,15980
5223688,11,Active,0,24,2013-10-31 15:20:05.615529,15980
5223689,12,Active,7,12,2013-10-31 15:20:05.620264,15980
5223690,13,Active,10,29,2013-10-31 15:20:05.624715,15980
5223691,14,Active,29,4,2013-10-31 15:20:05.629152,15980
5223692,15,Active,2,29,2013-10-31 15:20:05.633729,15980
5223693,16,Active,29,4,2013-10-31 15:20:05.63829,15980
5223694,17,Active,19,10,2013-10-31 15:20:05.643373,15980
5223695,18,Active,24,31,2013-10-31 15:20:05.647709,15980
5223696,19,Active,0,23,2013-10-31 15:20:05.651997,15980
5223697,20,Active,2,24,2013-10-31 15:20:05.657689,15980
5223698,21,Active,20,15,2013-10-31 15:20:05.66296,15980
5223699,22,Active,14,33,2013-10-31 15:20:05.669207,15980
5223700,23,Active,31,14,2013-10-31 15:20:05.674239,15980
5223701,24,Inactive,0,47,2013-10-31 15:20:05.680752,15980
5223702,25,Active,25,26,2013-10-31 15:20:05.692154,15980
5223703,26,Active,0,30,2013-10-31 15:20:05.697929,15980
5223704,27,Active,40,5,2013-10-31 15:20:05.703151,15980
5223705,28,Active,18,10,2013-10-31 15:20:05.709177,15980
5223706,29,Active,0,23,2013-10-31 15:20:05.713758,15980
5223707,30,Active,23,16,2013-10-31 15:20:05.721315,15980
5223708,31,Active,4,34,2013-10-31 15:20:05.73033,15980
5223709,32,Active,10,23,2013-10-31 15:20:05.737723,15980
5223710,33,Active,6,25,2013-10-31 15:20:05.742351,15980
5223711,34,Active,33,4,2013-10-31 15:20:05.748283,15980
5223712,35,Active,52,3,2013-10-31 15:20:05.781818,15980
5223713,36,Active,25,2,2013-10-31 15:20:05.794066,15980
5223714,37,Active,0,23,2013-10-31 15:20:05.799015,15980
5223715,38,Active,9,30,2013-10-31 15:20:05.804727,15980
5223716,39,Active,3,36,2013-10-31 15:20:05.809435,15980
5223717,40,Active,1,38,2013-10-31 15:20:05.81681,15980
5223718,41,Active,0,31,2013-10-31 15:20:05.825384,15980
5223719,42,Active,28,3,2013-10-31 15:20:05.857846,15980
5223720,43,Active,0,23,2013-10-31 15:20:05.865872,15980
5223721,44,Active,1,22,2013-10-31 15:20:05.872045,15980
5223722,45,Active,14,25,2013-10-31 15:20:05.883944,15980
5223723,46,Active,1,30,2013-10-31 15:20:05.92674,15980
5223724,47,Active,1,22,2013-10-31 15:20:05.947966,15980
5223725,48,Active,1,19,2013-10-31 15:20:05.953832,15980
5223726,49,Active,21,2,2013-10-31 15:20:05.958418,15980
5223727,50,Active,22,5,2013-10-31 15:20:05.964844,15980
5223728,51,Active,37,3,2013-10-31 15:20:06.003784,15980
5223729,52,Active,22,5,2013-10-31 15:20:06.010215,15980
5223730,53,Active,0,33,2013-10-31 15:20:06.029478,15980
5223731,54,Active,10,37,2013-10-31 15:20:06.038497,15980
5223732,55,Active,2,29,2013-10-31 15:20:06.043394,15980
5223733,56,Active,28,11,2013-10-31 15:20:06.075709,15980
5223734,57,Active,0,23,2013-10-31 15:20:06.083141,15980
5223735,58,Active,35,4,2013-10-31 15:20:06.091694,15980
5223736,59,Active,32,3,2013-10-31 15:20:06.103013,15980
5223737,60,Active,4,23,2013-10-31 15:20:06.111421,15980
5223738,61,Active,0,24,2013-10-31 15:20:06.119514,15980
5223739,62,Active,22,9,2013-10-31 15:20:06.128965,15980
5223740,63,Active,23,4,2013-10-31 15:20:06.135125,15980
5223741,64,Active,0,35,2013-10-31 15:20:06.140222,15980
5223742,65,Active,0,24,2013-10-31 15:20:06.147487,15980
5223743,66,Active,5,52,2013-10-31 15:20:06.155574,15980
5223744,67,Active,26,1,2013-10-31 15:20:06.161259,15980
5223745,68,Active,0,23,2013-10-31 15:20:06.166626,15980
5223746,69,Active,0,39,2013-10-31 15:20:06.17216,15980
5223747,70,Active,4,27,2013-10-31 15:20:06.20519,15980
5223748,71,Active,0,19,2013-10-31 15:20:06.217188,15980
5223749,72,Active,5,20,2013-10-31 15:20:06.228757,15980
5223750,73,Active,1,18,2013-10-31 15:20:06.238491,15980
5223751,74,Active,6,13,2013-10-31 15:20:06.274684,15980
5223752,75,Active,2,29,2013-10-31 15:20:06.294175,15980
5223753,76,Active,49,10,2013-10-31 15:20:06.299962,15980
5223754,77,Active,5,22,2013-10-31 15:20:06.306221,15980
5223755,78,Active,9,34,2013-10-31 15:20:06.313309,15980
5223756,79,Active,23,21,2013-10-31 15:20:06.345676,15980
5223757,80,Active,0,19,2013-10-31 15:20:06.351198,15980
5223758,81,Active,1,28,2013-10-31 15:20:06.36106,15980
5223759,82,Active,0,20,2013-10-31 15:20:06.36626,15980
5223760,83,Active,31,21,2013-10-31 15:20:06.371716,15980
5223761,84,Active,28,3,2013-10-31 15:20:06.377891,15980
5223762,85,Active,5,19,2013-10-31 15:20:06.384552,15980
5223763,86,Active,24,11,2013-10-31 15:20:06.41683,15980
5223764,87,Active,1,26,2013-10-31 15:20:06.424414,15980
5223765,88,Active,0,35,2013-10-31 15:20:06.429777,15980
5223766,89,Active,12,43,2013-10-31 15:20:06.434993,15980
5223767,90,Active,2,35,2013-10-31 15:20:06.442071,15980
5223768,91,Active,0,23,2013-10-31 15:20:06.454119,15980
5223769,92,Active,29,2,2013-10-31 15:20:06.4885,15980
5223770,93,Active,33,3,2013-10-31 15:20:06.494732,15980
5223771,94,Active,28,5,2013-10-31 15:20:06.502889,15980
5223772,95,Active,33,4,2013-10-31 15:20:06.508566,15980
5223773,96,Active,0,31,2013-10-31 15:20:06.51669,15980
5223774,97,Active,10,17,2013-10-31 15:20:06.522654,15980
5223775,98,Active,37,4,2013-10-31 15:20:06.570599,15980
5223776,99,Active,15,20,2013-10-31 15:20:06.625934,15980
5223777,100,Active,9,21,2013-10-31 15:20:06.634071,15980
5223778,101,Active,1,30,2013-10-31 15:20:06.646224,15980
5223779,102,Active,12,11,2013-10-31 15:20:06.655069,15980
5223780,103,Active,0,39,2013-10-31 15:20:06.694627,15980
5223781,104,Active,27,2,2013-10-31 15:20:06.704825,15980
5223782,105,Active,13,30,2013-10-31 15:20:06.710439,15980
5223783,106,Active,1,26,2013-10-31 15:20:06.71932,15980
5223784,107,Active,19,12,2013-10-31 15:20:06.726109,15980
5223785,108,Active,12,23,2013-10-31 15:20:06.761158,15980
5223786,109,Active,18,21,2013-10-31 15:20:06.772332,15980
5223787,110,Active,9,18,2013-10-31 15:20:06.779898,15980
5223788,111,Active,0,31,2013-10-31 15:20:06.785905,15980
5223789,112,Active,6,33,2013-10-31 15:20:06.818823,15980
5223790,113,Active,51,0,2013-10-31 15:20:06.836986,15980
5223791,114,Active,6,29,2013-10-31 15:20:06.845265,15980
5223792,115,Active,0,27,2013-10-31 15:20:06.852439,15980
5223793,116,Active,37,2,2013-10-31 15:20:06.859706,15980
5223794,117,Active,22,1,2013-10-31 15:20:06.867218,15980
5223795,118,Active,23,8,2013-10-31 15:20:06.905078,15980
5223796,119,Active,21,18,2013-10-31 15:20:06.915252,15980
5223797,120,Active,9,18,2013-10-31 15:20:06.926235,15980
5223798,121,Active,1,23,2013-10-31 15:20:06.932397,15980
5223799,122,Active,7,24,2013-10-31 15:20:06.938533,15980
5223800,123,Active,24,3,2013-10-31 15:20:06.94524,15980
5223801,124,Active,4,32,2013-10-31 15:20:06.950587,15980
5223802,125,Active,29,8,2013-10-31 15:20:06.957984,15980
5223803,126,Active,0,24,2013-10-31 15:20:06.967899,15980
5223804,127,Active,6,21,2013-10-31 15:20:06.975282,15980
5223805,128,Active,13,6,2013-10-31 15:20:06.983042,15980
5223806,129,Active,1,28,2013-10-31 15:20:06.994149,15980
5223807,130,Active,7,16,2013-10-31 15:20:07.002747,15980
5223808,131,Active,8,15,2013-10-31 15:20:07.016749,15980
5223809,132,Active,0,35,2013-10-31 15:20:07.039234,15980
5223810,133,Active,0,27,2013-10-31 15:20:07.051943,15980
5223811,134,Active,31,4,2013-10-31 15:20:07.060564,15980
5223812,135,Active,41,1,2013-10-31 15:20:07.066797,15980
5223813,136,Active,4,19,2013-10-31 15:20:07.073637,15980
5223814,137,Active,1,27,2013-10-31 15:20:07.080402,15980
5223815,138,Active,34,5,2013-10-31 15:20:07.114317,15980
5223816,139,Active,29,7,2013-10-31 15:20:07.121117,15980
5223817,140,Active,2,25,2013-10-31 15:20:07.128167,15980
5223818,141,Active,2,29,2013-10-31 15:20:07.133641,15980
5223819,142,Active,4,39,2013-10-31 15:20:07.139059,15980
5223820,143,Active,0,23,2013-10-31 15:20:07.145422,15980
5223821,144,Active,4,23,2013-10-31 15:20:07.151116,15980
5223822,145,Active,0,36,2013-10-31 15:20:07.185943,15980
5223823,146,Active,42,13,2013-10-31 15:20:07.199378,15980
5223824,147,Active,16,23,2013-10-31 15:20:07.205949,15980
5223825,148,Active,10,33,2013-10-31 15:20:07.217701,15980
5223826,149,Active,0,57,2013-10-31 15:20:07.225071,15980
5223827,150,Active,2,46,2013-10-31 15:20:07.267473,15980
5223828,151,Active,1,26,2013-10-31 15:20:07.27681,15980
5223829,152,Active,0,31,2013-10-31 15:20:07.286218,15980
5223830,153,Active,0,33,2013-10-31 15:20:07.323405,15980
5223831,154,Active,15,19,2013-10-31 15:20:07.332747,15980
5223832,155,Active,10,29,2013-10-31 15:20:07.344778,15980
5223833,156,Active,0,35,2013-10-31 15:20:07.351754,15980
5223834,157,Active,8,19,2013-10-31 15:20:07.361196,15980
5223835,158,Active,4,15,2013-10-31 15:20:07.396987,15980
5223836,159,Active,27,3,2013-10-31 15:20:07.405529,15980
5223837,160,Active,18,25,2013-10-31 15:20:07.414005,15980
5223838,161,Active,43,4,2013-10-31 15:20:07.425989,15980
5223839,162,Inactive,0,59,2013-10-31 15:20:07.462633,15980
5223840,163,Active,3,36,2013-10-31 15:20:07.470703,15980
5223841,164,Active,26,10,2013-10-31 15:20:07.478657,15980
5223842,165,Active,0,39,2013-10-31 15:20:07.484388,15980
5223843,166,Active,5,26,2013-10-31 15:20:07.491152,15980
5223844,167,Active,5,24,2013-10-31 15:20:07.499996,15980
5223845,168,Active,29,14,2013-10-31 15:20:07.555202,15980
5223846,169,Active,14,25,2013-10-31 15:20:07.566185,15980
5223847,170,Active,29,6,2013-10-31 15:20:07.600048,15980
5223848,171,Active,7,20,2013-10-31 15:20:07.60792,15980
5223849,172,Active,6,25,2013-10-31 15:20:07.618309,15980
5223850,173,Active,0,31,2013-10-31 15:20:07.627631,15980
5223851,174,Active,10,22,2013-10-31 15:20:07.63509,15980
5223852,175,Active,0,31,2013-10-31 15:20:07.66857,15980
5223853,176,Active,1,35,2013-10-31 15:20:07.675297,15980
5223854,177,Active,1,29,2013-10-31 15:20:07.681363,15980
5223855,178,Inactive,0,25,2013-10-31 15:20:07.688234,15980
5223856,179,Active,2,25,2013-10-31 15:20:07.697857,15980
5223857,180,Active,0,31,2013-10-31 15:20:07.704317,15980
5223858,181,Active,0,27,2013-10-31 15:20:07.737868,15980
5223859,182,Active,1,14,2013-10-31 15:20:07.765918,15980
5223860,183,Active,0,41,2013-10-31 15:20:07.803327,15980
5223861,184,Active,38,4,2013-10-31 15:20:07.80924,15980
5223862,185,Active,0,31,2013-10-31 15:20:07.814451,15980
5223863,186,Active,28,11,2013-10-31 15:20:07.821387,15980
5223864,187,Active,6,34,2013-10-31 15:20:07.827331,15980
5223865,188,Active,5,29,2013-10-31 15:20:07.836406,15980
5223866,189,Active,0,43,2013-10-31 15:20:07.873318,15980
5223867,190,Active,1,22,2013-10-31 15:20:07.886019,15980
5223868,191,Active,4,15,2013-10-31 15:20:07.893861,15980
5223869,192,Active,1,34,2013-10-31 15:20:07.900732,15980
5223870,193,Active,0,23,2013-10-31 15:20:07.908019,15980
5223871,194,Active,21,8,2013-10-31 15:20:07.916059,15980
5223872,195,Active,20,4,2013-10-31 15:20:07.923381,15980
5223873,196,Active,40,2,2013-10-31 15:20:07.929397,15980
5223874,197,Active,0,31,2013-10-31 15:20:07.935454,15980
5223875,198,Active,0,47,2013-10-31 15:20:07.944548,15980
5223876,199,Active,16,7,2013-10-31 15:20:07.951572,15980
5223877,200,Active,0,23,2013-10-31 15:20:07.959274,15980
5223878,201,Active,0,23,2013-10-31 15:20:07.9669,15980
5223879,202,Active,3,16,2013-10-31 15:20:07.981739,15980
5223880,203,Active,5,45,2013-10-31 15:20:07.994865,15980
5223881,204,Active,0,39,2013-10-31 15:20:08.00667,15980
5223882,205,Active,25,6,2013-10-31 15:20:08.01749,15980
5223883,206,Active,40,19,2013-10-31 15:20:08.024358,15980
5223884,207,Active,4,27,2013-10-31 15:20:08.032715,15980
5223885,208,Active,24,3,2013-10-31 15:20:08.038065,15980
5223886,209,Active,4,26,2013-10-31 15:20:08.044915,15980
5223887,210,Active,0,31,2013-10-31 15:20:08.07847,15980
5223888,211,Active,1,38,2013-10-31 15:20:08.087244,15980
5223889,212,Active,14,13,2013-10-31 15:20:08.094647,15980
5223890,213,Active,43,4,2013-10-31 15:20:08.100104,15980
5223891,214,Active,0,27,2013-10-31 15:20:08.107003,15980
5223892,215,Active,5,22,2013-10-31 15:20:08.116204,15980
5223893,216,Active,0,27,2013-10-31 15:20:08.134179,15980
5223894,217,Active,1,38,2013-10-31 15:20:08.159536,15980
5223895,218,Active,24,8,2013-10-31 15:20:08.167034,15980
5223896,219,Active,0,35,2013-10-31 15:20:08.177739,15980
5223897,220,Active,17,34,2013-10-31 15:20:08.188972,15980
5223898,221,Active,7,16,2013-10-31 15:20:08.199013,15980
5223899,222,Active,49,3,2013-10-31 15:20:08.205756,15980
5223900,223,Active,0,36,2013-10-31 15:20:08.214048,15980
5223901,224,Active,6,33,2013-10-31 15:20:08.2463,15980
5223902,225,Active,0,31,2013-10-31 15:20:08.285416,15980
5223903,226,Active,10,21,2013-10-31 15:20:08.298017,15980
5223904,227,Active,0,31,2013-10-31 15:20:08.307946,15980
5223905,228,Active,1,58,2013-10-31 15:20:08.316038,15980
5223906,229,Active,1,38,2013-10-31 15:20:08.322797,15980
5223907,230,Active,1,34,2013-10-31 15:20:08.329216,15980
5223908,231,Active,11,28,2013-10-31 15:20:08.337649,15980
5223909,232,Active,35,0,2013-10-31 15:20:08.347757,15980
5223910,233,Active,1,58,2013-10-31 15:20:08.363276,15980
5223911,234,Active,11,20,2013-10-31 15:20:08.370961,15980
5223912,235,Active,14,7,2013-10-31 15:20:08.381014,15980
5223913,236,Active,10,13,2013-10-31 15:20:08.390442,15980
5223914,237,Inactive,0,39,2013-10-31 15:20:08.397958,15980
5223915,238,Active,10,37,2013-10-31 15:20:08.405928,15980
5223916,239,Active,21,4,2013-10-31 15:20:08.412148,15980
5223917,240,Active,16,43,2013-10-31 15:20:08.419792,15980
5223918,241,Active,10,29,2013-10-31 15:20:08.427119,15980
5223919,242,Active,28,7,2013-10-31 15:20:08.434192,15980
5223920,243,Active,11,23,2013-10-31 15:20:08.440182,15980
5223921,244,Active,0,59,2013-10-31 15:20:08.446259,15980
5223922,245,Active,2,55,2013-10-31 15:20:08.453238,15980
5223923,246,Active,1,36,2013-10-31 15:20:08.45898,15980
5223924,247,Active,17,10,2013-10-31 15:20:08.473313,15980
5223925,248,Active,15,26,2013-10-31 15:20:08.487853,15980
5223926,249,Active,0,42,2013-10-31 15:20:08.500124,15980
5223927,250,Active,30,17,2013-10-31 15:20:08.506036,15980
5223928,251,Active,12,25,2013-10-31 15:20:08.51212,15980
5223929,252,Inactive,0,44,2013-10-31 15:20:08.518768,15980
5223930,253,Active,7,52,2013-10-31 15:20:08.523883,15980
5223931,254,Active,0,24,2013-10-31 15:20:08.531146,15980
5223932,255,Active,0,31,2013-10-31 15:20:08.566808,15980
5223933,256,Active,3,24,2013-10-31 15:20:08.578505,15980
5223934,257,Active,16,9,2013-10-31 15:20:08.595759,15980
5223935,258,Active,1,38,2013-10-31 15:20:08.607148,15980
5223936,259,Active,4,31,2013-10-31 15:20:08.640607,15980
5223937,260,Active,40,4,2013-10-31 15:20:08.647343,15980
5223938,261,Active,9,30,2013-10-31 15:20:08.654598,15980
5223939,262,Active,15,24,2013-10-31 15:20:08.662686,15980
5223940,263,Active,0,36,2013-10-31 15:20:08.672234,15980
5223941,264,Active,3,38,2013-10-31 15:20:08.680141,15980
5223942,265,Active,33,4,2013-10-31 15:20:08.687864,15980
5223943,266,Active,49,10,2013-10-31 15:20:08.698417,15980
5223944,267,Active,50,3,2013-10-31 15:20:08.710385,15980
5223945,268,Active,3,46,2013-10-31 15:20:08.72105,15980
5223946,269,Active,13,21,2013-10-31 15:20:08.735281,15980
5223947,270,Active,3,32,2013-10-31 15:20:08.747891,15980
5223948,271,Active,1,24,2013-10-31 15:20:08.765238,15980
5223949,272,Inactive,0,35,2013-10-31 15:20:08.771927,15980
5223950,273,Active,55,4,2013-10-31 15:20:08.778891,15980
5223951,274,Active,3,27,2013-10-31 15:20:08.784893,15980
5223952,275,Active,2,34,2013-10-31 15:20:08.793948,15980
5223953,276,Active,29,23,2013-10-31 15:20:08.800131,15980
5223954,277,Active,18,25,2013-10-31 15:20:08.806955,15980
5223955,330,Active,3,27,2013-10-31 15:20:08.813833,15980
5223956,278,Inactive,0,27,2013-10-31 15:20:08.821107,15980
5223957,279,Active,0,45,2013-10-31 15:20:08.855074,15980
5223958,280,Active,3,33,2013-10-31 15:20:08.863649,15980
5223959,281,Active,2,45,2013-10-31 15:20:08.870025,15980
5223960,282,Active,17,7,2013-10-31 15:20:08.878847,15980
5223961,283,Active,5,31,2013-10-31 15:20:08.899061,15980
5223962,284,Active,46,5,2013-10-31 15:20:08.921194,15980
5223963,285,Active,0,33,2013-10-31 15:20:08.929875,15980
5223964,286,Active,4,23,2013-10-31 15:20:08.937825,15980
5223965,287,Active,1,26,2013-10-31 15:20:08.94469,15980
5223966,288,Active,32,21,2013-10-31 15:20:08.95157,15980
5223967,289,Active,0,35,2013-10-31 15:20:08.959226,15980
5223968,290,Active,13,18,2013-10-31 15:20:08.966617,15980
5223969,291,Active,27,32,2013-10-31 15:20:08.975447,15980
5223970,292,Active,6,33,2013-10-31 15:20:08.986402,15980
5223971,293,Active,10,51,2013-10-31 15:20:08.999298,15980
5223972,294,Active,38,1,2013-10-31 15:20:09.010092,15980
5223973,295,Active,51,16,2013-10-31 15:20:09.022131,15980
5223974,296,Active,46,5,2013-10-31 15:20:09.029372,15980
5223975,297,Active,9,42,2013-10-31 15:20:09.040381,15980
5223976,298,Active,41,16,2013-10-31 15:20:09.047173,15980
5223977,299,Active,35,4,2013-10-31 15:20:09.052796,15980
5223978,300,Active,13,30,2013-10-31 15:20:09.059572,15980
5223979,301,Inactive,0,7,2013-10-31 15:20:09.068128,15980
5223980,302,Active,4,35,2013-10-31 15:20:09.07653,15980
5223981,303,Active,5,36,2013-10-31 15:20:09.082446,15980
5223982,305,Active,0,39,2013-10-31 15:20:09.087657,15980
5223983,306,Active,17,26,2013-10-31 15:20:09.097086,15980
5223984,307,Active,4,46,2013-10-31 15:20:09.102447,15980
5223985,308,Active,16,15,2013-10-31 15:20:09.109326,15980
5223986,309,Active,24,5,2013-10-31 15:20:09.117489,15980
5223987,310,Active,34,5,2013-10-31 15:20:09.124328,15980
5223988,311,Active,35,4,2013-10-31 15:20:09.132076,15980
5223989,312,Active,27,4,2013-10-31 15:20:09.139653,15980
5223990,313,Active,7,32,2013-10-31 15:20:09.14969,15980
5223991,314,Active,0,27,2013-10-31 15:20:09.162723,15980
5223992,315,Active,13,25,2013-10-31 15:20:09.182963,15980
5223993,316,Active,22,8,2013-10-31 15:20:09.19023,15980
5223994,317,Active,5,10,2013-10-31 15:20:09.198316,15980
5223995,318,Active,18,9,2013-10-31 15:20:09.20492,15980
5223996,319,Active,0,30,2013-10-31 15:20:09.212692,15980
5223997,320,Inactive,2,34,2013-10-31 15:20:09.218374,15980
5223998,321,Active,5,7,2013-10-31 15:20:09.225841,15980
5223999,322,Active,10,39,2013-10-31 15:20:09.234538,15980
5224000,332,Active,7,17,2013-10-31 15:20:09.242259,15980
5224001,327,Active,9,26,2013-10-31 15:20:09.251254,15980
5224002,328,Active,37,2,2013-10-31 15:20:09.260455,15980
5224003,331,Active,11,25,2013-10-31 15:20:09.265723,15980
5224004,323,Active,4,35,2013-10-31 15:20:09.274629,15980
5224005,324,Active,0,43,2013-10-31 15:20:09.284814,15980
5224006,329,Active,2,31,2013-10-31 15:20:09.295957,15980
5224007,325,Active,20,16,2013-10-31 15:20:09.303828,15980
5224008,326,Active,21,4,2013-10-31 15:20:09.309831,15980
5224009,1,Active,6,33,2013-10-31 15:30:05.067438,15981
5224010,2,Active,26,7,2013-10-31 15:30:05.07949,15981
5224011,3,Active,9,17,2013-10-31 15:30:05.085381,15981
5224012,4,Active,6,56,2013-10-31 15:30:05.089998,15981
5224013,5,Active,13,26,2013-10-31 15:30:05.094829,15981
5224014,6,Active,4,15,2013-10-31 15:30:05.099326,15981
5224015,7,Active,0,19,2013-10-31 15:30:05.106361,15981
5224016,8,Active,3,28,2013-10-31 15:30:05.111126,15981
5224017,9,Active,27,3,2013-10-31 15:30:05.117621,15981
5224018,10,Active,27,19,2013-10-31 15:30:05.12206,15981
5224019,11,Active,0,24,2013-10-31 15:30:05.127894,15981
5224020,12,Active,7,12,2013-10-31 15:30:05.133149,15981
5224021,13,Active,11,28,2013-10-31 15:30:05.138267,15981
5224022,14,Active,28,5,2013-10-31 15:30:05.144606,15981
5224023,15,Active,1,30,2013-10-31 15:30:05.149783,15981
5224024,16,Active,29,4,2013-10-31 15:30:05.156028,15981
5224025,17,Active,20,9,2013-10-31 15:30:05.162944,15981
5224026,18,Active,27,28,2013-10-31 15:30:05.167912,15981
5224027,19,Active,1,22,2013-10-31 15:30:05.174591,15981
5224028,20,Active,2,24,2013-10-31 15:30:05.181153,15981
5224029,21,Active,21,14,2013-10-31 15:30:05.185972,15981
5224030,22,Active,12,35,2013-10-31 15:30:05.190778,15981
5224031,23,Active,32,13,2013-10-31 15:30:05.197088,15981
5224032,24,Inactive,0,47,2013-10-31 15:30:05.201626,15981
5224033,25,Active,25,26,2013-10-31 15:30:05.207829,15981
5224034,26,Active,0,30,2013-10-31 15:30:05.21323,15981
5224035,27,Active,40,5,2013-10-31 15:30:05.220012,15981
5224036,28,Active,16,12,2013-10-31 15:30:05.224868,15981
5224037,29,Active,1,22,2013-10-31 15:30:05.234299,15981
5224038,30,Active,23,16,2013-10-31 15:30:05.238999,15981
5224039,31,Active,4,34,2013-10-31 15:30:05.243637,15981
5224040,32,Active,8,25,2013-10-31 15:30:05.248011,15981
5224041,33,Active,7,24,2013-10-31 15:30:05.256723,15981
5224042,34,Active,33,4,2013-10-31 15:30:05.261518,15981
5224043,35,Active,50,5,2013-10-31 15:30:05.267966,15981
5224044,36,Active,25,2,2013-10-31 15:30:05.272925,15981
5224045,37,Active,0,23,2013-10-31 15:30:05.277637,15981
5224046,38,Active,8,31,2013-10-31 15:30:05.285693,15981
5224047,39,Active,0,39,2013-10-31 15:30:05.292337,15981
5224048,40,Active,0,39,2013-10-31 15:30:05.296826,15981
5224049,41,Active,1,30,2013-10-31 15:30:05.303309,15981
5224050,42,Active,28,3,2013-10-31 15:30:05.308836,15981
5224051,43,Active,0,23,2013-10-31 15:30:05.313557,15981
5224052,44,Active,1,22,2013-10-31 15:30:05.320709,15981
5224053,45,Active,14,25,2013-10-31 15:30:05.325402,15981
5224054,46,Active,1,30,2013-10-31 15:30:05.332403,15981
5224055,47,Active,0,23,2013-10-31 15:30:05.340698,15981
5224056,48,Active,0,20,2013-10-31 15:30:05.349025,15981
5224057,49,Active,21,2,2013-10-31 15:30:05.353626,15981
5224058,50,Active,22,5,2013-10-31 15:30:05.364058,15981
5224059,51,Active,36,4,2013-10-31 15:30:05.369615,15981
5224060,52,Active,22,5,2013-10-31 15:30:05.374985,15981
5224061,53,Active,2,31,2013-10-31 15:30:05.380179,15981
5224062,54,Active,10,37,2013-10-31 15:30:05.384813,15981
5224063,55,Active,2,29,2013-10-31 15:30:05.389619,15981
5224064,56,Active,29,10,2013-10-31 15:30:05.42073,15981
5224065,57,Active,0,23,2013-10-31 15:30:05.426939,15981
5224066,58,Active,35,4,2013-10-31 15:30:05.432842,15981
5224067,59,Active,32,3,2013-10-31 15:30:05.438287,15981
5224068,60,Active,5,22,2013-10-31 15:30:05.444302,15981
5224069,61,Active,1,23,2013-10-31 15:30:05.449395,15981
5224070,62,Active,21,10,2013-10-31 15:30:05.455026,15981
5224071,63,Active,23,4,2013-10-31 15:30:05.463905,15981
5224072,64,Active,0,35,2013-10-31 15:30:05.469288,15981
5224073,65,Active,0,24,2013-10-31 15:30:05.474623,15981
5224074,66,Active,4,53,2013-10-31 15:30:05.479852,15981
5224075,67,Active,26,1,2013-10-31 15:30:05.484892,15981
5224076,68,Active,0,23,2013-10-31 15:30:05.490316,15981
5224077,69,Active,0,39,2013-10-31 15:30:05.495964,15981
5224078,70,Active,3,28,2013-10-31 15:30:05.501632,15981
5224079,71,Active,0,19,2013-10-31 15:30:05.510214,15981
5224080,72,Active,5,20,2013-10-31 15:30:05.516683,15981
5224081,73,Active,1,18,2013-10-31 15:30:05.528193,15981
5224082,74,Active,6,13,2013-10-31 15:30:05.53584,15981
5224083,75,Active,2,29,2013-10-31 15:30:05.543302,15981
5224084,76,Active,46,13,2013-10-31 15:30:05.549834,15981
5224085,77,Active,5,22,2013-10-31 15:30:05.555179,15981
5224086,78,Active,8,35,2013-10-31 15:30:05.56044,15981
5224087,79,Active,26,18,2013-10-31 15:30:05.565613,15981
5224088,80,Active,1,18,2013-10-31 15:30:05.57041,15981
5224089,81,Active,1,28,2013-10-31 15:30:05.577135,15981
5224090,82,Active,0,20,2013-10-31 15:30:05.585649,15981
5224091,83,Active,36,16,2013-10-31 15:30:05.591033,15981
5224092,84,Active,27,4,2013-10-31 15:30:05.598953,15981
5224093,85,Active,5,19,2013-10-31 15:30:05.607191,15981
5224094,86,Active,24,11,2013-10-31 15:30:05.613646,15981
5224095,87,Active,1,26,2013-10-31 15:30:05.619152,15981
5224096,88,Active,0,35,2013-10-31 15:30:05.626465,15981
5224097,89,Active,15,40,2013-10-31 15:30:05.631427,15981
5224098,90,Active,1,36,2013-10-31 15:30:05.636417,15981
5224099,91,Active,0,23,2013-10-31 15:30:05.641648,15981
5224100,92,Active,28,3,2013-10-31 15:30:05.647412,15981
5224101,93,Active,34,2,2013-10-31 15:30:05.653178,15981
5224102,94,Active,29,4,2013-10-31 15:30:05.658407,15981
5224103,95,Active,34,3,2013-10-31 15:30:05.663883,15981
5224104,96,Active,1,30,2013-10-31 15:30:05.669126,15981
5224105,97,Active,10,17,2013-10-31 15:30:05.674386,15981
5224106,98,Active,37,4,2013-10-31 15:30:05.680721,15981
5224107,99,Active,14,21,2013-10-31 15:30:05.686483,15981
5224108,100,Active,6,24,2013-10-31 15:30:05.692092,15981
5224109,101,Active,2,29,2013-10-31 15:30:05.697454,15981
5224110,102,Active,12,11,2013-10-31 15:30:05.702718,15981
5224111,103,Active,0,39,2013-10-31 15:30:05.70834,15981
5224112,104,Active,27,2,2013-10-31 15:30:05.714535,15981
5224113,105,Active,13,30,2013-10-31 15:30:05.721303,15981
5224114,106,Active,1,26,2013-10-31 15:30:05.729516,15981
5224115,107,Active,21,10,2013-10-31 15:30:05.736006,15981
5224116,108,Active,10,25,2013-10-31 15:30:05.742856,15981
5224117,109,Active,20,19,2013-10-31 15:30:05.750158,15981
5224118,110,Active,9,18,2013-10-31 15:30:05.758034,15981
5224119,111,Active,0,31,2013-10-31 15:30:05.764149,15981
5224120,112,Active,6,33,2013-10-31 15:30:05.79474,15981
5224121,113,Active,51,0,2013-10-31 15:30:05.801648,15981
5224122,114,Active,5,30,2013-10-31 15:30:05.807403,15981
5224123,115,Active,0,27,2013-10-31 15:30:05.812837,15981
5224124,116,Active,38,1,2013-10-31 15:30:05.81804,15981
5224125,117,Active,23,0,2013-10-31 15:30:05.823439,15981
5224126,118,Active,23,8,2013-10-31 15:30:05.828521,15981
5224127,119,Active,19,20,2013-10-31 15:30:05.833585,15981
5224128,120,Active,9,18,2013-10-31 15:30:05.838782,15981
5224129,121,Active,1,23,2013-10-31 15:30:05.844263,15981
5224130,122,Active,9,22,2013-10-31 15:30:05.849971,15981
5224131,123,Active,24,3,2013-10-31 15:30:05.855274,15981
5224132,124,Active,1,35,2013-10-31 15:30:05.860584,15981
5224133,125,Active,27,10,2013-10-31 15:30:05.867997,15981
5224134,126,Active,0,24,2013-10-31 15:30:05.873358,15981
5224135,127,Active,5,22,2013-10-31 15:30:05.878669,15981
5224136,128,Active,12,7,2013-10-31 15:30:05.886765,15981
5224137,129,Active,1,28,2013-10-31 15:30:05.894548,15981
5224138,130,Active,7,16,2013-10-31 15:30:05.900316,15981
5224139,131,Active,8,15,2013-10-31 15:30:05.906956,15981
5224140,132,Active,0,35,2013-10-31 15:30:05.913077,15981
5224141,133,Active,0,27,2013-10-31 15:30:05.918694,15981
5224142,134,Active,32,3,2013-10-31 15:30:05.923764,15981
5224143,135,Active,39,3,2013-10-31 15:30:05.929738,15981
5224144,136,Active,3,20,2013-10-31 15:30:05.935946,15981
5224145,137,Active,0,28,2013-10-31 15:30:05.941351,15981
5224146,138,Active,34,5,2013-10-31 15:30:05.946319,15981
5224147,139,Active,28,8,2013-10-31 15:30:05.95137,15981
5224148,140,Active,2,25,2013-10-31 15:30:05.956868,15981
5224149,141,Active,2,29,2013-10-31 15:30:05.961949,15981
5224150,142,Active,6,37,2013-10-31 15:30:05.966972,15981
5224151,143,Active,0,23,2013-10-31 15:30:05.972418,15981
5224152,144,Active,2,25,2013-10-31 15:30:05.978339,15981
5224153,145,Active,0,36,2013-10-31 15:30:05.983864,15981
5224154,146,Active,37,18,2013-10-31 15:30:05.990084,15981
5224155,147,Active,17,22,2013-10-31 15:30:05.995401,15981
5224156,148,Active,6,37,2013-10-31 15:30:06.003409,15981
5224157,149,Active,1,56,2013-10-31 15:30:06.008995,15981
5224158,150,Active,4,44,2013-10-31 15:30:06.019273,15981
5224159,151,Active,1,26,2013-10-31 15:30:06.029197,15981
5224160,152,Active,0,31,2013-10-31 15:30:06.035082,15981
5224161,153,Active,0,33,2013-10-31 15:30:06.041643,15981
5224162,154,Active,16,18,2013-10-31 15:30:06.047019,15981
5224163,155,Active,8,31,2013-10-31 15:30:06.052468,15981
5224164,156,Active,0,35,2013-10-31 15:30:06.057844,15981
5224165,157,Active,8,19,2013-10-31 15:30:06.06333,15981
5224166,158,Active,3,16,2013-10-31 15:30:06.068968,15981
5224167,159,Active,26,4,2013-10-31 15:30:06.076086,15981
5224168,160,Active,18,25,2013-10-31 15:30:06.083184,15981
5224169,161,Active,43,4,2013-10-31 15:30:06.092177,15981
5224170,162,Inactive,0,59,2013-10-31 15:30:06.101024,15981
5224171,163,Active,2,37,2013-10-31 15:30:06.10954,15981
5224172,164,Active,28,8,2013-10-31 15:30:06.114894,15981
5224173,165,Active,3,36,2013-10-31 15:30:06.120575,15981
5224174,166,Active,5,26,2013-10-31 15:30:06.126134,15981
5224175,167,Active,5,24,2013-10-31 15:30:06.131619,15981
5224176,168,Active,28,15,2013-10-31 15:30:06.158737,15981
5224177,169,Active,15,24,2013-10-31 15:30:06.165059,15981
5224178,170,Active,30,5,2013-10-31 15:30:06.170431,15981
5224179,171,Active,7,20,2013-10-31 15:30:06.175574,15981
5224180,172,Active,7,24,2013-10-31 15:30:06.182619,15981
5224181,173,Active,0,31,2013-10-31 15:30:06.188798,15981
5224182,174,Active,10,22,2013-10-31 15:30:06.194087,15981
5224183,175,Active,0,31,2013-10-31 15:30:06.199324,15981
5224184,176,Active,2,34,2013-10-31 15:30:06.205099,15981
5224185,177,Active,1,29,2013-10-31 15:30:06.209962,15981
5224186,178,Inactive,0,25,2013-10-31 15:30:06.215219,15981
5224187,179,Active,2,25,2013-10-31 15:30:06.220388,15981
5224188,180,Active,0,31,2013-10-31 15:30:06.22544,15981
5224189,181,Active,0,27,2013-10-31 15:30:06.231228,15981
5224190,182,Active,0,15,2013-10-31 15:30:06.236556,15981
5224191,183,Active,1,40,2013-10-31 15:30:06.244843,15981
5224192,184,Active,38,4,2013-10-31 15:30:06.250038,15981
5224193,185,Active,1,30,2013-10-31 15:30:06.255321,15981
5224194,186,Active,28,11,2013-10-31 15:30:06.261068,15981
5224195,187,Active,6,34,2013-10-31 15:30:06.268162,15981
5224196,188,Active,5,29,2013-10-31 15:30:06.273357,15981
5224197,189,Active,0,43,2013-10-31 15:30:06.278723,15981
5224198,190,Active,0,23,2013-10-31 15:30:06.283989,15981
5224199,191,Active,3,16,2013-10-31 15:30:06.289881,15981
5224200,192,Active,1,34,2013-10-31 15:30:06.295211,15981
5224201,193,Active,0,23,2013-10-31 15:30:06.302136,15981
5224202,194,Active,22,7,2013-10-31 15:30:06.308698,15981
5224203,195,Active,20,4,2013-10-31 15:30:06.320535,15981
5224204,196,Active,40,2,2013-10-31 15:30:06.325957,15981
5224205,197,Active,0,31,2013-10-31 15:30:06.333601,15981
5224206,198,Active,0,47,2013-10-31 15:30:06.338615,15981
5224207,199,Active,16,7,2013-10-31 15:30:06.343535,15981
5224208,200,Active,0,23,2013-10-31 15:30:06.349024,15981
5224209,201,Active,1,22,2013-10-31 15:30:06.35566,15981
5224210,202,Active,3,16,2013-10-31 15:30:06.360958,15981
5224211,203,Active,7,43,2013-10-31 15:30:06.36625,15981
5224212,204,Active,0,39,2013-10-31 15:30:06.371723,15981
5224213,205,Active,24,7,2013-10-31 15:30:06.379268,15981
5224214,206,Active,40,19,2013-10-31 15:30:06.384682,15981
5224215,207,Active,6,25,2013-10-31 15:30:06.391365,15981
5224216,208,Active,24,3,2013-10-31 15:30:06.396678,15981
5224217,209,Active,4,26,2013-10-31 15:30:06.402111,15981
5224218,210,Active,0,31,2013-10-31 15:30:06.407367,15981
5224219,211,Active,0,39,2013-10-31 15:30:06.412533,15981
5224220,212,Active,13,14,2013-10-31 15:30:06.417926,15981
5224221,213,Active,44,3,2013-10-31 15:30:06.423009,15981
5224222,214,Active,0,27,2013-10-31 15:30:06.428158,15981
5224223,215,Active,5,22,2013-10-31 15:30:06.433675,15981
5224224,216,Active,0,27,2013-10-31 15:30:06.438658,15981
5224225,217,Active,2,37,2013-10-31 15:30:06.444056,15981
5224226,218,Active,24,8,2013-10-31 15:30:06.449581,15981
5224227,219,Active,1,34,2013-10-31 15:30:06.454685,15981
5224228,220,Active,16,35,2013-10-31 15:30:06.459744,15981
5224229,221,Active,7,16,2013-10-31 15:30:06.466095,15981
5224230,222,Active,49,3,2013-10-31 15:30:06.475399,15981
5224231,223,Active,0,36,2013-10-31 15:30:06.480606,15981
5224232,224,Active,7,32,2013-10-31 15:30:06.508489,15981
5224233,225,Active,0,31,2013-10-31 15:30:06.515111,15981
5224234,226,Active,16,15,2013-10-31 15:30:06.520773,15981
5224235,227,Active,1,30,2013-10-31 15:30:06.529049,15981
5224236,228,Active,1,58,2013-10-31 15:30:06.538485,15981
5224237,229,Active,0,39,2013-10-31 15:30:06.544806,15981
5224238,230,Active,1,34,2013-10-31 15:30:06.550804,15981
5224239,231,Active,12,27,2013-10-31 15:30:06.556623,15981
5224240,232,Active,32,3,2013-10-31 15:30:06.562389,15981
5224241,233,Active,4,55,2013-10-31 15:30:06.568185,15981
5224242,234,Active,11,20,2013-10-31 15:30:06.574112,15981
5224243,235,Active,15,6,2013-10-31 15:30:06.579542,15981
5224244,236,Active,10,13,2013-10-31 15:30:06.584926,15981
5224245,237,Inactive,0,39,2013-10-31 15:30:06.591109,15981
5224246,238,Active,10,37,2013-10-31 15:30:06.597976,15981
5224247,239,Active,21,4,2013-10-31 15:30:06.604263,15981
5224248,240,Active,16,43,2013-10-31 15:30:06.611158,15981
5224249,241,Active,11,28,2013-10-31 15:30:06.616973,15981
5224250,242,Active,26,9,2013-10-31 15:30:06.62231,15981
5224251,243,Active,10,24,2013-10-31 15:30:06.62909,15981
5224252,244,Active,1,58,2013-10-31 15:30:06.635577,15981
5224253,245,Active,2,55,2013-10-31 15:30:06.641564,15981
5224254,246,Active,2,35,2013-10-31 15:30:06.647347,15981
5224255,247,Active,17,10,2013-10-31 15:30:06.653372,15981
5224256,248,Active,12,29,2013-10-31 15:30:06.65879,15981
5224257,249,Active,1,41,2013-10-31 15:30:06.664758,15981
5224258,250,Active,28,19,2013-10-31 15:30:06.6732,15981
5224259,251,Active,12,25,2013-10-31 15:30:06.679177,15981
5224260,252,Inactive,0,44,2013-10-31 15:30:06.684309,15981
5224261,253,Active,6,53,2013-10-31 15:30:06.689459,15981
5224262,254,Active,0,24,2013-10-31 15:30:06.694948,15981
5224263,255,Active,0,31,2013-10-31 15:30:06.700355,15981
5224264,256,Active,2,25,2013-10-31 15:30:06.705835,15981
5224265,257,Active,15,10,2013-10-31 15:30:06.711143,15981
5224266,258,Active,2,37,2013-10-31 15:30:06.716628,15981
5224267,259,Active,5,30,2013-10-31 15:30:06.722322,15981
5224268,260,Active,38,6,2013-10-31 15:30:06.727638,15981
5224269,261,Active,9,30,2013-10-31 15:30:06.733085,15981
5224270,262,Active,14,25,2013-10-31 15:30:06.738238,15981
5224271,263,Active,0,36,2013-10-31 15:30:06.743357,15981
5224272,264,Active,2,39,2013-10-31 15:30:06.748516,15981
5224273,265,Active,34,3,2013-10-31 15:30:06.754216,15981
5224274,266,Active,50,9,2013-10-31 15:30:06.759562,15981
5224275,267,Active,50,3,2013-10-31 15:30:06.765208,15981
5224276,268,Active,5,44,2013-10-31 15:30:06.770366,15981
5224277,269,Active,13,21,2013-10-31 15:30:06.775851,15981
5224278,270,Active,2,33,2013-10-31 15:30:06.781433,15981
5224279,271,Active,1,24,2013-10-31 15:30:06.787358,15981
5224280,272,Inactive,0,35,2013-10-31 15:30:06.797105,15981
5224281,273,Active,55,4,2013-10-31 15:30:06.802519,15981
5224282,274,Active,5,25,2013-10-31 15:30:06.808131,15981
5224283,275,Active,3,33,2013-10-31 15:30:06.81343,15981
5224284,276,Active,29,23,2013-10-31 15:30:06.818658,15981
5224285,277,Active,21,22,2013-10-31 15:30:06.824157,15981
5224286,330,Active,2,28,2013-10-31 15:30:06.829969,15981
5224287,278,Inactive,0,27,2013-10-31 15:30:06.835558,15981
5224288,279,Active,0,45,2013-10-31 15:30:06.86465,15981
5224289,280,Active,3,33,2013-10-31 15:30:06.870866,15981
5224290,281,Active,0,47,2013-10-31 15:30:06.877009,15981
5224291,282,Active,17,7,2013-10-31 15:30:06.882936,15981
5224292,283,Active,7,29,2013-10-31 15:30:06.888433,15981
5224293,284,Active,38,13,2013-10-31 15:30:06.897053,15981
5224294,285,Active,1,32,2013-10-31 15:30:06.902691,15981
5224295,286,Active,4,23,2013-10-31 15:30:06.908351,15981
5224296,287,Active,1,26,2013-10-31 15:30:06.914078,15981
5224297,288,Active,33,20,2013-10-31 15:30:06.919613,15981
5224298,289,Active,1,34,2013-10-31 15:30:06.926014,15981
5224299,290,Active,13,18,2013-10-31 15:30:06.931819,15981
5224300,291,Active,27,32,2013-10-31 15:30:06.937315,15981
5224301,292,Active,4,35,2013-10-31 15:30:06.942975,15981
5224302,293,Active,9,52,2013-10-31 15:30:06.948331,15981
5224303,294,Active,37,2,2013-10-31 15:30:06.953995,15981
5224304,295,Active,55,12,2013-10-31 15:30:06.959413,15981
5224305,296,Active,45,6,2013-10-31 15:30:06.969377,15981
5224306,297,Active,10,41,2013-10-31 15:30:06.975081,15981
5224307,298,Active,43,14,2013-10-31 15:30:06.980507,15981
5224308,299,Active,34,5,2013-10-31 15:30:06.986395,15981
5224309,300,Active,15,28,2013-10-31 15:30:06.992133,15981
5224310,301,Inactive,0,7,2013-10-31 15:30:06.997562,15981
5224311,302,Active,3,36,2013-10-31 15:30:07.002798,15981
5224312,303,Active,3,38,2013-10-31 15:30:07.008391,15981
5224313,305,Active,0,39,2013-10-31 15:30:07.013614,15981
5224314,306,Active,17,26,2013-10-31 15:30:07.018646,15981
5224315,307,Active,5,45,2013-10-31 15:30:07.023753,15981
5224316,308,Active,17,14,2013-10-31 15:30:07.029396,15981
5224317,309,Active,25,4,2013-10-31 15:30:07.03526,15981
5224318,310,Active,35,4,2013-10-31 15:30:07.040985,15981
5224319,311,Active,37,2,2013-10-31 15:30:07.046729,15981
5224320,312,Active,27,4,2013-10-31 15:30:07.051953,15981
5224321,313,Active,4,35,2013-10-31 15:30:07.057531,15981
5224322,314,Active,2,25,2013-10-31 15:30:07.062855,15981
5224323,315,Active,16,22,2013-10-31 15:30:07.068034,15981
5224324,316,Active,21,9,2013-10-31 15:30:07.073283,15981
5224325,317,Active,5,10,2013-10-31 15:30:07.07877,15981
5224326,318,Active,18,9,2013-10-31 15:30:07.084005,15981
5224327,319,Active,2,28,2013-10-31 15:30:07.093349,15981
5224328,320,Inactive,2,34,2013-10-31 15:30:07.098811,15981
5224329,321,Active,5,7,2013-10-31 15:30:07.104022,15981
5224330,322,Active,10,39,2013-10-31 15:30:07.113236,15981
5224331,332,Active,6,18,2013-10-31 15:30:07.118575,15981
5224332,327,Active,9,26,2013-10-31 15:30:07.123893,15981
5224333,328,Active,37,2,2013-10-31 15:30:07.129037,15981
5224334,331,Active,8,28,2013-10-31 15:30:07.134385,15981
5224335,323,Active,5,34,2013-10-31 15:30:07.139522,15981
5224336,324,Active,1,42,2013-10-31 15:30:07.145037,15981
5224337,329,Active,3,30,2013-10-31 15:30:07.150973,15981
5224338,325,Active,20,16,2013-10-31 15:30:07.155986,15981
5224339,326,Active,20,5,2013-10-31 15:30:07.161823,15981
5224340,1,Active,5,34,2013-10-31 15:40:04.942017,15982
5224341,2,Active,27,6,2013-10-31 15:40:04.953099,15982
5224342,3,Active,9,17,2013-10-31 15:40:04.958179,15982
5224343,4,Active,6,56,2013-10-31 15:40:04.962602,15982
5224344,5,Active,12,27,2013-10-31 15:40:04.967608,15982
5224345,6,Active,4,15,2013-10-31 15:40:04.972132,15982
5224346,7,Active,0,19,2013-10-31 15:40:04.978429,15982
5224347,8,Active,1,30,2013-10-31 15:40:04.983037,15982
5224348,9,Active,28,2,2013-10-31 15:40:04.988033,15982
5224349,10,Active,30,16,2013-10-31 15:40:04.99258,15982
5224350,11,Active,0,24,2013-10-31 15:40:04.997384,15982
5224351,12,Active,7,12,2013-10-31 15:40:05.00342,15982
5224352,13,Active,11,28,2013-10-31 15:40:05.009632,15982
5224353,14,Active,27,6,2013-10-31 15:40:05.0181,15982
5224354,15,Active,0,31,2013-10-31 15:40:05.02289,15982
5224355,16,Active,29,4,2013-10-31 15:40:05.027812,15982
5224356,17,Active,18,11,2013-10-31 15:40:05.034805,15982
5224357,18,Active,25,30,2013-10-31 15:40:05.039464,15982
5224358,19,Active,1,22,2013-10-31 15:40:05.047767,15982
5224359,20,Active,1,25,2013-10-31 15:40:05.052278,15982
5224360,21,Active,20,15,2013-10-31 15:40:05.056985,15982
5224361,22,Active,12,35,2013-10-31 15:40:05.062299,15982
5224362,23,Active,31,14,2013-10-31 15:40:05.067053,15982
5224363,24,Inactive,0,47,2013-10-31 15:40:05.074342,15982
5224364,25,Active,22,29,2013-10-31 15:40:05.080512,15982
5224365,26,Active,1,29,2013-10-31 15:40:05.085049,15982
5224366,27,Active,41,4,2013-10-31 15:40:05.093432,15982
5224367,28,Active,16,12,2013-10-31 15:40:05.098267,15982
5224368,29,Active,2,21,2013-10-31 15:40:05.102605,15982
5224369,30,Active,23,16,2013-10-31 15:40:05.107869,15982
5224370,31,Active,4,34,2013-10-31 15:40:05.112756,15982
5224371,32,Active,7,26,2013-10-31 15:40:05.117591,15982
5224372,33,Active,7,24,2013-10-31 15:40:05.122358,15982
5224373,34,Active,32,5,2013-10-31 15:40:05.126792,15982
5224374,35,Active,52,3,2013-10-31 15:40:05.131701,15982
5224375,36,Active,23,4,2013-10-31 15:40:05.136174,15982
5224376,37,Active,0,23,2013-10-31 15:40:05.140904,15982
5224377,38,Active,8,31,2013-10-31 15:40:05.146928,15982
5224378,39,Active,2,37,2013-10-31 15:40:05.151903,15982
5224379,40,Active,1,38,2013-10-31 15:40:05.156901,15982
5224380,41,Active,1,30,2013-10-31 15:40:05.161926,15982
5224381,42,Active,27,4,2013-10-31 15:40:05.166833,15982
5224382,43,Active,0,23,2013-10-31 15:40:05.171355,15982
5224383,44,Active,0,23,2013-10-31 15:40:05.176518,15982
5224384,45,Active,13,26,2013-10-31 15:40:05.181543,15982
5224385,46,Active,1,30,2013-10-31 15:40:05.186495,15982
5224386,47,Active,0,23,2013-10-31 15:40:05.191691,15982
5224387,48,Active,0,20,2013-10-31 15:40:05.196146,15982
5224388,49,Active,21,2,2013-10-31 15:40:05.20041,15982
5224389,50,Active,24,3,2013-10-31 15:40:05.205073,15982
5224390,51,Active,32,8,2013-10-31 15:40:05.209526,15982
5224391,52,Active,22,5,2013-10-31 15:40:05.2139,15982
5224392,53,Active,1,32,2013-10-31 15:40:05.218317,15982
5224393,54,Active,13,34,2013-10-31 15:40:05.223645,15982
5224394,55,Active,1,30,2013-10-31 15:40:05.228032,15982
5224395,56,Active,33,6,2013-10-31 15:40:05.255866,15982
5224396,57,Active,0,23,2013-10-31 15:40:05.26153,15982
5224397,58,Active,35,4,2013-10-31 15:40:05.268282,15982
5224398,59,Active,33,2,2013-10-31 15:40:05.274606,15982
5224399,60,Active,4,23,2013-10-31 15:40:05.282012,15982
5224400,61,Active,0,24,2013-10-31 15:40:05.287229,15982
5224401,62,Active,21,10,2013-10-31 15:40:05.292846,15982
5224402,63,Active,22,5,2013-10-31 15:40:05.298551,15982
5224403,64,Active,0,35,2013-10-31 15:40:05.303762,15982
5224404,65,Active,1,23,2013-10-31 15:40:05.309096,15982
5224405,66,Active,2,55,2013-10-31 15:40:05.314411,15982
5224406,67,Active,24,3,2013-10-31 15:40:05.321824,15982
5224407,68,Active,0,23,2013-10-31 15:40:05.3308,15982
5224408,69,Active,0,39,2013-10-31 15:40:05.336233,15982
5224409,70,Active,2,29,2013-10-31 15:40:05.344301,15982
5224410,71,Active,1,18,2013-10-31 15:40:05.353202,15982
5224411,72,Active,7,18,2013-10-31 15:40:05.359911,15982
5224412,73,Active,1,18,2013-10-31 15:40:05.365789,15982
5224413,74,Active,6,13,2013-10-31 15:40:05.371282,15982
5224414,75,Active,2,29,2013-10-31 15:40:05.376552,15982
5224415,76,Active,46,13,2013-10-31 15:40:05.381788,15982
5224416,77,Active,5,22,2013-10-31 15:40:05.387487,15982
5224417,78,Active,7,36,2013-10-31 15:40:05.392491,15982
5224418,79,Active,28,16,2013-10-31 15:40:05.398182,15982
5224419,80,Active,1,18,2013-10-31 15:40:05.407571,15982
5224420,81,Active,1,28,2013-10-31 15:40:05.41594,15982
5224421,82,Active,0,20,2013-10-31 15:40:05.427121,15982
5224422,83,Active,31,21,2013-10-31 15:40:05.433603,15982
5224423,84,Active,28,3,2013-10-31 15:40:05.439712,15982
5224424,85,Active,6,18,2013-10-31 15:40:05.445296,15982
5224425,86,Active,26,9,2013-10-31 15:40:05.450433,15982
5224426,87,Active,3,24,2013-10-31 15:40:05.455949,15982
5224427,88,Active,0,35,2013-10-31 15:40:05.461032,15982
5224428,89,Active,16,39,2013-10-31 15:40:05.466486,15982
5224429,90,Active,0,37,2013-10-31 15:40:05.471855,15982
5224430,91,Active,0,23,2013-10-31 15:40:05.477228,15982
5224431,92,Active,28,3,2013-10-31 15:40:05.48273,15982
5224432,93,Active,35,1,2013-10-31 15:40:05.48783,15982
5224433,94,Active,27,6,2013-10-31 15:40:05.4931,15982
5224434,95,Active,34,3,2013-10-31 15:40:05.502363,15982
5224435,96,Active,0,31,2013-10-31 15:40:05.50787,15982
5224436,97,Active,11,16,2013-10-31 15:40:05.513381,15982
5224437,98,Active,38,3,2013-10-31 15:40:05.518742,15982
5224438,99,Active,15,20,2013-10-31 15:40:05.524146,15982
5224439,100,Active,5,25,2013-10-31 15:40:05.529354,15982
5224440,101,Active,2,29,2013-10-31 15:40:05.534452,15982
5224441,102,Active,12,11,2013-10-31 15:40:05.539834,15982
5224442,103,Active,0,39,2013-10-31 15:40:05.545298,15982
5224443,104,Active,27,2,2013-10-31 15:40:05.550731,15982
5224444,105,Active,13,30,2013-10-31 15:40:05.556831,15982
5224445,106,Active,0,27,2013-10-31 15:40:05.562243,15982
5224446,107,Active,19,12,2013-10-31 15:40:05.567723,15982
5224447,108,Active,11,24,2013-10-31 15:40:05.572923,15982
5224448,109,Active,19,20,2013-10-31 15:40:05.577977,15982
5224449,110,Active,8,19,2013-10-31 15:40:05.583173,15982
5224450,111,Active,0,31,2013-10-31 15:40:05.588287,15982
5224451,112,Active,4,35,2013-10-31 15:40:05.614741,15982
5224452,113,Active,51,0,2013-10-31 15:40:05.623251,15982
5224453,114,Active,6,29,2013-10-31 15:40:05.630523,15982
5224454,115,Active,0,27,2013-10-31 15:40:05.635723,15982
5224455,116,Active,38,1,2013-10-31 15:40:05.641025,15982
5224456,117,Active,21,2,2013-10-31 15:40:05.650209,15982
5224457,118,Active,25,6,2013-10-31 15:40:05.655546,15982
5224458,119,Active,19,20,2013-10-31 15:40:05.661245,15982
5224459,120,Active,9,18,2013-10-31 15:40:05.666625,15982
5224460,121,Active,1,23,2013-10-31 15:40:05.671851,15982
5224461,122,Active,13,18,2013-10-31 15:40:05.67797,15982
5224462,123,Active,23,4,2013-10-31 15:40:05.683464,15982
5224463,124,Active,1,35,2013-10-31 15:40:05.689085,15982
5224464,125,Active,28,9,2013-10-31 15:40:05.696116,15982
5224465,126,Active,0,24,2013-10-31 15:40:05.702,15982
5224466,127,Active,5,22,2013-10-31 15:40:05.707511,15982
5224467,128,Active,12,7,2013-10-31 15:40:05.713167,15982
5224468,129,Active,0,29,2013-10-31 15:40:05.719372,15982
5224469,130,Active,7,16,2013-10-31 15:40:05.726523,15982
5224470,131,Active,8,15,2013-10-31 15:40:05.732138,15982
5224471,132,Active,0,35,2013-10-31 15:40:05.737719,15982
5224472,133,Active,1,26,2013-10-31 15:40:05.743612,15982
5224473,134,Active,33,2,2013-10-31 15:40:05.749626,15982
5224474,135,Active,40,2,2013-10-31 15:40:05.755246,15982
5224475,136,Active,3,20,2013-10-31 15:40:05.762083,15982
5224476,137,Active,0,28,2013-10-31 15:40:05.767934,15982
5224477,138,Active,35,4,2013-10-31 15:40:05.775367,15982
5224478,139,Active,31,5,2013-10-31 15:40:05.783353,15982
5224479,140,Active,1,26,2013-10-31 15:40:05.791967,15982
5224480,141,Active,2,29,2013-10-31 15:40:05.802488,15982
5224481,142,Active,3,40,2013-10-31 15:40:05.823757,15982
5224482,143,Active,0,23,2013-10-31 15:40:05.830299,15982
5224483,144,Active,1,26,2013-10-31 15:40:05.835142,15982
5224484,145,Active,1,35,2013-10-31 15:40:05.840186,15982
5224485,146,Active,37,18,2013-10-31 15:40:05.845482,15982
5224486,147,Active,16,23,2013-10-31 15:40:05.851234,15982
5224487,148,Active,5,38,2013-10-31 15:40:05.85635,15982
5224488,149,Active,1,56,2013-10-31 15:40:05.861558,15982
5224489,150,Active,3,45,2013-10-31 15:40:05.866775,15982
5224490,151,Active,1,26,2013-10-31 15:40:05.871864,15982
5224491,152,Active,1,30,2013-10-31 15:40:05.878259,15982
5224492,153,Active,0,33,2013-10-31 15:40:05.883636,15982
5224493,154,Active,16,18,2013-10-31 15:40:05.888838,15982
5224494,155,Active,8,31,2013-10-31 15:40:05.893927,15982
5224495,156,Active,0,35,2013-10-31 15:40:05.899061,15982
5224496,157,Active,8,19,2013-10-31 15:40:05.904275,15982
5224497,158,Active,3,16,2013-10-31 15:40:05.909789,15982
5224498,159,Active,24,6,2013-10-31 15:40:05.915618,15982
5224499,160,Active,16,27,2013-10-31 15:40:05.92111,15982
5224500,161,Active,43,4,2013-10-31 15:40:05.927192,15982
5224501,162,Inactive,0,59,2013-10-31 15:40:05.933189,15982
5224502,163,Active,1,38,2013-10-31 15:40:05.938764,15982
5224503,164,Active,31,5,2013-10-31 15:40:05.94382,15982
5224504,165,Active,4,35,2013-10-31 15:40:05.949332,15982
5224505,166,Active,5,26,2013-10-31 15:40:05.955136,15982
5224506,167,Active,6,23,2013-10-31 15:40:05.960456,15982
5224507,168,Active,28,15,2013-10-31 15:40:05.987337,15982
5224508,169,Active,13,26,2013-10-31 15:40:05.993324,15982
5224509,170,Active,30,5,2013-10-31 15:40:05.999005,15982
5224510,171,Active,6,21,2013-10-31 15:40:06.005424,15982
5224511,172,Active,7,24,2013-10-31 15:40:06.015334,15982
5224512,173,Active,0,31,2013-10-31 15:40:06.020838,15982
5224513,174,Active,10,22,2013-10-31 15:40:06.032769,15982
5224514,175,Active,0,31,2013-10-31 15:40:06.038393,15982
5224515,176,Active,0,36,2013-10-31 15:40:06.04345,15982
5224516,177,Active,0,30,2013-10-31 15:40:06.049109,15982
5224517,178,Inactive,0,25,2013-10-31 15:40:06.054957,15982
5224518,179,Active,2,25,2013-10-31 15:40:06.063432,15982
5224519,180,Active,0,31,2013-10-31 15:40:06.068832,15982
5224520,181,Active,0,27,2013-10-31 15:40:06.074954,15982
5224521,182,Active,0,15,2013-10-31 15:40:06.080652,15982
5224522,183,Active,13,28,2013-10-31 15:40:06.08684,15982
5224523,184,Active,38,4,2013-10-31 15:40:06.094004,15982
5224524,185,Active,0,31,2013-10-31 15:40:06.102358,15982
5224525,186,Active,30,9,2013-10-31 15:40:06.108995,15982
5224526,187,Active,8,32,2013-10-31 15:40:06.114494,15982
5224527,188,Active,5,29,2013-10-31 15:40:06.119858,15982
5224528,189,Active,0,43,2013-10-31 15:40:06.12836,15982
5224529,190,Active,0,23,2013-10-31 15:40:06.133698,15982
5224530,191,Active,3,16,2013-10-31 15:40:06.142439,15982
5224531,192,Active,1,34,2013-10-31 15:40:06.15045,15982
5224532,193,Active,0,23,2013-10-31 15:40:06.156518,15982
5224533,194,Active,22,7,2013-10-31 15:40:06.164781,15982
5224534,195,Active,21,3,2013-10-31 15:40:06.170503,15982
5224535,196,Active,40,2,2013-10-31 15:40:06.175928,15982
5224536,197,Active,0,31,2013-10-31 15:40:06.181539,15982
5224537,198,Active,0,47,2013-10-31 15:40:06.187591,15982
5224538,199,Active,16,7,2013-10-31 15:40:06.196227,15982
5224539,200,Active,0,23,2013-10-31 15:40:06.203686,15982
5224540,201,Active,2,21,2013-10-31 15:40:06.212791,15982
5224541,202,Active,3,16,2013-10-31 15:40:06.220456,15982
5224542,203,Active,8,42,2013-10-31 15:40:06.23529,15982
5224543,204,Active,0,39,2013-10-31 15:40:06.240715,15982
5224544,205,Active,24,7,2013-10-31 15:40:06.246618,15982
5224545,206,Active,40,19,2013-10-31 15:40:06.252003,15982
5224546,207,Active,5,26,2013-10-31 15:40:06.258315,15982
5224547,208,Active,23,4,2013-10-31 15:40:06.263842,15982
5224548,209,Active,4,26,2013-10-31 15:40:06.269324,15982
5224549,210,Active,0,31,2013-10-31 15:40:06.274835,15982
5224550,211,Active,0,39,2013-10-31 15:40:06.280462,15982
5224551,212,Active,15,12,2013-10-31 15:40:06.285944,15982
5224552,213,Active,41,6,2013-10-31 15:40:06.292171,15982
5224553,214,Active,1,26,2013-10-31 15:40:06.297566,15982
5224554,215,Active,5,22,2013-10-31 15:40:06.303363,15982
5224555,216,Active,3,24,2013-10-31 15:40:06.308605,15982
5224556,217,Active,1,38,2013-10-31 15:40:06.318424,15982
5224557,218,Active,26,6,2013-10-31 15:40:06.323863,15982
5224558,219,Active,0,35,2013-10-31 15:40:06.329236,15982
5224559,220,Active,17,34,2013-10-31 15:40:06.335437,15982
5224560,221,Active,7,16,2013-10-31 15:40:06.340494,15982
5224561,222,Active,48,4,2013-10-31 15:40:06.346682,15982
5224562,223,Active,0,36,2013-10-31 15:40:06.352413,15982
5224563,224,Active,8,31,2013-10-31 15:40:06.379698,15982
5224564,225,Active,2,29,2013-10-31 15:40:06.385404,15982
5224565,226,Active,16,15,2013-10-31 15:40:06.392772,15982
5224566,227,Active,3,28,2013-10-31 15:40:06.398225,15982
5224567,228,Active,0,59,2013-10-31 15:40:06.405047,15982
5224568,229,Active,2,37,2013-10-31 15:40:06.4109,15982
5224569,230,Active,0,35,2013-10-31 15:40:06.418321,15982
5224570,231,Active,12,27,2013-10-31 15:40:06.427564,15982
5224571,232,Active,32,3,2013-10-31 15:40:06.433383,15982
5224572,233,Active,3,56,2013-10-31 15:40:06.438508,15982
5224573,234,Active,11,20,2013-10-31 15:40:06.444263,15982
5224574,235,Active,17,4,2013-10-31 15:40:06.449584,15982
5224575,236,Active,10,13,2013-10-31 15:40:06.454988,15982
5224576,237,Inactive,0,39,2013-10-31 15:40:06.46026,15982
5224577,238,Active,10,37,2013-10-31 15:40:06.46588,15982
5224578,239,Active,19,6,2013-10-31 15:40:06.471153,15982
5224579,240,Active,16,43,2013-10-31 15:40:06.476628,15982
5224580,241,Active,10,29,2013-10-31 15:40:06.482379,15982
5224581,242,Active,26,9,2013-10-31 15:40:06.488171,15982
5224582,243,Active,11,23,2013-10-31 15:40:06.493533,15982
5224583,244,Active,1,58,2013-10-31 15:40:06.499275,15982
5224584,245,Active,2,55,2013-10-31 15:40:06.504242,15982
5224585,246,Active,2,35,2013-10-31 15:40:06.510335,15982
5224586,247,Active,17,10,2013-10-31 15:40:06.51576,15982
5224587,248,Active,13,28,2013-10-31 15:40:06.523873,15982
5224588,249,Active,0,42,2013-10-31 15:40:06.529555,15982
5224589,250,Active,27,20,2013-10-31 15:40:06.534835,15982
5224590,251,Active,14,23,2013-10-31 15:40:06.540644,15982
5224591,252,Inactive,0,44,2013-10-31 15:40:06.546728,15982
5224592,253,Active,1,58,2013-10-31 15:40:06.556353,15982
5224593,254,Active,1,23,2013-10-31 15:40:06.563397,15982
5224594,255,Active,1,30,2013-10-31 15:40:06.568767,15982
5224595,256,Active,2,25,2013-10-31 15:40:06.574268,15982
5224596,257,Active,15,10,2013-10-31 15:40:06.580704,15982
5224597,258,Active,4,35,2013-10-31 15:40:06.58615,15982
5224598,259,Active,3,32,2013-10-31 15:40:06.591222,15982
5224599,260,Active,39,5,2013-10-31 15:40:06.596301,15982
5224600,261,Active,9,30,2013-10-31 15:40:06.601767,15982
5224601,262,Active,8,31,2013-10-31 15:40:06.606868,15982
5224602,263,Active,0,36,2013-10-31 15:40:06.612032,15982
5224603,264,Active,2,39,2013-10-31 15:40:06.617442,15982
5224604,265,Active,34,3,2013-10-31 15:40:06.622763,15982
5224605,266,Active,53,6,2013-10-31 15:40:06.627968,15982
5224606,267,Active,50,3,2013-10-31 15:40:06.633396,15982
5224607,268,Active,2,47,2013-10-31 15:40:06.638929,15982
5224608,269,Active,12,22,2013-10-31 15:40:06.644232,15982
5224609,270,Active,3,32,2013-10-31 15:40:06.64952,15982
5224610,271,Active,2,23,2013-10-31 15:40:06.65521,15982
5224611,272,Inactive,0,35,2013-10-31 15:40:06.662798,15982
5224612,273,Active,55,4,2013-10-31 15:40:06.668134,15982
5224613,274,Active,6,24,2013-10-31 15:40:06.673779,15982
5224614,275,Active,3,33,2013-10-31 15:40:06.679068,15982
5224615,276,Active,30,22,2013-10-31 15:40:06.686962,15982
5224616,277,Active,20,23,2013-10-31 15:40:06.692238,15982
5224617,330,Active,2,28,2013-10-31 15:40:06.697799,15982
5224618,278,Inactive,0,27,2013-10-31 15:40:06.703887,15982
5224619,279,Active,1,44,2013-10-31 15:40:06.732837,15982
5224620,280,Active,5,31,2013-10-31 15:40:06.74009,15982
5224621,281,Active,2,45,2013-10-31 15:40:06.748046,15982
5224622,282,Active,16,8,2013-10-31 15:40:06.754527,15982
5224623,283,Active,7,29,2013-10-31 15:40:06.760498,15982
5224624,284,Active,37,14,2013-10-31 15:40:06.766026,15982
5224625,285,Active,2,31,2013-10-31 15:40:06.771141,15982
5224626,286,Active,3,24,2013-10-31 15:40:06.776169,15982
5224627,287,Active,1,26,2013-10-31 15:40:06.781457,15982
5224628,288,Active,32,21,2013-10-31 15:40:06.78712,15982
5224629,289,Active,1,34,2013-10-31 15:40:06.793005,15982
5224630,290,Active,13,18,2013-10-31 15:40:06.798322,15982
5224631,291,Active,28,31,2013-10-31 15:40:06.803735,15982
5224632,292,Active,2,37,2013-10-31 15:40:06.808963,15982
5224633,293,Active,8,53,2013-10-31 15:40:06.815356,15982
5224634,294,Active,37,2,2013-10-31 15:40:06.820657,15982
5224635,295,Active,61,6,2013-10-31 15:40:06.826329,15982
5224636,296,Active,45,6,2013-10-31 15:40:06.831483,15982
5224637,297,Active,8,43,2013-10-31 15:40:06.838015,15982
5224638,298,Active,42,15,2013-10-31 15:40:06.843383,15982
5224639,299,Active,35,4,2013-10-31 15:40:06.849626,15982
5224640,300,Active,16,27,2013-10-31 15:40:06.855294,15982
5224641,301,Inactive,0,7,2013-10-31 15:40:06.862068,15982
5224642,302,Active,5,34,2013-10-31 15:40:06.871041,15982
5224643,303,Active,5,36,2013-10-31 15:40:06.887809,15982
5224644,305,Active,1,38,2013-10-31 15:40:06.893392,15982
5224645,306,Active,17,26,2013-10-31 15:40:06.898614,15982
5224646,307,Active,6,44,2013-10-31 15:40:06.903862,15982
5224647,308,Active,17,14,2013-10-31 15:40:06.910321,15982
5224648,309,Active,26,3,2013-10-31 15:40:06.91602,15982
5224649,310,Active,36,3,2013-10-31 15:40:06.921369,15982
5224650,311,Active,36,3,2013-10-31 15:40:06.926858,15982
5224651,312,Active,27,4,2013-10-31 15:40:06.932363,15982
5224652,313,Active,6,33,2013-10-31 15:40:06.938249,15982
5224653,314,Active,1,26,2013-10-31 15:40:06.944577,15982
5224654,315,Active,17,21,2013-10-31 15:40:06.949937,15982
5224655,316,Active,21,9,2013-10-31 15:40:06.95591,15982
5224656,317,Active,5,10,2013-10-31 15:40:06.961204,15982
5224657,318,Active,18,9,2013-10-31 15:40:06.966209,15982
5224658,319,Active,0,30,2013-10-31 15:40:06.971288,15982
5224659,320,Inactive,2,34,2013-10-31 15:40:06.977413,15982
5224660,321,Active,5,7,2013-10-31 15:40:06.983351,15982
5224661,322,Active,11,38,2013-10-31 15:40:06.989851,15982
5224662,332,Active,6,18,2013-10-31 15:40:06.995292,15982
5224663,327,Active,9,26,2013-10-31 15:40:07.000895,15982
5224664,328,Active,34,5,2013-10-31 15:40:07.007134,15982
5224665,331,Active,7,29,2013-10-31 15:40:07.012771,15982
5224666,323,Active,5,34,2013-10-31 15:40:07.01836,15982
5224667,324,Active,1,42,2013-10-31 15:40:07.024566,15982
5224668,329,Active,2,31,2013-10-31 15:40:07.03065,15982
5224669,325,Active,21,15,2013-10-31 15:40:07.036142,15982
5224670,326,Active,21,4,2013-10-31 15:40:07.042047,15982
5224671,1,Active,5,34,2013-10-31 15:50:05.110715,15983
5224672,2,Active,26,7,2013-10-31 15:50:05.119863,15983
5224673,3,Active,9,17,2013-10-31 15:50:05.125308,15983
5224674,4,Active,5,57,2013-10-31 15:50:05.130938,15983
5224675,5,Active,14,25,2013-10-31 15:50:05.137402,15983
5224676,6,Active,4,15,2013-10-31 15:50:05.143589,15983
5224677,7,Active,0,19,2013-10-31 15:50:05.148711,15983
5224678,8,Active,1,30,2013-10-31 15:50:05.153663,15983
5224679,9,Active,27,3,2013-10-31 15:50:05.158141,15983
5224680,10,Active,30,16,2013-10-31 15:50:05.164417,15983
5224681,11,Active,0,24,2013-10-31 15:50:05.169262,15983
5224682,12,Active,7,12,2013-10-31 15:50:05.173995,15983
5224683,13,Active,12,27,2013-10-31 15:50:05.178363,15983
5224684,14,Active,25,8,2013-10-31 15:50:05.183121,15983
5224685,15,Active,1,30,2013-10-31 15:50:05.187615,15983
5224686,16,Active,27,6,2013-10-31 15:50:05.192361,15983
5224687,17,Active,16,13,2013-10-31 15:50:05.198864,15983
5224688,18,Active,24,31,2013-10-31 15:50:05.203253,15983
5224689,19,Active,1,22,2013-10-31 15:50:05.208199,15983
5224690,20,Active,1,25,2013-10-31 15:50:05.213694,15983
5224691,21,Active,17,18,2013-10-31 15:50:05.219108,15983
5224692,22,Active,12,35,2013-10-31 15:50:05.224079,15983
5224693,23,Active,30,15,2013-10-31 15:50:05.230384,15983
5224694,24,Inactive,0,47,2013-10-31 15:50:05.235342,15983
5224695,25,Active,23,28,2013-10-31 15:50:05.24361,15983
5224696,26,Active,0,30,2013-10-31 15:50:05.248499,15983
5224697,27,Active,39,6,2013-10-31 15:50:05.254209,15983
5224698,28,Active,16,12,2013-10-31 15:50:05.258964,15983
5224699,29,Active,2,21,2013-10-31 15:50:05.264462,15983
5224700,30,Active,23,16,2013-10-31 15:50:05.26994,15983
5224701,31,Active,4,34,2013-10-31 15:50:05.274984,15983
5224702,32,Active,3,30,2013-10-31 15:50:05.280294,15983
5224703,33,Active,8,23,2013-10-31 15:50:05.285367,15983
5224704,34,Active,35,2,2013-10-31 15:50:05.292514,15983
5224705,35,Active,53,2,2013-10-31 15:50:05.298081,15983
5224706,36,Active,20,7,2013-10-31 15:50:05.305741,15983
5224707,37,Active,0,23,2013-10-31 15:50:05.313184,15983
5224708,38,Active,7,32,2013-10-31 15:50:05.319406,15983
5224709,39,Active,0,39,2013-10-31 15:50:05.323995,15983
5224710,40,Active,0,39,2013-10-31 15:50:05.328581,15983
5224711,41,Active,2,29,2013-10-31 15:50:05.333863,15983
5224712,42,Active,27,4,2013-10-31 15:50:05.340338,15983
5224713,43,Active,0,23,2013-10-31 15:50:05.34854,15983
5224714,44,Active,0,23,2013-10-31 15:50:05.354349,15983
5224715,45,Active,14,25,2013-10-31 15:50:05.359446,15983
5224716,46,Active,0,31,2013-10-31 15:50:05.364294,15983
5224717,47,Active,0,23,2013-10-31 15:50:05.370228,15983
5224718,48,Active,0,20,2013-10-31 15:50:05.376124,15983
5224719,49,Active,21,2,2013-10-31 15:50:05.381754,15983
5224720,50,Active,24,3,2013-10-31 15:50:05.38778,15983
5224721,51,Active,33,7,2013-10-31 15:50:05.392881,15983
5224722,52,Active,23,4,2013-10-31 15:50:05.398599,15983
5224723,53,Active,1,32,2013-10-31 15:50:05.403888,15983
5224724,54,Active,12,35,2013-10-31 15:50:05.409051,15983
5224725,55,Active,0,31,2013-10-31 15:50:05.414251,15983
5224726,56,Active,35,4,2013-10-31 15:50:05.443064,15983
5224727,57,Active,0,23,2013-10-31 15:50:05.448591,15983
5224728,58,Active,35,4,2013-10-31 15:50:05.454881,15983
5224729,59,Active,33,2,2013-10-31 15:50:05.461116,15983
5224730,60,Active,4,23,2013-10-31 15:50:05.467871,15983
5224731,61,Active,2,22,2013-10-31 15:50:05.477973,15983
5224732,62,Active,22,9,2013-10-31 15:50:05.484834,15983
5224733,63,Active,23,4,2013-10-31 15:50:05.491642,15983
5224734,64,Active,1,34,2013-10-31 15:50:05.498176,15983
5224735,65,Active,0,24,2013-10-31 15:50:05.503638,15983
5224736,66,Active,1,56,2013-10-31 15:50:05.509088,15983
5224737,67,Active,26,1,2013-10-31 15:50:05.514522,15983
5224738,68,Active,0,23,2013-10-31 15:50:05.520551,15983
5224739,69,Active,1,38,2013-10-31 15:50:05.526465,15983
5224740,70,Active,1,30,2013-10-31 15:50:05.532827,15983
5224741,71,Active,1,18,2013-10-31 15:50:05.538973,15983
5224742,72,Active,6,19,2013-10-31 15:50:05.545261,15983
5224743,73,Active,1,18,2013-10-31 15:50:05.551953,15983
5224744,74,Active,6,13,2013-10-31 15:50:05.558212,15983
5224745,75,Active,4,27,2013-10-31 15:50:05.565099,15983
5224746,76,Active,48,11,2013-10-31 15:50:05.57091,15983
5224747,77,Active,4,23,2013-10-31 15:50:05.577121,15983
5224748,78,Active,7,36,2013-10-31 15:50:05.58295,15983
5224749,79,Active,30,14,2013-10-31 15:50:05.589331,15983
5224750,80,Active,1,18,2013-10-31 15:50:05.595102,15983
5224751,81,Active,1,28,2013-10-31 15:50:05.604649,15983
5224752,82,Active,0,20,2013-10-31 15:50:05.610843,15983
5224753,83,Active,33,19,2013-10-31 15:50:05.621836,15983
5224754,84,Active,28,3,2013-10-31 15:50:05.630213,15983
5224755,85,Active,8,16,2013-10-31 15:50:05.637512,15983
5224756,86,Active,26,9,2013-10-31 15:50:05.646917,15983
5224757,87,Active,4,23,2013-10-31 15:50:05.654935,15983
5224758,88,Active,0,35,2013-10-31 15:50:05.66395,15983
5224759,89,Active,17,38,2013-10-31 15:50:05.671687,15983
5224760,90,Active,0,37,2013-10-31 15:50:05.677802,15983
5224761,91,Active,0,23,2013-10-31 15:50:05.684281,15983
5224762,92,Active,27,4,2013-10-31 15:50:05.692473,15983
5224763,93,Active,35,1,2013-10-31 15:50:05.698149,15983
5224764,94,Active,28,5,2013-10-31 15:50:05.703196,15983
5224765,95,Active,34,3,2013-10-31 15:50:05.708775,15983
5224766,96,Active,0,31,2013-10-31 15:50:05.71739,15983
5224767,97,Active,12,15,2013-10-31 15:50:05.722992,15983
5224768,98,Active,37,4,2013-10-31 15:50:05.72958,15983
5224769,99,Active,15,20,2013-10-31 15:50:05.737699,15983
5224770,100,Active,5,25,2013-10-31 15:50:05.745041,15983
5224771,101,Active,3,28,2013-10-31 15:50:05.750583,15983
5224772,102,Active,13,10,2013-10-31 15:50:05.755998,15983
5224773,103,Active,0,39,2013-10-31 15:50:05.761422,15983
5224774,104,Active,27,2,2013-10-31 15:50:05.766702,15983
5224775,105,Active,13,30,2013-10-31 15:50:05.779868,15983
5224776,106,Active,1,26,2013-10-31 15:50:05.785564,15983
5224777,107,Active,17,14,2013-10-31 15:50:05.791234,15983
5224778,108,Active,9,26,2013-10-31 15:50:05.797064,15983
5224779,109,Active,18,21,2013-10-31 15:50:05.803137,15983
5224780,110,Active,8,19,2013-10-31 15:50:05.809128,15983
5224781,111,Active,0,31,2013-10-31 15:50:05.814927,15983
5224782,112,Active,4,35,2013-10-31 15:50:05.84673,15983
5224783,113,Active,51,0,2013-10-31 15:50:05.854373,15983
5224784,114,Active,9,26,2013-10-31 15:50:05.860936,15983
5224785,115,Active,0,27,2013-10-31 15:50:05.86686,15983
5224786,116,Active,37,2,2013-10-31 15:50:05.876562,15983
5224787,117,Active,21,2,2013-10-31 15:50:05.883985,15983
5224788,118,Active,25,6,2013-10-31 15:50:05.890317,15983
5224789,119,Active,19,20,2013-10-31 15:50:05.89593,15983
5224790,120,Active,10,17,2013-10-31 15:50:05.903237,15983
5224791,121,Active,1,23,2013-10-31 15:50:05.910005,15983
5224792,122,Active,12,19,2013-10-31 15:50:05.915731,15983
5224793,123,Active,24,3,2013-10-31 15:50:05.925672,15983
5224794,124,Active,0,36,2013-10-31 15:50:05.933392,15983
5224795,125,Active,29,8,2013-10-31 15:50:05.940709,15983
5224796,126,Active,0,24,2013-10-31 15:50:05.947026,15983
5224797,127,Active,4,23,2013-10-31 15:50:05.953443,15983
5224798,128,Active,12,7,2013-10-31 15:50:05.959432,15983
5224799,129,Active,0,29,2013-10-31 15:50:05.965741,15983
5224800,130,Active,8,15,2013-10-31 15:50:05.971981,15983
5224801,131,Active,8,15,2013-10-31 15:50:05.977406,15983
5224802,132,Active,0,35,2013-10-31 15:50:05.982897,15983
5224803,133,Active,0,27,2013-10-31 15:50:05.988732,15983
5224804,134,Active,34,1,2013-10-31 15:50:05.99441,15983
5224805,135,Active,41,1,2013-10-31 15:50:06.003351,15983
5224806,136,Active,2,21,2013-10-31 15:50:06.015578,15983
5224807,137,Active,0,28,2013-10-31 15:50:06.023227,15983
5224808,138,Active,36,3,2013-10-31 15:50:06.033744,15983
5224809,139,Active,32,4,2013-10-31 15:50:06.04586,15983
5224810,140,Active,1,26,2013-10-31 15:50:06.055585,15983
5224811,141,Active,2,29,2013-10-31 15:50:06.071416,15983
5224812,142,Active,1,42,2013-10-31 15:50:06.083577,15983
5224813,143,Active,1,22,2013-10-31 15:50:06.090479,15983
5224814,144,Active,0,27,2013-10-31 15:50:06.096895,15983
5224815,145,Active,4,32,2013-10-31 15:50:06.103897,15983
5224816,146,Active,38,17,2013-10-31 15:50:06.11212,15983
5224817,147,Active,16,23,2013-10-31 15:50:06.118118,15983
5224818,148,Active,2,41,2013-10-31 15:50:06.123798,15983
5224819,149,Active,2,55,2013-10-31 15:50:06.130648,15983
5224820,150,Active,1,47,2013-10-31 15:50:06.137485,15983
5224821,151,Active,1,26,2013-10-31 15:50:06.144129,15983
5224822,152,Active,1,30,2013-10-31 15:50:06.150685,15983
5224823,153,Active,0,33,2013-10-31 15:50:06.15711,15983
5224824,154,Active,14,20,2013-10-31 15:50:06.163884,15983
5224825,155,Active,7,32,2013-10-31 15:50:06.170185,15983
5224826,156,Active,0,35,2013-10-31 15:50:06.176495,15983
5224827,157,Active,8,19,2013-10-31 15:50:06.18255,15983
5224828,158,Active,3,16,2013-10-31 15:50:06.189028,15983
5224829,159,Active,26,4,2013-10-31 15:50:06.195531,15983
5224830,160,Active,17,26,2013-10-31 15:50:06.201443,15983
5224831,161,Active,43,4,2013-10-31 15:50:06.207779,15983
5224832,162,Inactive,0,59,2013-10-31 15:50:06.213008,15983
5224833,163,Active,1,38,2013-10-31 15:50:06.219011,15983
5224834,164,Active,31,5,2013-10-31 15:50:06.225662,15983
5224835,165,Active,4,35,2013-10-31 15:50:06.231844,15983
5224836,166,Active,5,26,2013-10-31 15:50:06.238806,15983
5224837,167,Active,6,23,2013-10-31 15:50:06.245549,15983
5224838,168,Active,27,16,2013-10-31 15:50:06.275189,15983
5224839,169,Active,14,25,2013-10-31 15:50:06.282431,15983
5224840,170,Active,30,5,2013-10-31 15:50:06.289258,15983
5224841,171,Active,6,21,2013-10-31 15:50:06.298037,15983
5224842,172,Active,6,25,2013-10-31 15:50:06.303533,15983
5224843,173,Active,0,31,2013-10-31 15:50:06.312337,15983
5224844,174,Active,10,22,2013-10-31 15:50:06.318247,15983
5224845,175,Active,1,30,2013-10-31 15:50:06.323913,15983
5224846,176,Active,1,35,2013-10-31 15:50:06.329722,15983
5224847,177,Active,0,30,2013-10-31 15:50:06.336329,15983
5224848,178,Inactive,0,25,2013-10-31 15:50:06.343146,15983
5224849,179,Active,2,25,2013-10-31 15:50:06.349215,15983
5224850,180,Active,0,31,2013-10-31 15:50:06.355257,15983
5224851,181,Active,0,27,2013-10-31 15:50:06.36157,15983
5224852,182,Active,0,15,2013-10-31 15:50:06.367126,15983
5224853,183,Active,14,27,2013-10-31 15:50:06.377038,15983
5224854,184,Active,38,4,2013-10-31 15:50:06.38406,15983
5224855,185,Active,0,31,2013-10-31 15:50:06.391323,15983
5224856,186,Active,27,12,2013-10-31 15:50:06.400085,15983
5224857,187,Active,9,31,2013-10-31 15:50:06.410326,15983
5224858,188,Active,5,29,2013-10-31 15:50:06.418984,15983
5224859,189,Active,0,43,2013-10-31 15:50:06.42706,15983
5224860,190,Active,0,23,2013-10-31 15:50:06.432795,15983
5224861,191,Active,3,16,2013-10-31 15:50:06.438979,15983
5224862,192,Active,1,34,2013-10-31 15:50:06.445851,15983
5224863,193,Active,0,23,2013-10-31 15:50:06.451449,15983
5224864,194,Active,21,8,2013-10-31 15:50:06.45743,15983
5224865,195,Active,21,3,2013-10-31 15:50:06.462794,15983
5224866,196,Active,41,1,2013-10-31 15:50:06.46808,15983
5224867,197,Active,0,31,2013-10-31 15:50:06.47336,15983
5224868,198,Active,0,47,2013-10-31 15:50:06.478648,15983
5224869,199,Active,14,9,2013-10-31 15:50:06.483726,15983
5224870,200,Active,0,23,2013-10-31 15:50:06.488998,15983
5224871,201,Active,2,21,2013-10-31 15:50:06.494139,15983
5224872,202,Active,3,16,2013-10-31 15:50:06.499422,15983
5224873,203,Active,7,43,2013-10-31 15:50:06.504655,15983
5224874,204,Active,0,39,2013-10-31 15:50:06.509878,15983
5224875,205,Active,25,6,2013-10-31 15:50:06.515145,15983
5224876,206,Active,40,19,2013-10-31 15:50:06.523624,15983
5224877,207,Active,5,26,2013-10-31 15:50:06.529805,15983
5224878,208,Active,23,4,2013-10-31 15:50:06.535914,15983
5224879,209,Active,4,26,2013-10-31 15:50:06.543025,15983
5224880,210,Active,0,31,2013-10-31 15:50:06.548411,15983
5224881,211,Active,0,39,2013-10-31 15:50:06.555322,15983
5224882,212,Active,16,11,2013-10-31 15:50:06.561389,15983
5224883,213,Active,41,6,2013-10-31 15:50:06.568654,15983
5224884,214,Active,1,26,2013-10-31 15:50:06.575267,15983
5224885,215,Active,4,23,2013-10-31 15:50:06.584819,15983
5224886,216,Active,0,27,2013-10-31 15:50:06.594252,15983
5224887,217,Active,0,39,2013-10-31 15:50:06.599631,15983
5224888,218,Active,28,4,2013-10-31 15:50:06.605979,15983
5224889,219,Active,0,35,2013-10-31 15:50:06.611812,15983
5224890,220,Active,19,32,2013-10-31 15:50:06.619356,15983
5224891,221,Active,7,16,2013-10-31 15:50:06.625454,15983
5224892,222,Active,49,3,2013-10-31 15:50:06.632435,15983
5224893,223,Active,1,35,2013-10-31 15:50:06.638023,15983
5224894,224,Active,7,32,2013-10-31 15:50:06.668559,15983
5224895,225,Active,2,29,2013-10-31 15:50:06.674952,15983
5224896,226,Active,17,14,2013-10-31 15:50:06.680868,15983
5224897,227,Active,0,31,2013-10-31 15:50:06.688283,15983
5224898,228,Active,1,58,2013-10-31 15:50:06.694822,15983
5224899,229,Active,1,38,2013-10-31 15:50:06.707133,15983
5224900,230,Active,2,33,2013-10-31 15:50:06.714048,15983
5224901,231,Active,13,26,2013-10-31 15:50:06.719439,15983
5224902,232,Active,34,1,2013-10-31 15:50:06.725676,15983
5224903,233,Active,17,42,2013-10-31 15:50:06.73469,15983
5224904,234,Active,8,23,2013-10-31 15:50:06.743632,15983
5224905,235,Active,16,5,2013-10-31 15:50:06.749433,15983
5224906,236,Active,10,13,2013-10-31 15:50:06.754924,15983
5224907,237,Inactive,0,39,2013-10-31 15:50:06.763989,15983
5224908,238,Active,10,37,2013-10-31 15:50:06.771989,15983
5224909,239,Active,19,6,2013-10-31 15:50:06.779481,15983
5224910,240,Active,16,43,2013-10-31 15:50:06.785238,15983
5224911,241,Active,10,29,2013-10-31 15:50:06.791489,15983
5224912,242,Active,26,9,2013-10-31 15:50:06.798219,15983
5224913,243,Active,11,23,2013-10-31 15:50:06.805193,15983
5224914,244,Active,0,59,2013-10-31 15:50:06.811352,15983
5224915,245,Active,1,56,2013-10-31 15:50:06.818245,15983
5224916,246,Active,3,34,2013-10-31 15:50:06.823915,15983
5224917,247,Active,17,10,2013-10-31 15:50:06.82983,15983
5224918,248,Active,11,30,2013-10-31 15:50:06.835893,15983
5224919,249,Active,0,42,2013-10-31 15:50:06.841769,15983
5224920,250,Active,29,18,2013-10-31 15:50:06.84767,15983
5224921,251,Active,15,22,2013-10-31 15:50:06.857094,15983
5224922,252,Inactive,0,44,2013-10-31 15:50:06.86552,15983
5224923,253,Active,2,57,2013-10-31 15:50:06.871115,15983
5224924,254,Active,3,21,2013-10-31 15:50:06.877351,15983
5224925,255,Active,1,30,2013-10-31 15:50:06.883089,15983
5224926,256,Active,3,24,2013-10-31 15:50:06.889168,15983
5224927,257,Active,15,10,2013-10-31 15:50:06.894756,15983
5224928,258,Active,5,34,2013-10-31 15:50:06.901381,15983
5224929,259,Active,3,32,2013-10-31 15:50:06.906397,15983
5224930,260,Active,39,5,2013-10-31 15:50:06.913003,15983
5224931,261,Active,15,24,2013-10-31 15:50:06.920292,15983
5224932,262,Active,6,33,2013-10-31 15:50:06.92738,15983
5224933,263,Active,0,36,2013-10-31 15:50:06.934348,15983
